e+
Z
Z
Z
 0.000E+00  0.000E+00  0.000E+00  4.357E-05  2.311E-04  1.080E-03  2.050E-03  3.341E-03  6.221E-03  9.095E-03  1.099E-02  1.567E-02  1.988E-02  2.691E-02  3.150E-02  3.967E-02  4.654E-02  5.366E-02  6.536E-02  7.320E-02  8.356E-02  9.688E-02  1.091E-01  1.223E-01  1.370E-01  1.483E-01  1.632E-01  1.778E-01  1.943E-01  2.071E-01  2.203E-01  2.326E-01  2.476E-01  2.605E-01  2.730E-01  2.916E-01  3.047E-01  3.134E-01  3.253E-01  3.299E-01  3.381E-01  3.437E-01  3.495E-01  3.596E-01  3.603E-01  3.643E-01  3.685E-01  3.724E-01  3.722E-01  3.762E-01  3.757E-01  3.773E-01  3.734E-01  3.707E-01  3.726E-01  3.678E-01  3.665E-01  3.619E-01  3.561E-01  3.527E-01  3.458E-01  3.376E-01  3.288E-01  3.234E-01  3.170E-01  3.085E-01  3.033E-01  2.922E-01  2.842E-01  2.739E-01  2.628E-01  2.556E-01  2.428E-01  2.307E-01  2.215E-01  2.113E-01  2.021E-01  1.929E-01  1.837E-01  1.737E-01  1.634E-01  1.527E-01  1.455E-01  1.347E-01  1.243E-01  1.207E-01  1.073E-01  1.031E-01  9.555E-02  8.605E-02  8.033E-02  7.244E-02  6.771E-02  6.260E-02  5.657E-02  5.188E-02  4.738E-02  4.331E-02  3.792E-02  3.477E-02  3.064E-02  2.685E-02  2.433E-02  2.102E-02  1.992E-02  1.642E-02  1.378E-02  1.282E-02  1.105E-02  9.896E-03  8.072E-03  7.175E-03  6.101E-03  5.014E-03  4.125E-03  3.762E-03  3.142E-03  2.908E-03  2.274E-03  2.011E-03  1.512E-03  1.484E-03  1.431E-03  1.065E-03  8.597E-04  7.370E-04  6.019E-04  4.802E-04  4.422E-04  3.298E-04  4.077E-04  2.572E-04  3.543E-04  2.332E-04  2.602E-04  1.125E-04  1.259E-04  8.370E-05  1.666E-04  6.223E-05  8.226E-05  6.163E-05  7.545E-05  4.046E-05  6.168E-05  4.816E-05  7.413E-05  1.312E-05  1.379E-05  6.026E-05  4.014E-05  1.334E-05  3.301E-05  2.003E-05  1.934E-05  6.426E-06  1.284E-05  6.278E-06  6.516E-06  1.257E-05  0.000E+00  Z
 0.000E+00  0.000E+00  5.181E-05  1.306E-04  6.546E-04  1.289E-03  2.276E-03  3.520E-03  6.170E-03  8.037E-03  1.122E-02  1.523E-02  2.050E-02  2.491E-02  3.120E-02  3.846E-02  4.263E-02  5.211E-02  6.184E-02  7.122E-02  8.089E-02  9.168E-02  1.025E-01  1.176E-01  1.299E-01  1.444E-01  1.589E-01  1.707E-01  1.860E-01  2.026E-01  2.166E-01  2.286E-01  2.450E-01  2.621E-01  2.663E-01  2.815E-01  2.955E-01  3.047E-01  3.194E-01  3.239E-01  3.345E-01  3.460E-01  3.543E-01  3.584E-01  3.701E-01  3.734E-01  3.752E-01  3.809E-01  3.842E-01  3.823E-01  3.855E-01  3.860E-01  3.846E-01  3.816E-01  3.803E-01  3.768E-01  3.713E-01  3.652E-01  3.621E-01  3.524E-01  3.470E-01  3.397E-01  3.325E-01  3.257E-01  3.182E-01  3.076E-01  3.011E-01  2.912E-01  2.825E-01  2.762E-01  2.644E-01  2.525E-01  2.423E-01  2.359E-01  2.242E-01  2.149E-01  2.066E-01  1.944E-01  1.854E-01  1.753E-01  1.687E-01  1.622E-01  1.502E-01  1.424E-01  1.344E-01  1.281E-01  1.190E-01  1.138E-01  1.037E-01  9.908E-02  9.209E-02  8.619E-02  7.983E-02  7.283E-02  6.831E-02  6.306E-02  5.878E-02  5.275E-02  4.809E-02  4.473E-02  4.013E-02  3.691E-02  3.307E-02  3.009E-02  2.783E-02  2.485E-02  2.253E-02  1.900E-02  1.638E-02  1.474E-02  1.327E-02  1.144E-02  9.796E-03  8.700E-03  7.614E-03  6.205E-03  5.312E-03  4.685E-03  3.729E-03  3.308E-03  2.893E-03  2.436E-03  2.085E-03  1.805E-03  1.537E-03  1.332E-03  1.224E-03  9.278E-04  7.725E-04  6.958E-04  5.032E-04  5.502E-04  3.922E-04  3.469E-04  3.104E-04  2.388E-04  3.264E-04  2.233E-04  1.881E-04  2.166E-04  2.134E-04  7.554E-05  1.369E-04  1.304E-04  8.193E-05  9.533E-05  4.693E-05  7.494E-05  1.362E-05  5.999E-05  2.689E-05  3.348E-05  3.263E-05  1.986E-05  0.000E+00  Z
 0.000E+00  6.701E-05  0.000E+00  2.621E-04  7.315E-04  1.464E-03  1.635E-03  3.400E-03  4.209E-03  7.052E-03  9.737E-03  1.215E-02  1.468E-02  1.817E-02  2.453E-02  2.951E-02  3.414E-02  4.151E-02  5.056E-02  5.769E-02  6.744E-02  7.634E-02  8.670E-02  9.953E-02  1.136E-01  1.209E-01  1.345E-01  1.492E-01  1.630E-01  1.761E-01  1.934E-01  2.048E-01  2.160E-01  2.294E-01  2.402E-01  2.528E-01  2.653E-01  2.800E-01  2.869E-01  2.973E-01  3.071E-01  3.171E-01  3.239E-01  3.386E-01  3.416E-01  3.500E-01  3.567E-01  3.631E-01  3.661E-01  3.756E-01  3.787E-01  3.810E-01  3.829E-01  3.828E-01  3.869E-01  3.915E-01  3.925E-01  3.918E-01  3.910E-01  3.881E-01  3.871E-01  3.828E-01  3.820E-01  3.757E-01  3.752E-01  3.689E-01  3.632E-01  3.577E-01  3.481E-01  3.420E-01  3.325E-01  3.273E-01  3.204E-01  3.095E-01  2.997E-01  2.908E-01  2.828E-01  2.704E-01  2.589E-01  2.505E-01  2.416E-01  2.308E-01  2.192E-01  2.073E-01  2.010E-01  1.921E-01  1.809E-01  1.703E-01  1.640E-01  1.524E-01  1.472E-01  1.377E-01  1.264E-01  1.178E-01  1.127E-01  1.069E-01  9.823E-02  9.029E-02  8.315E-02  7.790E-02  7.160E-02  6.484E-02  6.045E-02  5.661E-02  5.093E-02  4.620E-02  4.106E-02  3.789E-02  3.431E-02  3.143E-02  2.795E-02  2.510E-02  2.270E-02  2.017E-02  1.851E-02  1.675E-02  1.477E-02  1.296E-02  1.173E-02  1.037E-02  8.732E-03  7.543E-03  6.367E-03  5.694E-03  5.055E-03  3.905E-03  3.430E-03  3.181E-03  2.792E-03  2.477E-03  1.901E-03  1.536E-03  1.404E-03  1.322E-03  1.165E-03  9.766E-04  8.051E-04  5.574E-04  4.909E-04  4.091E-04  4.199E-04  4.174E-04  2.937E-04  2.324E-04  1.777E-04  1.430E-04  1.423E-04  1.606E-04  1.012E-04  1.219E-04  6.673E-05  9.407E-05  6.638E-05  5.347E-05  8.568E-05  3.322E-05  6.513E-05  1.904E-05  1.943E-05  3.876E-05  1.285E-05  1.257E-05  1.930E-05  1.880E-05  1.895E-05  0.000E+00  Z
 0.000E+00  6.696E-05  5.161E-05  4.369E-05  1.922E-04  2.439E-04  4.483E-04  6.565E-04  9.806E-04  1.405E-03  2.243E-03  3.492E-03  4.368E-03  5.893E-03  6.653E-03  9.693E-03  1.169E-02  1.433E-02  1.818E-02  2.152E-02  2.637E-02  2.959E-02  3.570E-02  4.244E-02  4.913E-02  5.423E-02  6.101E-02  7.090E-02  7.868E-02  8.679E-02  9.845E-02  1.075E-01  1.179E-01  1.288E-01  1.436E-01  1.543E-01  1.681E-01  1.798E-01  1.966E-01  2.084E-01  2.210E-01  2.385E-01  2.495E-01  2.680E-01  2.833E-01  2.943E-01  3.115E-01  3.274E-01  3.369E-01  3.540E-01  3.704E-01  3.862E-01  3.950E-01  4.125E-01  4.242E-01  4.381E-01  4.437E-01  4.564E-01  4.618E-01  4.726E-01  4.827E-01  4.888E-01  4.956E-01  4.997E-01  5.048E-01  5.055E-01  5.114E-01  5.122E-01  5.076E-01  5.056E-01  5.044E-01  4.986E-01  4.914E-01  4.869E-01  4.817E-01  4.683E-01  4.633E-01  4.540E-01  4.430E-01  4.350E-01  4.188E-01  4.034E-01  3.901E-01  3.809E-01  3.680E-01  3.508E-01  3.365E-01  3.247E-01  3.104E-01  2.960E-01  2.782E-01  2.692E-01  2.543E-01  2.392E-01  2.297E-01  2.162E-01  2.039E-01  1.918E-01  1.784E-01  1.654E-01  1.571E-01  1.431E-01  1.325E-01  1.240E-01  1.146E-01  1.044E-01  9.694E-02  9.012E-02  8.072E-02  7.330E-02  6.765E-02  6.127E-02  5.605E-02  4.959E-02  4.441E-02  4.118E-02  3.691E-02  3.222E-02  2.892E-02  2.561E-02  2.257E-02  2.062E-02  1.763E-02  1.544E-02  1.309E-02  1.168E-02  9.701E-03  8.535E-03  7.564E-03  6.531E-03  5.857E-03  5.181E-03  4.246E-03  3.632E-03  3.055E-03  3.513E-03  4.107E-03  5.815E-03  7.450E-03  1.001E-02  1.239E-02  1.482E-02  1.689E-02  1.939E-02  2.218E-02  2.515E-02  2.713E-02  2.874E-02  3.054E-02  3.157E-02  3.311E-02  3.346E-02  3.367E-02  3.287E-02  3.358E-02  3.180E-02  3.218E-02  3.073E-02  3.039E-02  2.835E-02  2.717E-02  2.562E-02  2.369E-02  2.236E-02  2.084E-02  1.914E-02  1.808E-02  1.669E-02  1.478E-02  1.403E-02  1.314E-02  1.169E-02  1.025E-02  1.013E-02  8.705E-03  7.934E-03  7.153E-03  6.466E-03  5.903E-03  5.409E-03  4.815E-03  4.325E-03  3.568E-03  3.449E-03  3.104E-03  2.733E-03  2.303E-03  2.349E-03  1.879E-03  1.694E-03  1.328E-03  1.349E-03  1.105E-03  8.855E-04  8.589E-04  8.589E-04  6.266E-04  6.349E-04  4.707E-04  4.550E-04  3.460E-04  3.529E-04  4.658E-04  3.047E-04  1.788E-04  2.002E-04  2.217E-04  1.820E-04  1.082E-04  1.487E-04  1.292E-04  8.397E-05  1.126E-04  7.766E-05  8.430E-05  6.580E-05  4.444E-05  3.879E-05  3.905E-05  2.191E-05  4.396E-05  3.239E-05  4.931E-05  3.301E-05  1.654E-05  1.080E-05  5.311E-06  0.000E+00  Z
 0.000E+00  0.000E+00  0.000E+00  4.368E-05  0.000E+00  0.000E+00  3.222E-05  5.980E-05  2.810E-05  7.960E-05  1.770E-04  1.445E-04  1.628E-04  6.239E-04  8.157E-04  1.514E-03  1.528E-03  2.457E-03  3.341E-03  4.084E-03  5.949E-03  7.592E-03  9.246E-03  1.165E-02  1.423E-02  1.788E-02  2.103E-02  2.493E-02  3.035E-02  3.501E-02  4.280E-02  4.741E-02  5.710E-02  6.362E-02  7.306E-02  8.284E-02  9.173E-02  1.034E-01  1.166E-01  1.302E-01  1.456E-01  1.597E-01  1.729E-01  1.928E-01  2.094E-01  2.277E-01  2.493E-01  2.673E-01  2.899E-01  3.073E-01  3.286E-01  3.539E-01  3.754E-01  3.937E-01  4.171E-01  4.395E-01  4.602E-01  4.900E-01  5.013E-01  5.259E-01  5.474E-01  5.591E-01  5.784E-01  5.984E-01  6.193E-01  6.321E-01  6.392E-01  6.469E-01  6.601E-01  6.685E-01  6.761E-01  6.823E-01  6.901E-01  6.864E-01  6.863E-01  6.881E-01  6.835E-01  6.788E-01  6.748E-01  6.672E-01  6.552E-01  6.389E-01  6.340E-01  6.243E-01  6.012E-01  5.908E-01  5.690E-01  5.514E-01  5.392E-01  5.207E-01  5.007E-01  4.843E-01  4.612E-01  4.426E-01  4.198E-01  3.997E-01  3.781E-01  3.632E-01  3.381E-01  3.229E-01  3.027E-01  2.852E-01  2.676E-01  2.487E-01  2.344E-01  2.168E-01  2.026E-01  1.867E-01  1.764E-01  1.626E-01  1.474E-01  1.361E-01  1.230E-01  1.134E-01  1.025E-01  9.201E-02  8.468E-02  7.679E-02  6.945E-02  6.171E-02  5.454E-02  4.837E-02  4.375E-02  3.848E-02  3.324E-02  2.959E-02  2.556E-02  2.283E-02  1.964E-02  1.733E-02  1.613E-02  1.320E-02  1.118E-02  1.024E-02  8.628E-03  7.197E-03  6.311E-03  6.464E-03  6.782E-03  7.243E-03  7.548E-03  9.079E-03  1.093E-02  1.279E-02  1.618E-02  1.865E-02  2.156E-02  2.448E-02  2.708E-02  2.988E-02  3.238E-02  3.536E-02  3.741E-02  3.969E-02  4.117E-02  4.245E-02  4.258E-02  4.423E-02  4.268E-02  4.252E-02  4.137E-02  3.979E-02  3.880E-02  3.801E-02  3.583E-02  3.469E-02  3.188E-02  2.965E-02  2.785E-02  2.547E-02  2.406E-02  2.157E-02  2.029E-02  1.822E-02  1.641E-02  1.523E-02  1.417E-02  1.270E-02  1.134E-02  9.745E-03  9.195E-03  8.214E-03  7.661E-03  6.514E-03  6.025E-03  5.535E-03  4.810E-03  4.244E-03  4.000E-03  3.340E-03  2.882E-03  2.719E-03  2.373E-03  1.987E-03  1.869E-03  1.529E-03  1.488E-03  1.211E-03  1.010E-03  8.756E-04  8.903E-04  6.820E-04  6.795E-04  6.533E-04  5.660E-04  4.976E-04  4.039E-04  2.941E-04  2.990E-04  2.162E-04  2.488E-04  2.198E-04  2.135E-04  1.455E-04  1.280E-04  1.171E-04  1.051E-04  8.312E-05  9.447E-05  8.820E-05  6.529E-05  2.761E-05  4.431E-05  7.133E-05  4.907E-05  4.388E-05  3.278E-05  2.228E-05  1.640E-05  1.650E-05  0.000E+00  Z
 0.000E+00  0.000E+00  0.000E+00  0.000E+00  0.000E+00  0.000E+00  0.000E+00  2.975E-05  2.787E-05  1.325E-04  2.505E-05  1.688E-04  3.468E-04  4.667E-04  7.075E-04  1.058E-03  1.668E-03  1.858E-03  2.850E-03  3.680E-03  5.395E-03  5.847E-03  7.110E-03  8.886E-03  1.168E-02  1.354E-02  1.742E-02  2.032E-02  2.633E-02  2.889E-02  3.494E-02  3.964E-02  4.691E-02  5.300E-02  6.127E-02  6.934E-02  7.929E-02  9.003E-02  9.981E-02  1.111E-01  1.273E-01  1.413E-01  1.553E-01  1.716E-01  1.896E-01  2.053E-01  2.268E-01  2.444E-01  2.649E-01  2.892E-01  3.096E-01  3.337E-01  3.494E-01  3.747E-01  4.033E-01  4.227E-01  4.519E-01  4.753E-01  4.963E-01  5.210E-01  5.406E-01  5.649E-01  5.899E-01  6.070E-01  6.283E-01  6.423E-01  6.598E-01  6.742E-01  6.873E-01  7.017E-01  7.107E-01  7.193E-01  7.257E-01  7.336E-01  7.364E-01  7.382E-01  7.346E-01  7.340E-01  7.308E-01  7.257E-01  7.177E-01  7.113E-01  6.964E-01  6.851E-01  6.765E-01  6.621E-01  6.445E-01  6.294E-01  6.063E-01  5.966E-01  5.714E-01  5.484E-01  5.300E-01  5.072E-01  4.885E-01  4.651E-01  4.451E-01  4.242E-01  4.029E-01  3.818E-01  3.610E-01  3.406E-01  3.206E-01  3.025E-01  2.788E-01  2.653E-01  2.465E-01  2.296E-01  2.137E-01  1.947E-01  1.816E-01  1.672E-01  1.512E-01  1.386E-01  1.291E-01  1.163E-01  1.059E-01  9.526E-02  8.615E-02  7.768E-02  6.975E-02  6.239E-02  5.513E-02  4.885E-02  4.438E-02  3.881E-02  3.430E-02  2.949E-02  2.665E-02  2.412E-02  2.028E-02  1.730E-02  1.499E-02  1.325E-02  1.110E-02  9.882E-03  9.000E-03  8.283E-03  8.086E-03  8.081E-03  9.221E-03  1.016E-02  1.153E-02  1.382E-02  1.568E-02  1.946E-02  2.102E-02  2.334E-02  2.733E-02  3.000E-02  3.381E-02  3.607E-02  3.863E-02  4.153E-02  4.382E-02  4.449E-02  4.666E-02  4.694E-02  4.682E-02  4.712E-02  4.658E-02  4.564E-02  4.379E-02  4.211E-02  4.009E-02  3.954E-02  3.794E-02  3.520E-02  3.200E-02  3.084E-02  2.854E-02  2.631E-02  2.437E-02  2.177E-02  2.056E-02  1.858E-02  1.688E-02  1.516E-02  1.402E-02  1.257E-02  1.067E-02  9.813E-03  9.088E-03  8.097E-03  7.253E-03  6.518E-03  6.162E-03  5.575E-03  4.647E-03  4.098E-03  3.731E-03  3.258E-03  3.090E-03  2.424E-03  2.218E-03  2.223E-03  1.801E-03  1.708E-03  1.302E-03  1.264E-03  1.158E-03  9.696E-04  8.520E-04  7.967E-04  6.637E-04  5.185E-04  4.822E-04  4.950E-04  3.866E-04  2.718E-04  2.941E-04  2.696E-04  2.576E-04  2.206E-04  1.903E-04  1.617E-04  1.006E-04  3.842E-05  1.107E-04  7.719E-05  6.063E-05  6.510E-05  6.564E-05  3.835E-05  6.012E-05  2.181E-05  1.612E-05  3.756E-05  5.421E-05  1.088E-05  2.116E-05  5.169E-06  1.603E-05  0.000E+00  Z
 0.000E+00  0.000E+00  0.000E+00  0.000E+00  0.000E+00  0.000E+00  0.000E+00  3.005E-05  0.000E+00  2.640E-05  7.567E-05  4.791E-05  4.621E-05  2.203E-05  1.068E-04  2.078E-04  2.406E-04  4.676E-04  4.738E-04  7.586E-04  1.227E-03  1.322E-03  1.943E-03  2.762E-03  2.921E-03  4.338E-03  4.851E-03  6.605E-03  8.033E-03  9.702E-03  1.118E-02  1.361E-02  1.571E-02  2.016E-02  2.316E-02  2.709E-02  3.274E-02  3.639E-02  4.095E-02  4.911E-02  5.819E-02  6.505E-02  7.238E-02  8.149E-02  9.229E-02  1.044E-01  1.172E-01  1.304E-01  1.452E-01  1.606E-01  1.759E-01  1.965E-01  2.163E-01  2.354E-01  2.576E-01  2.794E-01  3.067E-01  3.291E-01  3.584E-01  3.838E-01  4.149E-01  4.455E-01  4.778E-01  5.056E-01  5.404E-01  5.761E-01  6.098E-01  6.474E-01  6.819E-01  7.215E-01  7.603E-01  7.915E-01  8.298E-01  8.668E-01  8.933E-01  9.347E-01  9.679E-01  9.952E-01  1.026E+00  1.062E+00  1.088E+00  1.106E+00  1.127E+00  1.150E+00  1.166E+00  1.183E+00  1.184E+00  1.197E+00  1.202E+00  1.203E+00  1.206E+00  1.202E+00  1.194E+00  1.183E+00  1.173E+00  1.149E+00  1.134E+00  1.118E+00  1.099E+00  1.068E+00  1.036E+00  1.012E+00  9.817E-01  9.543E-01  9.237E-01  8.822E-01  8.519E-01  8.130E-01  7.813E-01  7.439E-01  7.084E-01  6.737E-01  6.332E-01  5.972E-01  5.695E-01  5.333E-01  4.993E-01  4.660E-01  4.374E-01  4.065E-01  3.752E-01  3.490E-01  3.229E-01  2.977E-01  2.724E-01  2.519E-01  2.281E-01  2.077E-01  1.897E-01  1.716E-01  1.561E-01  1.394E-01  1.244E-01  1.135E-01  1.005E-01  8.951E-02  8.142E-02  7.121E-02  6.368E-02  5.843E-02  5.219E-02  4.709E-02  4.409E-02  4.108E-02  3.904E-02  3.835E-02  3.724E-02  3.819E-02  3.887E-02  4.005E-02  4.232E-02  4.430E-02  4.770E-02  4.937E-02  5.192E-02  5.478E-02  5.756E-02  6.092E-02  6.528E-02  6.580E-02  7.006E-02  7.102E-02  7.335E-02  7.595E-02  7.754E-02  7.827E-02  7.697E-02  7.669E-02  7.770E-02  7.561E-02  7.396E-02  7.241E-02  6.912E-02  6.547E-02  6.263E-02  5.969E-02  5.686E-02  5.331E-02  4.965E-02  4.609E-02  4.258E-02  3.951E-02  3.606E-02  3.312E-02  2.970E-02  2.779E-02  2.471E-02  2.189E-02  2.009E-02  1.874E-02  1.621E-02  1.471E-02  1.337E-02  1.175E-02  1.045E-02  9.543E-03  8.354E-03  7.618E-03  6.837E-03  6.141E-03  5.242E-03  4.647E-03  4.162E-03  3.691E-03  3.130E-03  2.644E-03  2.415E-03  2.115E-03  1.842E-03  1.544E-03  1.556E-03  1.254E-03  1.233E-03  1.091E-03  8.792E-04  7.560E-04  7.700E-04  6.003E-04  5.208E-04  4.649E-04  4.307E-04  3.188E-04  2.299E-04  3.122E-04  2.134E-04  1.515E-04  2.065E-04  2.215E-04  1.401E-04  1.073E-04  8.086E-05  8.574E-05  6.893E-05  4.836E-05  5.322E-05  3.183E-05  5.357E-05  2.113E-05  3.757E-05  4.273E-05  5.460E-06  2.122E-05  2.108E-05  1.086E-05  5.420E-06  1.056E-05  0.000E+00  Z
 0.000E+00  0.000E+00  0.000E+00  0.000E+00  0.000E+00  0.000E+00  0.000E+00  0.000E+00  2.829E-05  0.000E+00  0.000E+00  2.390E-05  0.000E+00  6.666E-05  4.291E-05  1.877E-04  6.006E-05  1.759E-04  3.036E-04  3.879E-04  5.423E-04  1.111E-03  1.172E-03  1.364E-03  1.949E-03  2.603E-03  3.014E-03  3.690E-03  4.673E-03  6.045E-03  7.455E-03  8.708E-03  1.101E-02  1.316E-02  1.530E-02  1.878E-02  2.185E-02  2.617E-02  2.931E-02  3.569E-02  4.108E-02  4.702E-02  5.373E-02  5.919E-02  6.876E-02  7.695E-02  8.800E-02  1.000E-01  1.125E-01  1.222E-01  1.369E-01  1.528E-01  1.678E-01  1.852E-01  2.026E-01  2.259E-01  2.422E-01  2.669E-01  2.876E-01  3.134E-01  3.344E-01  3.656E-01  3.930E-01  4.238E-01  4.481E-01  4.863E-01  5.152E-01  5.550E-01  5.870E-01  6.269E-01  6.610E-01  7.004E-01  7.427E-01  7.838E-01  8.177E-01  8.651E-01  9.078E-01  9.461E-01  9.936E-01  1.035E+00  1.082E+00  1.132E+00  1.170E+00  1.210E+00  1.255E+00  1.290E+00  1.327E+00  1.372E+00  1.405E+00  1.437E+00  1.469E+00  1.496E+00  1.520E+00  1.538E+00  1.562E+00  1.578E+00  1.590E+00  1.595E+00  1.599E+00  1.600E+00  1.595E+00  1.591E+00  1.580E+00  1.559E+00  1.544E+00  1.520E+00  1.492E+00  1.470E+00  1.431E+00  1.401E+00  1.365E+00  1.320E+00  1.282E+00  1.237E+00  1.192E+00  1.141E+00  1.104E+00  1.053E+00  1.005E+00  9.586E-01  9.085E-01  8.625E-01  8.129E-01  7.689E-01  7.221E-01  6.806E-01  6.332E-01  5.969E-01  5.475E-01  5.122E-01  4.727E-01  4.382E-01  4.057E-01  3.678E-01  3.429E-01  3.073E-01  2.838E-01  2.592E-01  2.347E-01  2.167E-01  1.930E-01  1.769E-01  1.622E-01  1.471E-01  1.332E-01  1.225E-01  1.141E-01  1.071E-01  9.801E-02  9.449E-02  9.004E-02  8.625E-02  8.421E-02  8.375E-02  8.275E-02  8.259E-02  8.387E-02  8.464E-02  8.570E-02  8.731E-02  8.724E-02  9.151E-02  9.237E-02  9.515E-02  9.770E-02  9.981E-02  1.009E-01  1.014E-01  1.023E-01  1.017E-01  1.033E-01  1.059E-01  1.026E-01  1.036E-01  1.002E-01  1.001E-01  9.707E-02  9.344E-02  9.062E-02  8.679E-02  8.414E-02  7.822E-02  7.423E-02  6.971E-02  6.644E-02  6.171E-02  5.714E-02  5.307E-02  4.894E-02  4.493E-02  4.138E-02  3.726E-02  3.426E-02  3.109E-02  2.733E-02  2.524E-02  2.217E-02  1.974E-02  1.792E-02  1.622E-02  1.490E-02  1.297E-02  1.127E-02  1.015E-02  8.640E-03  8.255E-03  7.160E-03  6.317E-03  5.418E-03  4.846E-03  4.497E-03  3.652E-03  3.275E-03  2.713E-03  2.559E-03  2.279E-03  1.856E-03  1.752E-03  1.506E-03  1.389E-03  1.161E-03  9.747E-04  8.545E-04  7.778E-04  6.996E-04  6.339E-04  6.548E-04  4.171E-04  4.377E-04  3.550E-04  2.519E-04  2.963E-04  2.037E-04  1.871E-04  1.814E-04  1.736E-04  1.542E-04  1.214E-04  1.068E-04  1.328E-04  8.481E-05  5.844E-05  6.888E-05  4.191E-05  6.250E-05  3.620E-05  3.574E-05  1.544E-05  1.051E-04  Z
 0.000E+00  0.000E+00  0.000E+00  0.000E+00  0.000E+00  0.000E+00  0.000E+00  0.000E+00  0.000E+00  0.000E+00  2.537E-05  2.397E-05  2.328E-05  0.000E+00  4.278E-05  8.318E-05  8.009E-05  7.789E-05  1.333E-04  2.032E-04  4.520E-04  4.231E-04  8.283E-04  9.273E-04  1.154E-03  1.666E-03  2.365E-03  2.135E-03  3.720E-03  4.198E-03  4.898E-03  6.007E-03  7.207E-03  9.313E-03  1.140E-02  1.317E-02  1.533E-02  1.870E-02  2.268E-02  2.560E-02  3.110E-02  3.489E-02  4.005E-02  4.544E-02  5.265E-02  5.989E-02  6.851E-02  7.719E-02  8.612E-02  9.760E-02  1.085E-01  1.210E-01  1.342E-01  1.501E-01  1.665E-01  1.800E-01  1.968E-01  2.174E-01  2.391E-01  2.600E-01  2.798E-01  3.077E-01  3.302E-01  3.568E-01  3.840E-01  4.144E-01  4.419E-01  4.728E-01  5.060E-01  5.431E-01  5.793E-01  6.108E-01  6.500E-01  6.885E-01  7.278E-01  7.718E-01  8.075E-01  8.540E-01  8.986E-01  9.492E-01  9.911E-01  1.039E+00  1.087E+00  1.139E+00  1.186E+00  1.238E+00  1.289E+00  1.342E+00  1.392E+00  1.441E+00  1.503E+00  1.548E+00  1.603E+00  1.650E+00  1.698E+00  1.757E+00  1.795E+00  1.859E+00  1.898E+00  1.944E+00  1.985E+00  2.023E+00  2.057E+00  2.095E+00  2.125E+00  2.144E+00  2.169E+00  2.187E+00  2.212E+00  2.217E+00  2.215E+00  2.216E+00  2.206E+00  2.192E+00  2.173E+00  2.148E+00  2.123E+00  2.100E+00  2.059E+00  2.017E+00  1.964E+00  1.927E+00  1.875E+00  1.823E+00  1.767E+00  1.698E+00  1.634E+00  1.575E+00  1.506E+00  1.447E+00  1.377E+00  1.310E+00  1.246E+00  1.182E+00  1.113E+00  1.051E+00  9.890E-01  9.262E-01  8.642E-01  8.079E-01  7.546E-01  7.002E-01  6.535E-01  6.023E-01  5.599E-01  5.134E-01  4.728E-01  4.429E-01  4.038E-01  3.755E-01  3.446E-01  3.184E-01  2.981E-01  2.765E-01  2.574E-01  2.401E-01  2.254E-01  2.127E-01  1.992E-01  1.915E-01  1.840E-01  1.772E-01  1.704E-01  1.651E-01  1.635E-01  1.587E-01  1.587E-01  1.566E-01  1.546E-01  1.530E-01  1.521E-01  1.502E-01  1.510E-01  1.500E-01  1.519E-01  1.499E-01  1.486E-01  1.469E-01  1.477E-01  1.449E-01  1.423E-01  1.429E-01  1.398E-01  1.344E-01  1.321E-01  1.265E-01  1.245E-01  1.201E-01  1.132E-01  1.078E-01  1.024E-01  9.658E-02  9.055E-02  8.467E-02  8.014E-02  7.237E-02  6.745E-02  6.234E-02  5.715E-02  5.315E-02  4.858E-02  4.290E-02  3.946E-02  3.579E-02  3.145E-02  2.865E-02  2.527E-02  2.357E-02  2.099E-02  1.863E-02  1.622E-02  1.452E-02  1.279E-02  1.126E-02  1.021E-02  8.891E-03  8.339E-03  7.091E-03  6.233E-03  5.421E-03  4.998E-03  4.011E-03  3.679E-03  3.341E-03  2.871E-03  2.336E-03  2.128E-03  1.817E-03  1.628E-03  1.461E-03  1.305E-03  1.119E-03  9.365E-04  9.021E-04  6.961E-04  6.658E-04  5.310E-04  5.885E-04  4.242E-04  3.573E-04  3.108E-04  2.528E-04  2.107E-04  1.943E-04  1.791E-04  1.200E-04  2.289E-04  1.097E-04  5.113E-04  Z
 0.000E+00  0.000E+00  0.000E+00  0.000E+00  0.000E+00  0.000E+00  0.000E+00  0.000E+00  0.000E+00  0.000E+00  2.524E-05  0.000E+00  2.290E-05  0.000E+00  2.151E-05  4.154E-05  1.004E-04  9.745E-05  1.141E-04  1.487E-04  3.071E-04  4.052E-04  5.522E-04  9.955E-04  9.565E-04  1.244E-03  1.825E-03  2.182E-03  2.647E-03  3.355E-03  4.319E-03  5.141E-03  6.694E-03  7.719E-03  8.899E-03  1.068E-02  1.259E-02  1.605E-02  1.804E-02  2.051E-02  2.577E-02  2.876E-02  3.432E-02  4.049E-02  4.523E-02  5.139E-02  6.048E-02  6.947E-02  7.629E-02  8.498E-02  9.518E-02  1.063E-01  1.186E-01  1.312E-01  1.467E-01  1.596E-01  1.789E-01  1.951E-01  2.138E-01  2.323E-01  2.567E-01  2.771E-01  3.013E-01  3.212E-01  3.507E-01  3.794E-01  4.091E-01  4.367E-01  4.660E-01  4.963E-01  5.349E-01  5.683E-01  6.083E-01  6.401E-01  6.809E-01  7.218E-01  7.669E-01  8.075E-01  8.453E-01  8.975E-01  9.458E-01  9.833E-01  1.040E+00  1.086E+00  1.143E+00  1.191E+00  1.246E+00  1.305E+00  1.354E+00  1.412E+00  1.468E+00  1.526E+00  1.585E+00  1.643E+00  1.706E+00  1.769E+00  1.825E+00  1.885E+00  1.944E+00  2.004E+00  2.064E+00  2.120E+00  2.181E+00  2.233E+00  2.298E+00  2.344E+00  2.393E+00  2.446E+00  2.496E+00  2.545E+00  2.586E+00  2.627E+00  2.658E+00  2.685E+00  2.714E+00  2.739E+00  2.752E+00  2.760E+00  2.768E+00  2.759E+00  2.763E+00  2.743E+00  2.739E+00  2.713E+00  2.688E+00  2.644E+00  2.599E+00  2.548E+00  2.502E+00  2.442E+00  2.389E+00  2.318E+00  2.247E+00  2.174E+00  2.101E+00  2.016E+00  1.944E+00  1.861E+00  1.782E+00  1.690E+00  1.612E+00  1.530E+00  1.448E+00  1.371E+00  1.291E+00  1.209E+00  1.138E+00  1.070E+00  1.002E+00  9.330E-01  8.740E-01  8.145E-01  7.554E-01  7.029E-01  6.560E-01  6.086E-01  5.628E-01  5.260E-01  4.868E-01  4.535E-01  4.248E-01  3.965E-01  3.711E-01  3.478E-01  3.247E-01  3.054E-01  2.917E-01  2.783E-01  2.647E-01  2.536E-01  2.433E-01  2.352E-01  2.286E-01  2.241E-01  2.183E-01  2.138E-01  2.108E-01  2.056E-01  2.019E-01  1.995E-01  1.978E-01  1.940E-01  1.952E-01  1.881E-01  1.862E-01  1.842E-01  1.810E-01  1.762E-01  1.743E-01  1.682E-01  1.645E-01  1.601E-01  1.537E-01  1.464E-01  1.416E-01  1.357E-01  1.276E-01  1.212E-01  1.153E-01  1.080E-01  1.006E-01  9.273E-02  8.695E-02  8.013E-02  7.301E-02  6.770E-02  6.155E-02  5.669E-02  5.077E-02  4.653E-02  4.062E-02  3.692E-02  3.365E-02  2.985E-02  2.621E-02  2.369E-02  2.108E-02  1.865E-02  1.629E-02  1.473E-02  1.335E-02  1.184E-02  1.054E-02  9.496E-03  7.853E-03  7.199E-03  6.113E-03  5.195E-03  4.602E-03  4.241E-03  3.391E-03  3.117E-03  2.686E-03  2.348E-03  2.171E-03  1.744E-03  1.517E-03  1.406E-03  1.135E-03  8.893E-04  9.728E-04  8.091E-04  6.203E-04  5.585E-04  4.996E-04  4.276E-04  3.913E-04  3.585E-04  1.336E-03  Z
 0.000E+00  0.000E+00  0.000E+00  0.000E+00  0.000E+00  0.000E+00  0.000E+00  0.000E+00  0.000E+00  0.000E+00  0.000E+00  0.000E+00  0.000E+00  2.208E-05  2.167E-05  2.065E-05  1.207E-04  3.938E-05  1.906E-04  2.033E-04  1.444E-04  4.047E-04  5.858E-04  5.556E-04  7.589E-04  1.214E-03  1.349E-03  1.979E-03  2.372E-03  2.859E-03  4.232E-03  4.614E-03  5.445E-03  6.310E-03  8.371E-03  1.034E-02  1.181E-02  1.451E-02  1.566E-02  1.869E-02  2.375E-02  2.666E-02  3.175E-02  3.642E-02  4.139E-02  4.768E-02  5.385E-02  6.237E-02  7.073E-02  7.991E-02  8.795E-02  9.880E-02  1.086E-01  1.221E-01  1.347E-01  1.506E-01  1.673E-01  1.807E-01  2.015E-01  2.194E-01  2.370E-01  2.604E-01  2.827E-01  3.053E-01  3.285E-01  3.564E-01  3.816E-01  4.116E-01  4.421E-01  4.732E-01  5.072E-01  5.416E-01  5.821E-01  6.190E-01  6.544E-01  6.959E-01  7.335E-01  7.771E-01  8.200E-01  8.684E-01  9.149E-01  9.547E-01  1.008E+00  1.060E+00  1.109E+00  1.166E+00  1.219E+00  1.282E+00  1.336E+00  1.392E+00  1.458E+00  1.515E+00  1.576E+00  1.638E+00  1.695E+00  1.766E+00  1.827E+00  1.892E+00  1.957E+00  2.024E+00  2.088E+00  2.162E+00  2.227E+00  2.292E+00  2.345E+00  2.414E+00  2.482E+00  2.552E+00  2.607E+00  2.673E+00  2.729E+00  2.783E+00  2.840E+00  2.896E+00  2.949E+00  2.993E+00  3.032E+00  3.081E+00  3.110E+00  3.143E+00  3.169E+00  3.184E+00  3.206E+00  3.210E+00  3.213E+00  3.216E+00  3.200E+00  3.179E+00  3.164E+00  3.127E+00  3.091E+00  3.042E+00  2.994E+00  2.940E+00  2.875E+00  2.807E+00  2.735E+00  2.657E+00  2.582E+00  2.489E+00  2.410E+00  2.315E+00  2.218E+00  2.131E+00  2.035E+00  1.938E+00  1.848E+00  1.757E+00  1.662E+00  1.573E+00  1.486E+00  1.402E+00  1.317E+00  1.234E+00  1.151E+00  1.077E+00  1.010E+00  9.490E-01  8.827E-01  8.210E-01  7.596E-01  7.094E-01  6.662E-01  6.197E-01  5.739E-01  5.393E-01  4.999E-01  4.684E-01  4.429E-01  4.162E-01  3.926E-01  3.709E-01  3.520E-01  3.355E-01  3.170E-01  3.070E-01  2.935E-01  2.823E-01  2.750E-01  2.660E-01  2.619E-01  2.539E-01  2.485E-01  2.433E-01  2.368E-01  2.345E-01  2.301E-01  2.250E-01  2.190E-01  2.177E-01  2.120E-01  2.075E-01  1.995E-01  1.976E-01  1.877E-01  1.840E-01  1.761E-01  1.698E-01  1.620E-01  1.565E-01  1.491E-01  1.414E-01  1.327E-01  1.234E-01  1.162E-01  1.088E-01  1.003E-01  9.428E-02  8.610E-02  7.977E-02  7.254E-02  6.583E-02  5.895E-02  5.517E-02  4.949E-02  4.379E-02  4.063E-02  3.568E-02  3.266E-02  2.910E-02  2.516E-02  2.318E-02  2.024E-02  1.784E-02  1.557E-02  1.341E-02  1.206E-02  1.077E-02  9.242E-03  8.197E-03  7.100E-03  6.464E-03  5.890E-03  4.721E-03  4.304E-03  3.479E-03  3.112E-03  2.741E-03  2.419E-03  2.040E-03  1.892E-03  1.772E-03  1.258E-03  1.145E-03  1.006E-03  9.007E-04  8.616E-04  7.138E-04  2.902E-03  Z
 0.000E+00  0.000E+00  0.000E+00  0.000E+00  0.000E+00  0.000E+00  0.000E+00  0.000E+00  0.000E+00  0.000E+00  2.510E-05  2.427E-05  2.328E-05  0.000E+00  2.169E-05  2.056E-05  2.036E-05  9.776E-05  9.497E-05  1.663E-04  2.345E-04  3.172E-04  4.141E-04  5.397E-04  1.006E-03  1.279E-03  1.413E-03  1.714E-03  2.360E-03  2.859E-03  3.464E-03  4.814E-03  5.644E-03  6.639E-03  8.386E-03  9.910E-03  1.155E-02  1.340E-02  1.783E-02  1.963E-02  2.253E-02  2.620E-02  3.008E-02  3.598E-02  4.228E-02  4.720E-02  5.178E-02  5.868E-02  6.899E-02  7.848E-02  8.816E-02  9.694E-02  1.118E-01  1.221E-01  1.331E-01  1.513E-01  1.647E-01  1.806E-01  1.989E-01  2.154E-01  2.348E-01  2.562E-01  2.817E-01  3.036E-01  3.285E-01  3.548E-01  3.812E-01  4.097E-01  4.400E-01  4.719E-01  5.045E-01  5.415E-01  5.776E-01  6.137E-01  6.508E-01  6.894E-01  7.305E-01  7.741E-01  8.192E-01  8.631E-01  9.108E-01  9.592E-01  1.007E+00  1.058E+00  1.105E+00  1.164E+00  1.221E+00  1.279E+00  1.343E+00  1.394E+00  1.447E+00  1.513E+00  1.572E+00  1.634E+00  1.698E+00  1.764E+00  1.822E+00  1.886E+00  1.957E+00  2.027E+00  2.095E+00  2.156E+00  2.221E+00  2.294E+00  2.360E+00  2.424E+00  2.495E+00  2.562E+00  2.616E+00  2.685E+00  2.743E+00  2.803E+00  2.855E+00  2.911E+00  2.968E+00  3.007E+00  3.063E+00  3.108E+00  3.142E+00  3.184E+00  3.199E+00  3.232E+00  3.250E+00  3.258E+00  3.265E+00  3.265E+00  3.256E+00  3.253E+00  3.226E+00  3.201E+00  3.171E+00  3.136E+00  3.073E+00  3.025E+00  2.965E+00  2.903E+00  2.837E+00  2.759E+00  2.679E+00  2.591E+00  2.509E+00  2.416E+00  2.328E+00  2.236E+00  2.147E+00  2.036E+00  1.948E+00  1.856E+00  1.761E+00  1.675E+00  1.571E+00  1.490E+00  1.397E+00  1.313E+00  1.229E+00  1.149E+00  1.078E+00  1.010E+00  9.464E-01  8.821E-01  8.211E-01  7.657E-01  7.110E-01  6.636E-01  6.182E-01  5.749E-01  5.379E-01  5.008E-01  4.723E-01  4.414E-01  4.146E-01  3.919E-01  3.737E-01  3.527E-01  3.356E-01  3.225E-01  3.098E-01  2.978E-01  2.872E-01  2.756E-01  2.715E-01  2.643E-01  2.574E-01  2.496E-01  2.463E-01  2.406E-01  2.355E-01  2.310E-01  2.261E-01  2.240E-01  2.180E-01  2.132E-01  2.056E-01  2.031E-01  1.954E-01  1.907E-01  1.855E-01  1.782E-01  1.720E-01  1.617E-01  1.545E-01  1.485E-01  1.400E-01  1.319E-01  1.230E-01  1.163E-01  1.080E-01  9.966E-02  9.080E-02  8.493E-02  7.787E-02  6.985E-02  6.519E-02  5.750E-02  5.285E-02  4.692E-02  4.279E-02  3.803E-02  3.458E-02  3.084E-02  2.686E-02  2.395E-02  2.199E-02  1.945E-02  1.758E-02  1.509E-02  1.315E-02  1.090E-02  9.990E-03  9.305E-03  8.023E-03  6.959E-03  6.179E-03  5.449E-03  4.724E-03  4.223E-03  3.480E-03  3.260E-03  2.631E-03  2.310E-03  2.049E-03  1.936E-03  1.569E-03  1.350E-03  1.225E-03  8.879E-04  8.997E-04  6.610E-04  3.171E-03  Z
 0.000E+00  0.000E+00  0.000E+00  0.000E+00  0.000E+00  0.000E+00  0.000E+00  0.000E+00  0.000E+00  2.645E-05  0.000E+00  0.000E+00  0.000E+00  2.223E-05  0.000E+00  8.259E-05  4.034E-05  3.921E-05  2.084E-04  1.482E-04  1.980E-04  2.818E-04  4.997E-04  5.559E-04  6.929E-04  1.117E-03  1.364E-03  1.869E-03  2.235E-03  3.176E-03  3.631E-03  4.106E-03  5.359E-03  6.527E-03  8.302E-03  9.502E-03  1.203E-02  1.384E-02  1.632E-02  1.874E-02  2.267E-02  2.605E-02  3.087E-02  3.578E-02  4.026E-02  4.624E-02  5.273E-02  6.108E-02  6.919E-02  7.649E-02  8.537E-02  9.716E-02  1.076E-01  1.183E-01  1.329E-01  1.475E-01  1.643E-01  1.787E-01  1.947E-01  2.156E-01  2.327E-01  2.564E-01  2.761E-01  3.001E-01  3.255E-01  3.514E-01  3.753E-01  4.083E-01  4.398E-01  4.661E-01  5.016E-01  5.385E-01  5.728E-01  6.102E-01  6.447E-01  6.884E-01  7.269E-01  7.700E-01  8.146E-01  8.551E-01  9.053E-01  9.551E-01  1.006E+00  1.059E+00  1.112E+00  1.161E+00  1.220E+00  1.270E+00  1.328E+00  1.386E+00  1.446E+00  1.506E+00  1.570E+00  1.629E+00  1.696E+00  1.763E+00  1.822E+00  1.895E+00  1.959E+00  2.028E+00  2.096E+00  2.158E+00  2.224E+00  2.298E+00  2.369E+00  2.430E+00  2.497E+00  2.566E+00  2.634E+00  2.701E+00  2.759E+00  2.813E+00  2.887E+00  2.936E+00  2.993E+00  3.048E+00  3.098E+00  3.147E+00  3.181E+00  3.226E+00  3.260E+00  3.289E+00  3.303E+00  3.322E+00  3.324E+00  3.335E+00  3.330E+00  3.331E+00  3.310E+00  3.285E+00  3.266E+00  3.223E+00  3.197E+00  3.135E+00  3.091E+00  3.027E+00  2.958E+00  2.886E+00  2.806E+00  2.713E+00  2.643E+00  2.549E+00  2.452E+00  2.362E+00  2.278E+00  2.171E+00  2.072E+00  1.972E+00  1.876E+00  1.784E+00  1.689E+00  1.598E+00  1.509E+00  1.422E+00  1.332E+00  1.252E+00  1.174E+00  1.093E+00  1.024E+00  9.575E-01  8.888E-01  8.301E-01  7.779E-01  7.228E-01  6.717E-01  6.262E-01  5.856E-01  5.479E-01  5.102E-01  4.775E-01  4.515E-01  4.234E-01  3.994E-01  3.782E-01  3.608E-01  3.428E-01  3.266E-01  3.168E-01  3.042E-01  2.924E-01  2.841E-01  2.742E-01  2.679E-01  2.608E-01  2.555E-01  2.515E-01  2.445E-01  2.403E-01  2.356E-01  2.308E-01  2.261E-01  2.187E-01  2.135E-01  2.132E-01  2.035E-01  1.992E-01  1.934E-01  1.872E-01  1.782E-01  1.713E-01  1.643E-01  1.552E-01  1.489E-01  1.393E-01  1.311E-01  1.236E-01  1.135E-01  1.069E-01  9.822E-02  9.172E-02  8.325E-02  7.640E-02  6.879E-02  6.349E-02  5.795E-02  5.189E-02  4.661E-02  4.238E-02  3.707E-02  3.342E-02  2.960E-02  2.725E-02  2.397E-02  2.127E-02  1.863E-02  1.664E-02  1.500E-02  1.245E-02  1.107E-02  1.041E-02  8.536E-03  7.891E-03  6.461E-03  5.892E-03  5.375E-03  4.616E-03  3.932E-03  3.351E-03  3.094E-03  2.778E-03  2.617E-03  1.820E-03  1.590E-03  1.593E-03  1.269E-03  1.184E-03  9.575E-04  9.065E-04  3.294E-03  Z
 0.000E+00  0.000E+00  0.000E+00  0.000E+00  0.000E+00  0.000E+00  0.000E+00  2.999E-05  0.000E+00  0.000E+00  0.000E+00  0.000E+00  0.000E+00  2.213E-05  0.000E+00  8.314E-05  1.009E-04  1.170E-04  1.517E-04  1.112E-04  1.445E-04  3.173E-04  4.292E-04  5.563E-04  8.746E-04  1.165E-03  9.693E-04  1.559E-03  2.097E-03  3.207E-03  3.255E-03  4.540E-03  5.204E-03  6.093E-03  7.247E-03  9.981E-03  1.074E-02  1.383E-02  1.594E-02  1.938E-02  2.177E-02  2.718E-02  3.001E-02  3.541E-02  4.074E-02  4.673E-02  5.364E-02  5.915E-02  6.833E-02  7.695E-02  8.767E-02  9.616E-02  1.075E-01  1.194E-01  1.333E-01  1.504E-01  1.625E-01  1.787E-01  1.959E-01  2.147E-01  2.329E-01  2.562E-01  2.766E-01  3.034E-01  3.272E-01  3.518E-01  3.779E-01  4.089E-01  4.388E-01  4.711E-01  5.021E-01  5.364E-01  5.762E-01  6.029E-01  6.506E-01  6.888E-01  7.217E-01  7.631E-01  8.161E-01  8.597E-01  9.052E-01  9.482E-01  1.002E+00  1.051E+00  1.105E+00  1.161E+00  1.212E+00  1.276E+00  1.330E+00  1.394E+00  1.448E+00  1.508E+00  1.576E+00  1.635E+00  1.693E+00  1.754E+00  1.827E+00  1.885E+00  1.961E+00  2.026E+00  2.100E+00  2.169E+00  2.215E+00  2.303E+00  2.369E+00  2.438E+00  2.497E+00  2.568E+00  2.638E+00  2.702E+00  2.758E+00  2.820E+00  2.881E+00  2.945E+00  2.993E+00  3.049E+00  3.096E+00  3.143E+00  3.188E+00  3.233E+00  3.261E+00  3.291E+00  3.310E+00  3.328E+00  3.348E+00  3.344E+00  3.340E+00  3.343E+00  3.323E+00  3.313E+00  3.278E+00  3.245E+00  3.191E+00  3.150E+00  3.098E+00  3.034E+00  2.973E+00  2.902E+00  2.822E+00  2.739E+00  2.648E+00  2.566E+00  2.474E+00  2.374E+00  2.282E+00  2.180E+00  2.094E+00  1.987E+00  1.900E+00  1.797E+00  1.701E+00  1.609E+00  1.517E+00  1.435E+00  1.347E+00  1.265E+00  1.178E+00  1.109E+00  1.032E+00  9.636E-01  9.048E-01  8.442E-01  7.855E-01  7.274E-01  6.812E-01  6.327E-01  5.909E-01  5.509E-01  5.166E-01  4.853E-01  4.506E-01  4.261E-01  4.039E-01  3.807E-01  3.625E-01  3.453E-01  3.317E-01  3.173E-01  3.072E-01  2.947E-01  2.843E-01  2.777E-01  2.712E-01  2.622E-01  2.572E-01  2.507E-01  2.465E-01  2.406E-01  2.357E-01  2.332E-01  2.269E-01  2.217E-01  2.162E-01  2.113E-01  2.064E-01  1.998E-01  1.932E-01  1.875E-01  1.804E-01  1.724E-01  1.636E-01  1.576E-01  1.497E-01  1.428E-01  1.302E-01  1.239E-01  1.157E-01  1.074E-01  9.922E-02  9.048E-02  8.438E-02  7.650E-02  7.076E-02  6.463E-02  5.859E-02  5.291E-02  4.703E-02  4.274E-02  3.814E-02  3.402E-02  2.994E-02  2.652E-02  2.342E-02  2.146E-02  1.916E-02  1.685E-02  1.493E-02  1.352E-02  1.084E-02  1.001E-02  8.877E-03  8.004E-03  6.764E-03  5.970E-03  5.257E-03  4.418E-03  4.035E-03  3.531E-03  2.964E-03  2.547E-03  2.284E-03  2.035E-03  1.741E-03  1.513E-03  1.393E-03  1.099E-03  9.328E-04  9.271E-04  3.460E-03  Z
 0.000E+00  0.000E+00  0.000E+00  0.000E+00  0.000E+00  0.000E+00  0.000E+00  0.000E+00  0.000E+00  2.649E-05  2.545E-05  0.000E+00  0.000E+00  4.436E-05  8.631E-05  4.175E-05  4.008E-05  5.841E-05  1.523E-04  9.268E-05  1.627E-04  4.062E-04  5.159E-04  6.057E-04  7.246E-04  1.067E-03  1.364E-03  1.914E-03  2.037E-03  3.041E-03  3.181E-03  4.464E-03  5.033E-03  6.410E-03  7.961E-03  9.408E-03  1.149E-02  1.368E-02  1.670E-02  1.923E-02  2.151E-02  2.526E-02  2.963E-02  3.578E-02  3.855E-02  4.586E-02  5.119E-02  6.005E-02  6.682E-02  7.726E-02  8.487E-02  9.590E-02  1.051E-01  1.190E-01  1.308E-01  1.465E-01  1.598E-01  1.793E-01  1.938E-01  2.135E-01  2.361E-01  2.568E-01  2.748E-01  2.988E-01  3.229E-01  3.499E-01  3.823E-01  4.028E-01  4.348E-01  4.703E-01  5.024E-01  5.348E-01  5.736E-01  6.100E-01  6.455E-01  6.821E-01  7.257E-01  7.678E-01  8.121E-01  8.561E-01  9.042E-01  9.579E-01  1.001E+00  1.057E+00  1.106E+00  1.162E+00  1.212E+00  1.267E+00  1.326E+00  1.386E+00  1.442E+00  1.503E+00  1.566E+00  1.632E+00  1.699E+00  1.761E+00  1.825E+00  1.899E+00  1.955E+00  2.034E+00  2.097E+00  2.163E+00  2.233E+00  2.300E+00  2.373E+00  2.434E+00  2.507E+00  2.578E+00  2.639E+00  2.703E+00  2.766E+00  2.834E+00  2.887E+00  2.945E+00  3.012E+00  3.067E+00  3.108E+00  3.163E+00  3.208E+00  3.244E+00  3.278E+00  3.316E+00  3.327E+00  3.360E+00  3.373E+00  3.390E+00  3.390E+00  3.383E+00  3.363E+00  3.354E+00  3.326E+00  3.290E+00  3.244E+00  3.195E+00  3.153E+00  3.090E+00  3.023E+00  2.950E+00  2.884E+00  2.806E+00  2.714E+00  2.625E+00  2.534E+00  2.440E+00  2.339E+00  2.242E+00  2.146E+00  2.047E+00  1.944E+00  1.855E+00  1.757E+00  1.655E+00  1.571E+00  1.477E+00  1.391E+00  1.306E+00  1.223E+00  1.151E+00  1.076E+00  1.003E+00  9.368E-01  8.737E-01  8.159E-01  7.594E-01  7.087E-01  6.587E-01  6.108E-01  5.752E-01  5.361E-01  5.019E-01  4.671E-01  4.440E-01  4.171E-01  3.953E-01  3.762E-01  3.560E-01  3.380E-01  3.303E-01  3.144E-01  3.017E-01  2.926E-01  2.846E-01  2.770E-01  2.705E-01  2.628E-01  2.565E-01  2.518E-01  2.461E-01  2.408E-01  2.358E-01  2.327E-01  2.271E-01  2.207E-01  2.136E-01  2.097E-01  2.020E-01  1.960E-01  1.919E-01  1.840E-01  1.762E-01  1.686E-01  1.600E-01  1.522E-01  1.452E-01  1.362E-01  1.270E-01  1.199E-01  1.119E-01  1.031E-01  9.417E-02  8.784E-02  8.053E-02  7.312E-02  6.668E-02  6.123E-02  5.374E-02  4.920E-02  4.539E-02  3.979E-02  3.588E-02  3.079E-02  2.845E-02  2.553E-02  2.203E-02  1.928E-02  1.738E-02  1.519E-02  1.331E-02  1.233E-02  1.080E-02  9.397E-03  8.482E-03  6.988E-03  6.249E-03  5.147E-03  4.914E-03  4.041E-03  3.704E-03  3.022E-03  2.654E-03  2.379E-03  2.271E-03  1.770E-03  1.679E-03  1.488E-03  1.230E-03  1.092E-03  8.373E-04  3.655E-03  Z
 0.000E+00  0.000E+00  0.000E+00  0.000E+00  0.000E+00  0.000E+00  0.000E+00  0.000E+00  0.000E+00  0.000E+00  0.000E+00  2.386E-05  0.000E+00  0.000E+00  2.124E-05  8.273E-05  6.048E-05  0.000E+00  1.138E-04  1.841E-04  2.517E-04  3.701E-04  5.167E-04  4.391E-04  8.084E-04  1.180E-03  1.444E-03  1.870E-03  2.250E-03  2.782E-03  3.479E-03  4.466E-03  5.272E-03  6.337E-03  8.063E-03  9.451E-03  1.152E-02  1.426E-02  1.578E-02  1.841E-02  2.246E-02  2.531E-02  2.988E-02  3.467E-02  4.067E-02  4.480E-02  5.290E-02  6.055E-02  6.589E-02  7.613E-02  8.483E-02  9.420E-02  1.060E-01  1.191E-01  1.310E-01  1.452E-01  1.603E-01  1.783E-01  1.917E-01  2.125E-01  2.333E-01  2.543E-01  2.761E-01  2.960E-01  3.209E-01  3.490E-01  3.731E-01  4.061E-01  4.336E-01  4.678E-01  4.975E-01  5.293E-01  5.702E-01  6.054E-01  6.419E-01  6.851E-01  7.280E-01  7.702E-01  8.094E-01  8.575E-01  8.960E-01  9.503E-01  9.992E-01  1.052E+00  1.103E+00  1.154E+00  1.211E+00  1.265E+00  1.325E+00  1.382E+00  1.444E+00  1.504E+00  1.564E+00  1.628E+00  1.695E+00  1.771E+00  1.827E+00  1.900E+00  1.956E+00  2.027E+00  2.101E+00  2.166E+00  2.242E+00  2.302E+00  2.376E+00  2.447E+00  2.515E+00  2.580E+00  2.650E+00  2.716E+00  2.785E+00  2.847E+00  2.910E+00  2.967E+00  3.032E+00  3.081E+00  3.124E+00  3.192E+00  3.234E+00  3.266E+00  3.309E+00  3.344E+00  3.366E+00  3.397E+00  3.422E+00  3.423E+00  3.434E+00  3.431E+00  3.429E+00  3.413E+00  3.388E+00  3.362E+00  3.321E+00  3.269E+00  3.236E+00  3.173E+00  3.109E+00  3.045E+00  2.968E+00  2.891E+00  2.799E+00  2.717E+00  2.634E+00  2.532E+00  2.435E+00  2.338E+00  2.236E+00  2.139E+00  2.042E+00  1.946E+00  1.848E+00  1.746E+00  1.649E+00  1.562E+00  1.472E+00  1.381E+00  1.297E+00  1.215E+00  1.139E+00  1.066E+00  9.962E-01  9.285E-01  8.630E-01  8.062E-01  7.518E-01  6.995E-01  6.543E-01  6.121E-01  5.684E-01  5.314E-01  4.942E-01  4.689E-01  4.421E-01  4.170E-01  3.940E-01  3.729E-01  3.563E-01  3.429E-01  3.282E-01  3.132E-01  3.040E-01  2.904E-01  2.852E-01  2.765E-01  2.695E-01  2.627E-01  2.616E-01  2.523E-01  2.472E-01  2.434E-01  2.361E-01  2.296E-01  2.270E-01  2.212E-01  2.129E-01  2.104E-01  2.024E-01  1.942E-01  1.881E-01  1.827E-01  1.745E-01  1.652E-01  1.588E-01  1.501E-01  1.417E-01  1.347E-01  1.260E-01  1.148E-01  1.073E-01  1.001E-01  9.364E-02  8.510E-02  7.606E-02  7.028E-02  6.371E-02  5.714E-02  5.222E-02  4.778E-02  4.214E-02  3.816E-02  3.454E-02  3.100E-02  2.686E-02  2.419E-02  2.204E-02  1.852E-02  1.674E-02  1.432E-02  1.280E-02  1.120E-02  9.625E-03  8.849E-03  7.687E-03  6.574E-03  6.062E-03  5.081E-03  4.482E-03  3.692E-03  3.561E-03  2.862E-03  2.474E-03  2.264E-03  1.906E-03  1.708E-03  1.698E-03  1.266E-03  1.131E-03  9.564E-04  3.769E-03  Z
 0.000E+00  0.000E+00  0.000E+00  0.000E+00  0.000E+00  0.000E+00  0.000E+00  0.000E+00  0.000E+00  0.000E+00  0.000E+00  0.000E+00  0.000E+00  0.000E+00  4.297E-05  4.150E-05  2.012E-05  3.898E-05  1.337E-04  1.659E-04  2.897E-04  3.339E-04  4.821E-04  6.241E-04  8.239E-04  1.198E-03  1.430E-03  1.634E-03  1.914E-03  2.905E-03  3.433E-03  4.176E-03  5.132E-03  6.154E-03  7.786E-03  9.709E-03  1.137E-02  1.322E-02  1.638E-02  1.769E-02  2.241E-02  2.539E-02  2.978E-02  3.308E-02  3.874E-02  4.457E-02  5.143E-02  5.820E-02  6.809E-02  7.258E-02  8.296E-02  9.510E-02  1.045E-01  1.175E-01  1.282E-01  1.432E-01  1.605E-01  1.765E-01  1.912E-01  2.096E-01  2.273E-01  2.529E-01  2.711E-01  2.966E-01  3.211E-01  3.451E-01  3.723E-01  4.004E-01  4.315E-01  4.578E-01  4.942E-01  5.254E-01  5.588E-01  5.953E-01  6.390E-01  6.776E-01  7.127E-01  7.587E-01  8.026E-01  8.463E-01  8.929E-01  9.466E-01  9.942E-01  1.048E+00  1.095E+00  1.148E+00  1.206E+00  1.273E+00  1.318E+00  1.381E+00  1.438E+00  1.504E+00  1.559E+00  1.633E+00  1.695E+00  1.757E+00  1.828E+00  1.895E+00  1.966E+00  2.034E+00  2.101E+00  2.169E+00  2.241E+00  2.319E+00  2.378E+00  2.456E+00  2.525E+00  2.583E+00  2.672E+00  2.740E+00  2.809E+00  2.864E+00  2.929E+00  2.989E+00  3.069E+00  3.122E+00  3.172E+00  3.235E+00  3.285E+00  3.315E+00  3.367E+00  3.404E+00  3.448E+00  3.473E+00  3.493E+00  3.512E+00  3.525E+00  3.535E+00  3.536E+00  3.518E+00  3.507E+00  3.491E+00  3.461E+00  3.428E+00  3.377E+00  3.325E+00  3.270E+00  3.201E+00  3.138E+00  3.066E+00  2.980E+00  2.899E+00  2.820E+00  2.714E+00  2.618E+00  2.517E+00  2.419E+00  2.317E+00  2.217E+00  2.114E+00  2.009E+00  1.916E+00  1.816E+00  1.719E+00  1.619E+00  1.536E+00  1.430E+00  1.347E+00  1.265E+00  1.187E+00  1.110E+00  1.037E+00  9.639E-01  8.987E-01  8.430E-01  7.807E-01  7.305E-01  6.802E-01  6.356E-01  5.907E-01  5.538E-01  5.204E-01  4.869E-01  4.607E-01  4.375E-01  4.098E-01  3.908E-01  3.694E-01  3.544E-01  3.382E-01  3.262E-01  3.120E-01  3.044E-01  2.953E-01  2.887E-01  2.806E-01  2.736E-01  2.676E-01  2.604E-01  2.545E-01  2.505E-01  2.441E-01  2.372E-01  2.330E-01  2.275E-01  2.213E-01  2.168E-01  2.079E-01  1.997E-01  1.926E-01  1.862E-01  1.786E-01  1.686E-01  1.618E-01  1.529E-01  1.456E-01  1.356E-01  1.259E-01  1.182E-01  1.104E-01  1.012E-01  9.285E-02  8.452E-02  7.998E-02  7.050E-02  6.481E-02  5.913E-02  5.307E-02  4.773E-02  4.199E-02  3.822E-02  3.484E-02  3.102E-02  2.646E-02  2.383E-02  2.201E-02  1.859E-02  1.776E-02  1.532E-02  1.284E-02  1.164E-02  9.892E-03  8.742E-03  7.957E-03  6.836E-03  6.222E-03  5.350E-03  4.582E-03  4.057E-03  3.526E-03  2.948E-03  2.758E-03  2.197E-03  1.844E-03  1.718E-03  1.452E-03  1.199E-03  1.040E-03  4.701E-03  Z
 0.000E+00  0.000E+00  0.000E+00  0.000E+00  0.000E+00  0.000E+00  0.000E+00  0.000E+00  0.000E+00  0.000E+00  0.000E+00  0.000E+00  0.000E+00  0.000E+00  2.128E-05  6.251E-05  4.068E-05  9.777E-05  1.515E-04  2.028E-04  1.618E-04  1.931E-04  3.969E-04  5.720E-04  8.584E-04  1.099E-03  1.430E-03  1.975E-03  2.233E-03  2.752E-03  2.960E-03  4.323E-03  4.944E-03  6.014E-03  7.372E-03  9.463E-03  1.125E-02  1.303E-02  1.484E-02  1.882E-02  2.147E-02  2.418E-02  2.983E-02  3.411E-02  3.837E-02  4.374E-02  5.106E-02  5.660E-02  6.424E-02  7.219E-02  8.244E-02  9.393E-02  1.038E-01  1.141E-01  1.270E-01  1.415E-01  1.576E-01  1.745E-01  1.911E-01  2.088E-01  2.252E-01  2.473E-01  2.695E-01  2.938E-01  3.144E-01  3.413E-01  3.711E-01  3.995E-01  4.253E-01  4.588E-01  4.918E-01  5.221E-01  5.590E-01  5.940E-01  6.365E-01  6.685E-01  7.144E-01  7.565E-01  7.986E-01  8.437E-01  8.944E-01  9.401E-01  9.841E-01  1.036E+00  1.096E+00  1.148E+00  1.204E+00  1.259E+00  1.319E+00  1.374E+00  1.428E+00  1.498E+00  1.565E+00  1.628E+00  1.691E+00  1.761E+00  1.830E+00  1.900E+00  1.966E+00  2.036E+00  2.109E+00  2.169E+00  2.250E+00  2.319E+00  2.394E+00  2.456E+00  2.537E+00  2.613E+00  2.675E+00  2.743E+00  2.823E+00  2.890E+00  2.957E+00  3.024E+00  3.081E+00  3.146E+00  3.206E+00  3.270E+00  3.331E+00  3.376E+00  3.419E+00  3.470E+00  3.500E+00  3.538E+00  3.572E+00  3.588E+00  3.609E+00  3.623E+00  3.617E+00  3.622E+00  3.616E+00  3.603E+00  3.584E+00  3.547E+00  3.502E+00  3.471E+00  3.420E+00  3.355E+00  3.294E+00  3.223E+00  3.135E+00  3.059E+00  2.973E+00  2.888E+00  2.787E+00  2.685E+00  2.596E+00  2.483E+00  2.382E+00  2.282E+00  2.173E+00  2.067E+00  1.965E+00  1.867E+00  1.765E+00  1.665E+00  1.572E+00  1.478E+00  1.387E+00  1.297E+00  1.222E+00  1.145E+00  1.069E+00  9.964E-01  9.299E-01  8.626E-01  8.077E-01  7.541E-01  7.054E-01  6.534E-01  6.145E-01  5.722E-01  5.415E-01  5.072E-01  4.752E-01  4.494E-01  4.250E-01  4.038E-01  3.822E-01  3.691E-01  3.530E-01  3.368E-01  3.265E-01  3.134E-01  3.056E-01  2.972E-01  2.907E-01  2.813E-01  2.753E-01  2.688E-01  2.625E-01  2.577E-01  2.506E-01  2.453E-01  2.403E-01  2.321E-01  2.257E-01  2.193E-01  2.103E-01  2.068E-01  1.966E-01  1.896E-01  1.818E-01  1.710E-01  1.620E-01  1.564E-01  1.465E-01  1.373E-01  1.294E-01  1.197E-01  1.101E-01  1.023E-01  9.366E-02  8.631E-02  7.891E-02  7.251E-02  6.468E-02  5.883E-02  5.277E-02  4.823E-02  4.315E-02  3.857E-02  3.456E-02  3.039E-02  2.732E-02  2.453E-02  2.140E-02  1.943E-02  1.646E-02  1.452E-02  1.318E-02  1.177E-02  9.908E-03  9.289E-03  7.407E-03  6.748E-03  6.234E-03  5.082E-03  4.554E-03  4.090E-03  3.378E-03  3.290E-03  2.497E-03  2.460E-03  2.058E-03  1.687E-03  1.461E-03  1.264E-03  5.160E-03  Z
 0.000E+00  0.000E+00  0.000E+00  0.000E+00  0.000E+00  0.000E+00  0.000E+00  0.000E+00  0.000E+00  0.000E+00  0.000E+00  0.000E+00  2.327E-05  6.663E-05  2.130E-05  2.068E-05  2.021E-05  7.738E-05  5.759E-05  1.667E-04  5.427E-05  3.012E-04  2.939E-04  7.773E-04  7.404E-04  9.542E-04  1.283E-03  1.417E-03  1.880E-03  2.738E-03  3.150E-03  3.681E-03  5.317E-03  6.085E-03  7.346E-03  8.901E-03  1.044E-02  1.289E-02  1.595E-02  1.832E-02  2.106E-02  2.548E-02  2.869E-02  3.255E-02  3.910E-02  4.452E-02  4.960E-02  5.702E-02  6.506E-02  7.332E-02  8.140E-02  9.284E-02  1.028E-01  1.154E-01  1.277E-01  1.413E-01  1.554E-01  1.728E-01  1.869E-01  2.071E-01  2.261E-01  2.489E-01  2.681E-01  2.936E-01  3.148E-01  3.384E-01  3.662E-01  3.978E-01  4.254E-01  4.564E-01  4.894E-01  5.192E-01  5.563E-01  5.906E-01  6.300E-01  6.699E-01  7.047E-01  7.501E-01  7.957E-01  8.455E-01  8.899E-01  9.466E-01  9.871E-01  1.038E+00  1.089E+00  1.146E+00  1.201E+00  1.260E+00  1.313E+00  1.373E+00  1.436E+00  1.492E+00  1.564E+00  1.625E+00  1.692E+00  1.753E+00  1.827E+00  1.890E+00  1.961E+00  2.035E+00  2.107E+00  2.179E+00  2.253E+00  2.314E+00  2.396E+00  2.468E+00  2.544E+00  2.611E+00  2.685E+00  2.762E+00  2.826E+00  2.904E+00  2.971E+00  3.029E+00  3.100E+00  3.168E+00  3.232E+00  3.279E+00  3.345E+00  3.396E+00  3.442E+00  3.494E+00  3.532E+00  3.571E+00  3.597E+00  3.623E+00  3.645E+00  3.659E+00  3.674E+00  3.679E+00  3.662E+00  3.657E+00  3.643E+00  3.612E+00  3.576E+00  3.536E+00  3.490E+00  3.424E+00  3.364E+00  3.295E+00  3.219E+00  3.131E+00  3.055E+00  2.960E+00  2.863E+00  2.775E+00  2.664E+00  2.566E+00  2.459E+00  2.349E+00  2.252E+00  2.143E+00  2.041E+00  1.945E+00  1.834E+00  1.737E+00  1.635E+00  1.541E+00  1.446E+00  1.361E+00  1.276E+00  1.195E+00  1.116E+00  1.043E+00  9.717E-01  9.080E-01  8.469E-01  7.946E-01  7.371E-01  6.865E-01  6.431E-01  6.024E-01  5.620E-01  5.292E-01  4.944E-01  4.689E-01  4.411E-01  4.199E-01  3.986E-01  3.787E-01  3.637E-01  3.485E-01  3.371E-01  3.228E-01  3.148E-01  3.052E-01  2.971E-01  2.896E-01  2.791E-01  2.736E-01  2.694E-01  2.618E-01  2.561E-01  2.485E-01  2.423E-01  2.373E-01  2.319E-01  2.232E-01  2.188E-01  2.093E-01  2.015E-01  1.944E-01  1.861E-01  1.765E-01  1.699E-01  1.602E-01  1.510E-01  1.416E-01  1.326E-01  1.254E-01  1.166E-01  1.075E-01  9.879E-02  8.975E-02  8.330E-02  7.566E-02  6.808E-02  6.189E-02  5.531E-02  5.111E-02  4.628E-02  4.080E-02  3.608E-02  3.233E-02  2.966E-02  2.623E-02  2.243E-02  2.000E-02  1.807E-02  1.568E-02  1.383E-02  1.178E-02  1.055E-02  9.431E-03  8.112E-03  7.462E-03  6.456E-03  5.479E-03  4.538E-03  4.089E-03  3.737E-03  3.412E-03  2.806E-03  2.298E-03  1.953E-03  1.738E-03  1.507E-03  1.455E-03  5.756E-03  Z
 0.000E+00  0.000E+00  0.000E+00  0.000E+00  0.000E+00  0.000E+00  0.000E+00  0.000E+00  0.000E+00  0.000E+00  0.000E+00  0.000E+00  0.000E+00  2.242E-05  0.000E+00  6.189E-05  6.013E-05  5.830E-05  7.610E-05  5.534E-05  2.351E-04  3.696E-04  5.348E-04  4.213E-04  6.430E-04  1.018E-03  1.238E-03  1.744E-03  1.959E-03  2.465E-03  3.121E-03  3.752E-03  5.177E-03  5.914E-03  7.377E-03  8.872E-03  1.005E-02  1.260E-02  1.442E-02  1.730E-02  2.067E-02  2.554E-02  2.788E-02  3.349E-02  3.832E-02  4.470E-02  5.122E-02  5.523E-02  6.407E-02  7.168E-02  8.117E-02  9.146E-02  1.026E-01  1.120E-01  1.250E-01  1.411E-01  1.548E-01  1.704E-01  1.883E-01  2.075E-01  2.247E-01  2.458E-01  2.649E-01  2.877E-01  3.136E-01  3.405E-01  3.649E-01  3.924E-01  4.226E-01  4.529E-01  4.890E-01  5.235E-01  5.555E-01  5.889E-01  6.295E-01  6.692E-01  7.095E-01  7.518E-01  7.953E-01  8.422E-01  8.868E-01  9.467E-01  9.832E-01  1.038E+00  1.089E+00  1.146E+00  1.201E+00  1.256E+00  1.313E+00  1.375E+00  1.439E+00  1.497E+00  1.559E+00  1.628E+00  1.693E+00  1.768E+00  1.831E+00  1.902E+00  1.965E+00  2.040E+00  2.106E+00  2.181E+00  2.258E+00  2.323E+00  2.403E+00  2.474E+00  2.543E+00  2.620E+00  2.684E+00  2.766E+00  2.828E+00  2.909E+00  2.978E+00  3.041E+00  3.112E+00  3.181E+00  3.231E+00  3.299E+00  3.361E+00  3.417E+00  3.464E+00  3.510E+00  3.562E+00  3.599E+00  3.639E+00  3.663E+00  3.674E+00  3.695E+00  3.718E+00  3.717E+00  3.711E+00  3.700E+00  3.685E+00  3.661E+00  3.630E+00  3.590E+00  3.540E+00  3.495E+00  3.434E+00  3.364E+00  3.287E+00  3.209E+00  3.127E+00  3.046E+00  2.949E+00  2.849E+00  2.747E+00  2.646E+00  2.543E+00  2.436E+00  2.335E+00  2.219E+00  2.123E+00  2.004E+00  1.899E+00  1.805E+00  1.699E+00  1.606E+00  1.512E+00  1.420E+00  1.336E+00  1.253E+00  1.171E+00  1.093E+00  1.020E+00  9.497E-01  8.902E-01  8.257E-01  7.720E-01  7.218E-01  6.690E-01  6.299E-01  5.877E-01  5.496E-01  5.206E-01  4.877E-01  4.586E-01  4.348E-01  4.127E-01  3.956E-01  3.752E-01  3.604E-01  3.452E-01  3.362E-01  3.253E-01  3.126E-01  3.017E-01  2.952E-01  2.891E-01  2.794E-01  2.727E-01  2.693E-01  2.626E-01  2.555E-01  2.501E-01  2.405E-01  2.349E-01  2.316E-01  2.210E-01  2.148E-01  2.086E-01  2.003E-01  1.897E-01  1.816E-01  1.735E-01  1.654E-01  1.554E-01  1.481E-01  1.370E-01  1.292E-01  1.191E-01  1.118E-01  1.017E-01  9.428E-02  8.614E-02  7.936E-02  7.382E-02  6.503E-02  6.035E-02  5.283E-02  4.756E-02  4.307E-02  3.869E-02  3.538E-02  3.033E-02  2.738E-02  2.505E-02  2.160E-02  1.884E-02  1.756E-02  1.477E-02  1.225E-02  1.173E-02  1.014E-02  8.782E-03  7.883E-03  6.696E-03  5.936E-03  4.858E-03  4.210E-03  3.791E-03  3.209E-03  2.979E-03  2.618E-03  2.249E-03  1.852E-03  1.716E-03  1.445E-03  5.962E-03  Z
 0.000E+00  0.000E+00  0.000E+00  0.000E+00  0.000E+00  0.000E+00  0.000E+00  0.000E+00  0.000E+00  2.653E-05  2.499E-05  0.000E+00  2.325E-05  0.000E+00  0.000E+00  2.092E-05  6.049E-05  3.901E-05  3.781E-05  2.403E-04  2.703E-04  2.116E-04  4.308E-04  5.063E-04  6.939E-04  8.576E-04  1.319E-03  1.418E-03  2.019E-03  2.481E-03  2.929E-03  4.019E-03  5.550E-03  5.889E-03  7.804E-03  8.680E-03  1.005E-02  1.316E-02  1.509E-02  1.764E-02  2.121E-02  2.407E-02  2.811E-02  3.129E-02  3.827E-02  4.347E-02  4.932E-02  5.607E-02  6.352E-02  7.217E-02  7.980E-02  8.955E-02  1.033E-01  1.128E-01  1.241E-01  1.405E-01  1.530E-01  1.715E-01  1.881E-01  2.066E-01  2.197E-01  2.455E-01  2.653E-01  2.863E-01  3.115E-01  3.370E-01  3.639E-01  3.915E-01  4.195E-01  4.507E-01  4.834E-01  5.155E-01  5.506E-01  5.908E-01  6.280E-01  6.638E-01  7.073E-01  7.484E-01  7.894E-01  8.336E-01  8.830E-01  9.319E-01  9.825E-01  1.031E+00  1.086E+00  1.138E+00  1.188E+00  1.249E+00  1.307E+00  1.366E+00  1.430E+00  1.488E+00  1.562E+00  1.628E+00  1.688E+00  1.756E+00  1.822E+00  1.902E+00  1.967E+00  2.037E+00  2.117E+00  2.181E+00  2.253E+00  2.330E+00  2.409E+00  2.477E+00  2.558E+00  2.637E+00  2.704E+00  2.778E+00  2.859E+00  2.922E+00  2.992E+00  3.062E+00  3.136E+00  3.200E+00  3.267E+00  3.332E+00  3.395E+00  3.454E+00  3.505E+00  3.564E+00  3.598E+00  3.649E+00  3.680E+00  3.716E+00  3.742E+00  3.770E+00  3.790E+00  3.799E+00  3.791E+00  3.788E+00  3.780E+00  3.762E+00  3.740E+00  3.705E+00  3.660E+00  3.613E+00  3.549E+00  3.490E+00  3.420E+00  3.344E+00  3.268E+00  3.180E+00  3.098E+00  2.994E+00  2.891E+00  2.793E+00  2.688E+00  2.579E+00  2.475E+00  2.372E+00  2.263E+00  2.147E+00  2.047E+00  1.940E+00  1.832E+00  1.726E+00  1.630E+00  1.537E+00  1.437E+00  1.354E+00  1.263E+00  1.185E+00  1.106E+00  1.040E+00  9.613E-01  8.974E-01  8.396E-01  7.816E-01  7.282E-01  6.870E-01  6.365E-01  6.004E-01  5.596E-01  5.279E-01  4.981E-01  4.689E-01  4.469E-01  4.228E-01  4.010E-01  3.823E-01  3.645E-01  3.531E-01  3.391E-01  3.320E-01  3.181E-01  3.096E-01  3.012E-01  2.946E-01  2.841E-01  2.773E-01  2.734E-01  2.666E-01  2.610E-01  2.542E-01  2.449E-01  2.414E-01  2.315E-01  2.247E-01  2.159E-01  2.116E-01  2.001E-01  1.923E-01  1.824E-01  1.737E-01  1.655E-01  1.567E-01  1.457E-01  1.376E-01  1.275E-01  1.193E-01  1.106E-01  1.017E-01  9.347E-02  8.612E-02  7.791E-02  7.034E-02  6.492E-02  5.707E-02  5.256E-02  4.685E-02  4.242E-02  3.816E-02  3.351E-02  2.943E-02  2.662E-02  2.355E-02  2.059E-02  1.837E-02  1.577E-02  1.414E-02  1.289E-02  1.139E-02  9.785E-03  8.774E-03  7.317E-03  6.403E-03  5.908E-03  4.825E-03  4.301E-03  3.879E-03  3.282E-03  2.882E-03  2.713E-03  2.286E-03  2.066E-03  1.593E-03  6.549E-03  Z
 0.000E+00  0.000E+00  0.000E+00  0.000E+00  0.000E+00  0.000E+00  0.000E+00  0.000E+00  0.000E+00  0.000E+00  0.000E+00  0.000E+00  0.000E+00  0.000E+00  2.136E-05  6.229E-05  4.008E-05  5.854E-05  5.710E-05  1.296E-04  1.443E-04  3.162E-04  3.798E-04  4.886E-04  7.773E-04  1.068E-03  9.522E-04  1.932E-03  1.668E-03  2.165E-03  3.419E-03  3.550E-03  4.743E-03  5.873E-03  7.314E-03  8.055E-03  1.091E-02  1.184E-02  1.430E-02  1.694E-02  2.075E-02  2.362E-02  2.727E-02  3.100E-02  3.830E-02  4.171E-02  4.998E-02  5.448E-02  6.299E-02  6.999E-02  8.016E-02  8.936E-02  9.999E-02  1.104E-01  1.239E-01  1.394E-01  1.527E-01  1.693E-01  1.852E-01  2.037E-01  2.199E-01  2.409E-01  2.655E-01  2.855E-01  3.120E-01  3.372E-01  3.636E-01  3.896E-01  4.178E-01  4.492E-01  4.809E-01  5.147E-01  5.464E-01  5.849E-01  6.213E-01  6.597E-01  7.034E-01  7.505E-01  7.864E-01  8.309E-01  8.757E-01  9.263E-01  9.772E-01  1.029E+00  1.085E+00  1.134E+00  1.189E+00  1.245E+00  1.309E+00  1.372E+00  1.431E+00  1.488E+00  1.556E+00  1.622E+00  1.692E+00  1.751E+00  1.825E+00  1.896E+00  1.962E+00  2.039E+00  2.107E+00  2.176E+00  2.270E+00  2.334E+00  2.419E+00  2.477E+00  2.569E+00  2.641E+00  2.717E+00  2.793E+00  2.861E+00  2.936E+00  3.009E+00  3.081E+00  3.171E+00  3.225E+00  3.298E+00  3.355E+00  3.426E+00  3.486E+00  3.545E+00  3.591E+00  3.647E+00  3.692E+00  3.736E+00  3.773E+00  3.803E+00  3.840E+00  3.854E+00  3.866E+00  3.870E+00  3.873E+00  3.869E+00  3.860E+00  3.828E+00  3.805E+00  3.769E+00  3.733E+00  3.680E+00  3.618E+00  3.551E+00  3.482E+00  3.400E+00  3.322E+00  3.234E+00  3.138E+00  3.035E+00  2.932E+00  2.828E+00  2.717E+00  2.616E+00  2.501E+00  2.387E+00  2.279E+00  2.178E+00  2.071E+00  1.959E+00  1.847E+00  1.749E+00  1.643E+00  1.557E+00  1.452E+00  1.363E+00  1.276E+00  1.193E+00  1.119E+00  1.041E+00  9.744E-01  9.075E-01  8.493E-01  7.902E-01  7.370E-01  6.926E-01  6.426E-01  6.072E-01  5.671E-01  5.344E-01  5.044E-01  4.736E-01  4.513E-01  4.300E-01  4.104E-01  3.917E-01  3.759E-01  3.585E-01  3.449E-01  3.337E-01  3.232E-01  3.171E-01  3.081E-01  2.971E-01  2.927E-01  2.805E-01  2.775E-01  2.683E-01  2.636E-01  2.557E-01  2.479E-01  2.414E-01  2.334E-01  2.250E-01  2.180E-01  2.110E-01  2.011E-01  1.930E-01  1.825E-01  1.729E-01  1.647E-01  1.551E-01  1.454E-01  1.372E-01  1.269E-01  1.182E-01  1.091E-01  1.005E-01  9.171E-02  8.390E-02  7.748E-02  6.849E-02  6.341E-02  5.710E-02  5.152E-02  4.618E-02  4.010E-02  3.654E-02  3.277E-02  2.872E-02  2.579E-02  2.262E-02  2.032E-02  1.825E-02  1.558E-02  1.384E-02  1.213E-02  1.107E-02  9.235E-03  8.710E-03  7.246E-03  6.423E-03  5.421E-03  4.873E-03  4.457E-03  3.567E-03  3.192E-03  2.825E-03  2.304E-03  2.075E-03  1.918E-03  7.618E-03  Z
 0.000E+00  0.000E+00  0.000E+00  0.000E+00  0.000E+00  0.000E+00  0.000E+00  0.000E+00  0.000E+00  0.000E+00  0.000E+00  0.000E+00  2.298E-05  2.210E-05  0.000E+00  2.076E-05  0.000E+00  1.977E-05  1.139E-04  1.853E-04  2.164E-04  3.522E-04  3.957E-04  4.892E-04  7.279E-04  9.873E-04  1.142E-03  1.325E-03  1.714E-03  2.631E-03  2.633E-03  3.757E-03  4.778E-03  5.802E-03  7.036E-03  8.115E-03  1.006E-02  1.214E-02  1.515E-02  1.649E-02  1.974E-02  2.298E-02  2.774E-02  3.195E-02  3.656E-02  4.139E-02  4.776E-02  5.434E-02  6.008E-02  7.057E-02  7.891E-02  8.781E-02  9.785E-02  1.098E-01  1.214E-01  1.369E-01  1.495E-01  1.648E-01  1.821E-01  1.978E-01  2.180E-01  2.369E-01  2.581E-01  2.804E-01  3.061E-01  3.272E-01  3.558E-01  3.828E-01  4.126E-01  4.395E-01  4.724E-01  5.044E-01  5.403E-01  5.776E-01  6.141E-01  6.532E-01  6.947E-01  7.389E-01  7.823E-01  8.229E-01  8.730E-01  9.206E-01  9.694E-01  1.022E+00  1.073E+00  1.128E+00  1.179E+00  1.246E+00  1.297E+00  1.361E+00  1.423E+00  1.487E+00  1.551E+00  1.625E+00  1.683E+00  1.747E+00  1.824E+00  1.893E+00  1.975E+00  2.044E+00  2.114E+00  2.190E+00  2.271E+00  2.340E+00  2.423E+00  2.509E+00  2.582E+00  2.655E+00  2.745E+00  2.823E+00  2.901E+00  2.972E+00  3.049E+00  3.129E+00  3.204E+00  3.271E+00  3.349E+00  3.424E+00  3.489E+00  3.558E+00  3.619E+00  3.679E+00  3.733E+00  3.791E+00  3.847E+00  3.892E+00  3.926E+00  3.973E+00  4.003E+00  4.035E+00  4.049E+00  4.060E+00  4.063E+00  4.064E+00  4.054E+00  4.046E+00  4.013E+00  3.995E+00  3.945E+00  3.904E+00  3.840E+00  3.785E+00  3.718E+00  3.645E+00  3.551E+00  3.464E+00  3.371E+00  3.271E+00  3.171E+00  3.057E+00  2.945E+00  2.843E+00  2.729E+00  2.608E+00  2.499E+00  2.380E+00  2.261E+00  2.148E+00  2.037E+00  1.929E+00  1.822E+00  1.713E+00  1.621E+00  1.516E+00  1.423E+00  1.330E+00  1.248E+00  1.171E+00  1.090E+00  1.017E+00  9.504E-01  8.847E-01  8.304E-01  7.709E-01  7.291E-01  6.756E-01  6.321E-01  5.959E-01  5.585E-01  5.284E-01  4.994E-01  4.726E-01  4.476E-01  4.304E-01  4.112E-01  3.948E-01  3.770E-01  3.642E-01  3.494E-01  3.416E-01  3.324E-01  3.217E-01  3.099E-01  3.043E-01  2.949E-01  2.882E-01  2.804E-01  2.720E-01  2.641E-01  2.574E-01  2.490E-01  2.416E-01  2.322E-01  2.222E-01  2.161E-01  2.067E-01  1.982E-01  1.875E-01  1.775E-01  1.662E-01  1.570E-01  1.471E-01  1.386E-01  1.265E-01  1.185E-01  1.094E-01  1.008E-01  9.128E-02  8.459E-02  7.651E-02  6.890E-02  6.327E-02  5.636E-02  4.997E-02  4.520E-02  4.105E-02  3.640E-02  3.207E-02  2.845E-02  2.459E-02  2.234E-02  1.962E-02  1.765E-02  1.539E-02  1.405E-02  1.154E-02  1.087E-02  9.315E-03  8.226E-03  7.151E-03  6.189E-03  5.417E-03  4.691E-03  4.067E-03  3.721E-03  2.863E-03  2.694E-03  2.325E-03  9.268E-03  Z
 0.000E+00  0.000E+00  0.000E+00  0.000E+00  0.000E+00  0.000E+00  0.000E+00  0.000E+00  0.000E+00  0.000E+00  0.000E+00  2.432E-05  2.337E-05  2.201E-05  4.295E-05  2.052E-05  2.009E-05  3.912E-05  1.902E-04  5.534E-05  1.437E-04  3.176E-04  2.582E-04  3.198E-04  5.617E-04  8.579E-04  1.112E-03  1.494E-03  1.899E-03  2.454E-03  3.490E-03  3.907E-03  4.099E-03  5.630E-03  6.649E-03  8.156E-03  9.843E-03  1.168E-02  1.429E-02  1.598E-02  2.065E-02  2.336E-02  2.735E-02  3.121E-02  3.560E-02  4.006E-02  4.618E-02  5.346E-02  6.219E-02  6.840E-02  7.663E-02  8.573E-02  9.631E-02  1.088E-01  1.179E-01  1.314E-01  1.493E-01  1.612E-01  1.782E-01  1.984E-01  2.143E-01  2.348E-01  2.538E-01  2.748E-01  3.001E-01  3.271E-01  3.489E-01  3.791E-01  4.039E-01  4.379E-01  4.666E-01  4.992E-01  5.340E-01  5.749E-01  6.068E-01  6.461E-01  6.907E-01  7.277E-01  7.738E-01  8.213E-01  8.629E-01  9.126E-01  9.582E-01  1.013E+00  1.065E+00  1.122E+00  1.176E+00  1.229E+00  1.300E+00  1.350E+00  1.416E+00  1.485E+00  1.547E+00  1.613E+00  1.682E+00  1.754E+00  1.825E+00  1.898E+00  1.973E+00  2.043E+00  2.121E+00  2.196E+00  2.273E+00  2.353E+00  2.436E+00  2.519E+00  2.601E+00  2.682E+00  2.762E+00  2.836E+00  2.918E+00  2.991E+00  3.074E+00  3.160E+00  3.237E+00  3.316E+00  3.393E+00  3.468E+00  3.541E+00  3.609E+00  3.679E+00  3.753E+00  3.810E+00  3.887E+00  3.924E+00  3.980E+00  4.031E+00  4.077E+00  4.117E+00  4.152E+00  4.175E+00  4.200E+00  4.213E+00  4.232E+00  4.225E+00  4.212E+00  4.197E+00  4.182E+00  4.158E+00  4.111E+00  4.064E+00  4.011E+00  3.948E+00  3.886E+00  3.815E+00  3.733E+00  3.638E+00  3.540E+00  3.441E+00  3.343E+00  3.222E+00  3.127E+00  3.004E+00  2.888E+00  2.771E+00  2.651E+00  2.534E+00  2.411E+00  2.297E+00  2.176E+00  2.058E+00  1.947E+00  1.842E+00  1.734E+00  1.623E+00  1.526E+00  1.437E+00  1.338E+00  1.258E+00  1.173E+00  1.095E+00  1.023E+00  9.546E-01  8.934E-01  8.331E-01  7.837E-01  7.308E-01  6.845E-01  6.386E-01  6.009E-01  5.655E-01  5.360E-01  5.049E-01  4.809E-01  4.588E-01  4.374E-01  4.187E-01  4.045E-01  3.877E-01  3.730E-01  3.600E-01  3.480E-01  3.400E-01  3.296E-01  3.224E-01  3.090E-01  3.029E-01  2.927E-01  2.869E-01  2.765E-01  2.686E-01  2.619E-01  2.499E-01  2.442E-01  2.342E-01  2.250E-01  2.131E-01  2.034E-01  1.956E-01  1.858E-01  1.752E-01  1.639E-01  1.534E-01  1.418E-01  1.331E-01  1.229E-01  1.143E-01  1.054E-01  9.640E-02  8.808E-02  7.906E-02  7.295E-02  6.636E-02  5.921E-02  5.308E-02  4.778E-02  4.257E-02  3.867E-02  3.367E-02  2.969E-02  2.656E-02  2.385E-02  2.081E-02  1.879E-02  1.603E-02  1.469E-02  1.247E-02  1.109E-02  9.845E-03  8.541E-03  7.299E-03  6.714E-03  5.456E-03  4.854E-03  4.225E-03  3.940E-03  3.306E-03  2.885E-03  1.181E-02  Z
 0.000E+00  0.000E+00  0.000E+00  0.000E+00  0.000E+00  0.000E+00  0.000E+00  0.000E+00  0.000E+00  0.000E+00  2.525E-05  2.391E-05  4.642E-05  2.245E-05  0.000E+00  2.089E-05  3.998E-05  3.926E-05  1.330E-04  7.438E-05  2.347E-04  3.356E-04  3.099E-04  5.217E-04  7.097E-04  6.483E-04  9.846E-04  1.230E-03  1.668E-03  1.985E-03  3.003E-03  3.274E-03  4.297E-03  5.236E-03  7.051E-03  7.361E-03  9.915E-03  1.100E-02  1.434E-02  1.621E-02  1.975E-02  2.174E-02  2.517E-02  2.958E-02  3.457E-02  3.892E-02  4.587E-02  5.247E-02  5.860E-02  6.588E-02  7.338E-02  8.477E-02  9.326E-02  1.040E-01  1.177E-01  1.311E-01  1.433E-01  1.570E-01  1.758E-01  1.889E-01  2.083E-01  2.325E-01  2.508E-01  2.717E-01  2.933E-01  3.203E-01  3.461E-01  3.692E-01  3.988E-01  4.257E-01  4.622E-01  4.936E-01  5.259E-01  5.629E-01  5.966E-01  6.363E-01  6.757E-01  7.189E-01  7.615E-01  8.080E-01  8.508E-01  9.066E-01  9.555E-01  9.993E-01  1.054E+00  1.114E+00  1.167E+00  1.226E+00  1.290E+00  1.345E+00  1.409E+00  1.478E+00  1.541E+00  1.608E+00  1.680E+00  1.747E+00  1.822E+00  1.892E+00  1.973E+00  2.052E+00  2.131E+00  2.202E+00  2.290E+00  2.369E+00  2.446E+00  2.528E+00  2.616E+00  2.699E+00  2.789E+00  2.876E+00  2.953E+00  3.036E+00  3.123E+00  3.204E+00  3.307E+00  3.377E+00  3.460E+00  3.543E+00  3.626E+00  3.706E+00  3.784E+00  3.856E+00  3.928E+00  4.001E+00  4.069E+00  4.119E+00  4.191E+00  4.242E+00  4.294E+00  4.346E+00  4.380E+00  4.432E+00  4.450E+00  4.473E+00  4.490E+00  4.501E+00  4.502E+00  4.494E+00  4.486E+00  4.464E+00  4.439E+00  4.398E+00  4.363E+00  4.307E+00  4.244E+00  4.165E+00  4.100E+00  4.014E+00  3.926E+00  3.834E+00  3.738E+00  3.619E+00  3.502E+00  3.390E+00  3.272E+00  3.151E+00  3.020E+00  2.894E+00  2.766E+00  2.639E+00  2.513E+00  2.398E+00  2.268E+00  2.143E+00  2.026E+00  1.914E+00  1.799E+00  1.691E+00  1.592E+00  1.491E+00  1.396E+00  1.300E+00  1.224E+00  1.139E+00  1.066E+00  9.939E-01  9.280E-01  8.681E-01  8.102E-01  7.622E-01  7.115E-01  6.714E-01  6.310E-01  5.934E-01  5.603E-01  5.319E-01  5.075E-01  4.803E-01  4.609E-01  4.423E-01  4.228E-01  4.131E-01  3.914E-01  3.787E-01  3.681E-01  3.558E-01  3.423E-01  3.361E-01  3.230E-01  3.172E-01  3.081E-01  2.939E-01  2.905E-01  2.783E-01  2.692E-01  2.591E-01  2.484E-01  2.387E-01  2.303E-01  2.163E-01  2.078E-01  1.982E-01  1.868E-01  1.754E-01  1.619E-01  1.527E-01  1.417E-01  1.319E-01  1.209E-01  1.114E-01  1.035E-01  9.423E-02  8.517E-02  7.665E-02  6.972E-02  6.360E-02  5.583E-02  5.033E-02  4.474E-02  4.108E-02  3.607E-02  3.279E-02  2.886E-02  2.501E-02  2.272E-02  1.948E-02  1.699E-02  1.503E-02  1.350E-02  1.195E-02  1.032E-02  8.937E-03  7.768E-03  6.826E-03  6.239E-03  5.182E-03  4.525E-03  3.862E-03  1.592E-02  Z
 0.000E+00  0.000E+00  0.000E+00  0.000E+00  0.000E+00  0.000E+00  0.000E+00  0.000E+00  0.000E+00  0.000E+00  0.000E+00  2.409E-05  0.000E+00  0.000E+00  4.310E-05  8.285E-05  4.038E-05  5.818E-05  7.579E-05  5.587E-05  2.877E-04  1.764E-04  2.938E-04  4.722E-04  4.945E-04  8.564E-04  8.895E-04  1.121E-03  1.667E-03  1.928E-03  2.412E-03  3.520E-03  4.012E-03  5.092E-03  6.230E-03  7.248E-03  9.012E-03  1.049E-02  1.259E-02  1.525E-02  1.737E-02  2.075E-02  2.461E-02  2.876E-02  3.247E-02  3.747E-02  4.168E-02  4.881E-02  5.490E-02  6.206E-02  7.040E-02  7.974E-02  9.117E-02  1.020E-01  1.116E-01  1.235E-01  1.377E-01  1.512E-01  1.694E-01  1.827E-01  2.024E-01  2.220E-01  2.412E-01  2.633E-01  2.866E-01  3.069E-01  3.350E-01  3.604E-01  3.860E-01  4.205E-01  4.475E-01  4.796E-01  5.130E-01  5.512E-01  5.860E-01  6.202E-01  6.641E-01  7.069E-01  7.470E-01  7.911E-01  8.403E-01  8.963E-01  9.376E-01  9.856E-01  1.040E+00  1.100E+00  1.155E+00  1.210E+00  1.273E+00  1.336E+00  1.401E+00  1.464E+00  1.533E+00  1.603E+00  1.676E+00  1.742E+00  1.820E+00  1.896E+00  1.977E+00  2.056E+00  2.129E+00  2.213E+00  2.291E+00  2.383E+00  2.464E+00  2.562E+00  2.641E+00  2.739E+00  2.829E+00  2.916E+00  3.020E+00  3.104E+00  3.192E+00  3.277E+00  3.381E+00  3.469E+00  3.562E+00  3.650E+00  3.746E+00  3.835E+00  3.928E+00  4.014E+00  4.088E+00  4.190E+00  4.255E+00  4.343E+00  4.412E+00  4.479E+00  4.549E+00  4.618E+00  4.663E+00  4.727E+00  4.774E+00  4.829E+00  4.874E+00  4.899E+00  4.928E+00  4.949E+00  4.971E+00  4.968E+00  4.965E+00  4.954E+00  4.934E+00  4.900E+00  4.869E+00  4.824E+00  4.782E+00  4.717E+00  4.648E+00  4.575E+00  4.498E+00  4.399E+00  4.294E+00  4.186E+00  4.077E+00  3.957E+00  3.827E+00  3.703E+00  3.569E+00  3.436E+00  3.302E+00  3.158E+00  3.029E+00  2.884E+00  2.747E+00  2.615E+00  2.467E+00  2.341E+00  2.227E+00  2.089E+00  1.968E+00  1.847E+00  1.736E+00  1.625E+00  1.526E+00  1.432E+00  1.335E+00  1.250E+00  1.168E+00  1.090E+00  1.023E+00  9.558E-01  8.943E-01  8.357E-01  7.864E-01  7.410E-01  6.967E-01  6.562E-01  6.236E-01  5.914E-01  5.573E-01  5.313E-01  5.054E-01  4.852E-01  4.669E-01  4.460E-01  4.312E-01  4.134E-01  3.986E-01  3.885E-01  3.760E-01  3.654E-01  3.528E-01  3.430E-01  3.302E-01  3.177E-01  3.074E-01  2.969E-01  2.875E-01  2.743E-01  2.621E-01  2.502E-01  2.396E-01  2.270E-01  2.160E-01  2.016E-01  1.901E-01  1.780E-01  1.678E-01  1.554E-01  1.438E-01  1.315E-01  1.224E-01  1.144E-01  1.024E-01  9.294E-02  8.579E-02  7.556E-02  6.907E-02  6.266E-02  5.646E-02  4.985E-02  4.423E-02  3.896E-02  3.590E-02  3.118E-02  2.760E-02  2.474E-02  2.116E-02  1.916E-02  1.664E-02  1.487E-02  1.278E-02  1.118E-02  9.619E-03  8.971E-03  7.426E-03  6.509E-03  2.734E-02  Z
 0.000E+00  0.000E+00  0.000E+00  0.000E+00  0.000E+00  0.000E+00  0.000E+00  0.000E+00  0.000E+00  0.000E+00  0.000E+00  0.000E+00  0.000E+00  0.000E+00  0.000E+00  2.083E-05  4.036E-05  9.750E-05  7.511E-05  1.852E-04  1.983E-04  2.288E-04  2.234E-04  4.045E-04  3.468E-04  8.884E-04  9.852E-04  1.121E-03  1.560E-03  1.942E-03  2.072E-03  3.262E-03  3.284E-03  5.320E-03  5.308E-03  6.939E-03  8.254E-03  9.940E-03  1.219E-02  1.480E-02  1.637E-02  1.954E-02  2.323E-02  2.633E-02  3.085E-02  3.510E-02  4.029E-02  4.742E-02  5.166E-02  6.112E-02  6.810E-02  7.772E-02  8.757E-02  9.531E-02  1.072E-01  1.218E-01  1.334E-01  1.461E-01  1.610E-01  1.768E-01  1.933E-01  2.158E-01  2.325E-01  2.523E-01  2.768E-01  2.976E-01  3.271E-01  3.476E-01  3.789E-01  4.040E-01  4.386E-01  4.663E-01  4.997E-01  5.354E-01  5.750E-01  6.073E-01  6.488E-01  6.909E-01  7.290E-01  7.751E-01  8.272E-01  8.741E-01  9.238E-01  9.670E-01  1.024E+00  1.082E+00  1.139E+00  1.199E+00  1.265E+00  1.327E+00  1.381E+00  1.452E+00  1.524E+00  1.592E+00  1.663E+00  1.738E+00  1.816E+00  1.890E+00  1.963E+00  2.050E+00  2.138E+00  2.223E+00  2.310E+00  2.395E+00  2.485E+00  2.570E+00  2.666E+00  2.767E+00  2.865E+00  2.959E+00  3.052E+00  3.148E+00  3.249E+00  3.355E+00  3.454E+00  3.555E+00  3.665E+00  3.773E+00  3.858E+00  3.950E+00  4.052E+00  4.154E+00  4.255E+00  4.346E+00  4.439E+00  4.536E+00  4.619E+00  4.726E+00  4.801E+00  4.894E+00  4.950E+00  5.028E+00  5.102E+00  5.169E+00  5.232E+00  5.268E+00  5.333E+00  5.380E+00  5.408E+00  5.452E+00  5.480E+00  5.480E+00  5.493E+00  5.482E+00  5.496E+00  5.475E+00  5.454E+00  5.422E+00  5.391E+00  5.323E+00  5.281E+00  5.201E+00  5.124E+00  5.032E+00  4.953E+00  4.839E+00  4.733E+00  4.613E+00  4.492E+00  4.368E+00  4.229E+00  4.085E+00  3.933E+00  3.797E+00  3.640E+00  3.483E+00  3.329E+00  3.186E+00  3.024E+00  2.879E+00  2.739E+00  2.589E+00  2.452E+00  2.307E+00  2.179E+00  2.049E+00  1.927E+00  1.806E+00  1.690E+00  1.587E+00  1.482E+00  1.390E+00  1.297E+00  1.211E+00  1.139E+00  1.064E+00  9.993E-01  9.352E-01  8.706E-01  8.249E-01  7.767E-01  7.302E-01  6.915E-01  6.566E-01  6.237E-01  5.927E-01  5.641E-01  5.400E-01  5.192E-01  4.977E-01  4.793E-01  4.610E-01  4.452E-01  4.294E-01  4.123E-01  3.969E-01  3.841E-01  3.720E-01  3.586E-01  3.458E-01  3.303E-01  3.194E-01  3.051E-01  2.936E-01  2.810E-01  2.655E-01  2.516E-01  2.383E-01  2.269E-01  2.113E-01  1.998E-01  1.881E-01  1.733E-01  1.608E-01  1.495E-01  1.361E-01  1.253E-01  1.154E-01  1.045E-01  9.528E-02  8.656E-02  7.902E-02  6.998E-02  6.229E-02  5.545E-02  5.050E-02  4.449E-02  4.007E-02  3.456E-02  3.036E-02  2.736E-02  2.380E-02  2.125E-02  1.850E-02  1.636E-02  1.423E-02  1.214E-02  1.102E-02  4.593E-02  Z
 0.000E+00  0.000E+00  0.000E+00  0.000E+00  0.000E+00  0.000E+00  0.000E+00  0.000E+00  0.000E+00  0.000E+00  0.000E+00  0.000E+00  4.597E-05  2.218E-05  0.000E+00  0.000E+00  1.994E-05  5.877E-05  1.710E-04  1.111E-04  2.350E-04  2.468E-04  3.270E-04  1.521E-04  4.788E-04  5.169E-04  7.306E-04  1.012E-03  1.469E-03  1.957E-03  2.426E-03  2.751E-03  3.514E-03  4.294E-03  5.189E-03  6.210E-03  7.707E-03  9.748E-03  1.225E-02  1.326E-02  1.588E-02  1.796E-02  2.227E-02  2.553E-02  2.931E-02  3.372E-02  3.872E-02  4.356E-02  5.006E-02  5.775E-02  6.327E-02  7.394E-02  8.278E-02  9.311E-02  1.032E-01  1.146E-01  1.278E-01  1.422E-01  1.543E-01  1.693E-01  1.896E-01  2.050E-01  2.247E-01  2.441E-01  2.663E-01  2.887E-01  3.166E-01  3.416E-01  3.670E-01  3.918E-01  4.219E-01  4.531E-01  4.864E-01  5.214E-01  5.550E-01  5.937E-01  6.328E-01  6.731E-01  7.146E-01  7.574E-01  8.080E-01  8.559E-01  9.010E-01  9.563E-01  1.008E+00  1.065E+00  1.120E+00  1.180E+00  1.240E+00  1.304E+00  1.363E+00  1.440E+00  1.501E+00  1.582E+00  1.653E+00  1.717E+00  1.803E+00  1.895E+00  1.964E+00  2.053E+00  2.130E+00  2.225E+00  2.316E+00  2.409E+00  2.505E+00  2.602E+00  2.691E+00  2.796E+00  2.895E+00  2.994E+00  3.102E+00  3.204E+00  3.314E+00  3.414E+00  3.540E+00  3.644E+00  3.754E+00  3.872E+00  3.976E+00  4.084E+00  4.190E+00  4.310E+00  4.422E+00  4.531E+00  4.632E+00  4.746E+00  4.853E+00  4.955E+00  5.060E+00  5.158E+00  5.259E+00  5.358E+00  5.447E+00  5.525E+00  5.606E+00  5.689E+00  5.761E+00  5.829E+00  5.882E+00  5.949E+00  5.999E+00  6.051E+00  6.101E+00  6.125E+00  6.137E+00  6.163E+00  6.174E+00  6.174E+00  6.172E+00  6.143E+00  6.127E+00  6.083E+00  6.047E+00  5.986E+00  5.916E+00  5.854E+00  5.762E+00  5.669E+00  5.555E+00  5.454E+00  5.354E+00  5.205E+00  5.069E+00  4.922E+00  4.775E+00  4.623E+00  4.464E+00  4.304E+00  4.139E+00  3.962E+00  3.799E+00  3.632E+00  3.465E+00  3.295E+00  3.130E+00  2.976E+00  2.808E+00  2.648E+00  2.509E+00  2.363E+00  2.227E+00  2.085E+00  1.958E+00  1.842E+00  1.722E+00  1.610E+00  1.510E+00  1.416E+00  1.327E+00  1.237E+00  1.162E+00  1.091E+00  1.024E+00  9.589E-01  9.017E-01  8.464E-01  8.009E-01  7.587E-01  7.230E-01  6.871E-01  6.515E-01  6.219E-01  5.887E-01  5.681E-01  5.504E-01  5.229E-01  5.059E-01  4.832E-01  4.655E-01  4.474E-01  4.299E-01  4.131E-01  3.974E-01  3.826E-01  3.681E-01  3.548E-01  3.365E-01  3.229E-01  3.054E-01  2.893E-01  2.745E-01  2.640E-01  2.474E-01  2.319E-01  2.154E-01  2.023E-01  1.858E-01  1.754E-01  1.608E-01  1.485E-01  1.353E-01  1.242E-01  1.132E-01  1.024E-01  9.254E-02  8.296E-02  7.408E-02  6.669E-02  5.985E-02  5.300E-02  4.762E-02  4.233E-02  3.714E-02  3.266E-02  2.882E-02  2.541E-02  2.287E-02  2.010E-02  8.358E-02  Z
 0.000E+00  0.000E+00  0.000E+00  0.000E+00  0.000E+00  0.000E+00  0.000E+00  0.000E+00  0.000E+00  0.000E+00  0.000E+00  0.000E+00  0.000E+00  0.000E+00  0.000E+00  2.089E-05  2.031E-05  0.000E+00  7.623E-05  2.411E-04  1.447E-04  1.581E-04  2.419E-04  4.209E-04  5.610E-04  5.812E-04  7.134E-04  1.153E-03  1.592E-03  1.504E-03  1.996E-03  2.609E-03  3.309E-03  4.190E-03  5.179E-03  6.332E-03  7.573E-03  8.410E-03  1.086E-02  1.259E-02  1.527E-02  1.693E-02  2.163E-02  2.424E-02  2.805E-02  3.277E-02  3.728E-02  4.225E-02  4.831E-02  5.671E-02  6.263E-02  7.149E-02  8.016E-02  9.086E-02  1.017E-01  1.098E-01  1.209E-01  1.346E-01  1.503E-01  1.671E-01  1.831E-01  2.024E-01  2.185E-01  2.405E-01  2.628E-01  2.819E-01  3.087E-01  3.306E-01  3.583E-01  3.831E-01  4.140E-01  4.466E-01  4.775E-01  5.114E-01  5.481E-01  5.798E-01  6.265E-01  6.684E-01  7.059E-01  7.485E-01  7.924E-01  8.392E-01  8.934E-01  9.397E-01  9.956E-01  1.045E+00  1.105E+00  1.165E+00  1.235E+00  1.298E+00  1.365E+00  1.427E+00  1.496E+00  1.571E+00  1.644E+00  1.718E+00  1.796E+00  1.879E+00  1.963E+00  2.045E+00  2.131E+00  2.229E+00  2.322E+00  2.412E+00  2.514E+00  2.605E+00  2.712E+00  2.818E+00  2.923E+00  3.025E+00  3.141E+00  3.242E+00  3.358E+00  3.469E+00  3.586E+00  3.706E+00  3.821E+00  3.936E+00  4.045E+00  4.176E+00  4.304E+00  4.409E+00  4.540E+00  4.651E+00  4.758E+00  4.884E+00  5.007E+00  5.110E+00  5.236E+00  5.339E+00  5.458E+00  5.568E+00  5.660E+00  5.774E+00  5.858E+00  5.950E+00  6.040E+00  6.124E+00  6.210E+00  6.301E+00  6.363E+00  6.426E+00  6.487E+00  6.540E+00  6.572E+00  6.603E+00  6.640E+00  6.666E+00  6.678E+00  6.695E+00  6.682E+00  6.668E+00  6.656E+00  6.628E+00  6.580E+00  6.535E+00  6.467E+00  6.402E+00  6.313E+00  6.230E+00  6.133E+00  6.016E+00  5.897E+00  5.764E+00  5.631E+00  5.488E+00  5.337E+00  5.168E+00  5.021E+00  4.842E+00  4.666E+00  4.484E+00  4.303E+00  4.135E+00  3.942E+00  3.754E+00  3.579E+00  3.405E+00  3.230E+00  3.056E+00  2.892E+00  2.738E+00  2.571E+00  2.430E+00  2.283E+00  2.144E+00  2.005E+00  1.887E+00  1.770E+00  1.658E+00  1.548E+00  1.446E+00  1.362E+00  1.274E+00  1.194E+00  1.116E+00  1.053E+00  9.890E-01  9.336E-01  8.780E-01  8.343E-01  7.844E-01  7.445E-01  7.123E-01  6.745E-01  6.442E-01  6.196E-01  5.903E-01  5.667E-01  5.444E-01  5.240E-01  5.000E-01  4.826E-01  4.629E-01  4.442E-01  4.262E-01  4.091E-01  3.944E-01  3.762E-01  3.575E-01  3.392E-01  3.216E-01  3.038E-01  2.898E-01  2.749E-01  2.577E-01  2.419E-01  2.239E-01  2.103E-01  1.948E-01  1.787E-01  1.660E-01  1.529E-01  1.399E-01  1.271E-01  1.154E-01  1.049E-01  9.424E-02  8.525E-02  7.676E-02  6.879E-02  6.123E-02  5.408E-02  4.775E-02  4.302E-02  3.840E-02  3.339E-02  2.978E-02  1.257E-01  Z
 0.000E+00  0.000E+00  0.000E+00  0.000E+00  0.000E+00  0.000E+00  0.000E+00  0.000E+00  0.000E+00  0.000E+00  0.000E+00  0.000E+00  2.330E-05  0.000E+00  0.000E+00  0.000E+00  0.000E+00  3.900E-05  5.688E-05  3.700E-05  1.995E-04  1.930E-04  4.293E-04  3.207E-04  4.127E-04  4.860E-04  5.377E-04  1.012E-03  1.468E-03  1.472E-03  1.879E-03  2.333E-03  2.849E-03  4.037E-03  4.634E-03  5.816E-03  6.940E-03  8.272E-03  1.065E-02  1.200E-02  1.395E-02  1.643E-02  2.014E-02  2.282E-02  2.661E-02  3.126E-02  3.511E-02  4.091E-02  4.625E-02  5.286E-02  6.141E-02  6.823E-02  7.506E-02  8.623E-02  9.642E-02  1.073E-01  1.195E-01  1.290E-01  1.490E-01  1.583E-01  1.774E-01  1.935E-01  2.126E-01  2.293E-01  2.511E-01  2.735E-01  2.970E-01  3.248E-01  3.449E-01  3.766E-01  4.036E-01  4.304E-01  4.632E-01  4.970E-01  5.308E-01  5.697E-01  6.116E-01  6.545E-01  6.918E-01  7.361E-01  7.795E-01  8.231E-01  8.731E-01  9.268E-01  9.739E-01  1.034E+00  1.099E+00  1.154E+00  1.213E+00  1.273E+00  1.342E+00  1.415E+00  1.477E+00  1.555E+00  1.630E+00  1.709E+00  1.792E+00  1.863E+00  1.955E+00  2.045E+00  2.130E+00  2.227E+00  2.315E+00  2.432E+00  2.517E+00  2.628E+00  2.728E+00  2.840E+00  2.941E+00  3.058E+00  3.166E+00  3.280E+00  3.408E+00  3.522E+00  3.644E+00  3.767E+00  3.896E+00  4.024E+00  4.160E+00  4.281E+00  4.400E+00  4.548E+00  4.675E+00  4.806E+00  4.941E+00  5.060E+00  5.191E+00  5.327E+00  5.468E+00  5.572E+00  5.716E+00  5.843E+00  5.951E+00  6.074E+00  6.198E+00  6.318E+00  6.419E+00  6.537E+00  6.627E+00  6.728E+00  6.829E+00  6.916E+00  7.006E+00  7.082E+00  7.149E+00  7.232E+00  7.291E+00  7.345E+00  7.373E+00  7.432E+00  7.444E+00  7.468E+00  7.483E+00  7.479E+00  7.479E+00  7.466E+00  7.433E+00  7.399E+00  7.366E+00  7.305E+00  7.230E+00  7.149E+00  7.059E+00  6.966E+00  6.849E+00  6.724E+00  6.581E+00  6.450E+00  6.297E+00  6.134E+00  5.963E+00  5.791E+00  5.616E+00  5.430E+00  5.231E+00  5.046E+00  4.846E+00  4.652E+00  4.455E+00  4.253E+00  4.051E+00  3.864E+00  3.654E+00  3.477E+00  3.278E+00  3.103E+00  2.926E+00  2.762E+00  2.594E+00  2.444E+00  2.292E+00  2.157E+00  2.016E+00  1.893E+00  1.777E+00  1.657E+00  1.549E+00  1.461E+00  1.369E+00  1.284E+00  1.205E+00  1.136E+00  1.065E+00  1.006E+00  9.482E-01  8.945E-01  8.482E-01  8.060E-01  7.656E-01  7.293E-01  6.984E-01  6.654E-01  6.352E-01  6.110E-01  5.837E-01  5.575E-01  5.348E-01  5.123E-01  4.909E-01  4.740E-01  4.486E-01  4.309E-01  4.123E-01  3.906E-01  3.703E-01  3.518E-01  3.315E-01  3.127E-01  2.938E-01  2.770E-01  2.569E-01  2.426E-01  2.237E-01  2.067E-01  1.924E-01  1.789E-01  1.636E-01  1.496E-01  1.350E-01  1.230E-01  1.114E-01  1.007E-01  9.092E-02  8.064E-02  7.151E-02  6.444E-02  5.687E-02  5.115E-02  2.224E-01  Z
 0.000E+00  0.000E+00  0.000E+00  0.000E+00  0.000E+00  0.000E+00  0.000E+00  0.000E+00  0.000E+00  2.628E-05  0.000E+00  0.000E+00  0.000E+00  6.618E-05  4.279E-05  4.128E-05  2.020E-05  3.887E-05  5.710E-05  5.538E-05  1.262E-04  1.762E-04  1.547E-04  3.200E-04  4.117E-04  4.044E-04  6.991E-04  8.562E-04  1.346E-03  1.564E-03  1.983E-03  2.300E-03  3.021E-03  4.024E-03  4.508E-03  5.554E-03  7.206E-03  8.096E-03  1.007E-02  1.187E-02  1.408E-02  1.703E-02  1.815E-02  2.214E-02  2.538E-02  2.909E-02  3.520E-02  4.015E-02  4.502E-02  5.011E-02  5.804E-02  6.664E-02  7.455E-02  8.373E-02  9.197E-02  1.018E-01  1.162E-01  1.305E-01  1.423E-01  1.561E-01  1.710E-01  1.867E-01  2.072E-01  2.270E-01  2.463E-01  2.682E-01  2.932E-01  3.154E-01  3.382E-01  3.671E-01  3.992E-01  4.247E-01  4.582E-01  4.874E-01  5.251E-01  5.656E-01  5.963E-01  6.388E-01  6.744E-01  7.224E-01  7.672E-01  8.167E-01  8.604E-01  9.106E-01  9.629E-01  1.020E+00  1.084E+00  1.135E+00  1.194E+00  1.272E+00  1.330E+00  1.404E+00  1.473E+00  1.546E+00  1.619E+00  1.704E+00  1.783E+00  1.865E+00  1.956E+00  2.043E+00  2.133E+00  2.229E+00  2.322E+00  2.424E+00  2.524E+00  2.629E+00  2.746E+00  2.846E+00  2.964E+00  3.082E+00  3.201E+00  3.312E+00  3.438E+00  3.557E+00  3.691E+00  3.818E+00  3.954E+00  4.086E+00  4.217E+00  4.358E+00  4.484E+00  4.632E+00  4.770E+00  4.907E+00  5.047E+00  5.195E+00  5.320E+00  5.470E+00  5.609E+00  5.747E+00  5.886E+00  6.024E+00  6.166E+00  6.293E+00  6.441E+00  6.560E+00  6.682E+00  6.813E+00  6.935E+00  7.036E+00  7.171E+00  7.267E+00  7.376E+00  7.478E+00  7.562E+00  7.647E+00  7.717E+00  7.810E+00  7.861E+00  7.929E+00  7.974E+00  8.026E+00  8.064E+00  8.082E+00  8.103E+00  8.110E+00  8.116E+00  8.092E+00  8.075E+00  8.034E+00  7.989E+00  7.945E+00  7.860E+00  7.794E+00  7.714E+00  7.606E+00  7.505E+00  7.387E+00  7.247E+00  7.104E+00  6.945E+00  6.783E+00  6.620E+00  6.445E+00  6.255E+00  6.056E+00  5.851E+00  5.646E+00  5.441E+00  5.237E+00  5.019E+00  4.792E+00  4.591E+00  4.370E+00  4.158E+00  3.959E+00  3.753E+00  3.551E+00  3.361E+00  3.175E+00  2.984E+00  2.818E+00  2.650E+00  2.494E+00  2.327E+00  2.187E+00  2.046E+00  1.924E+00  1.803E+00  1.692E+00  1.591E+00  1.486E+00  1.398E+00  1.316E+00  1.234E+00  1.162E+00  1.092E+00  1.028E+00  9.741E-01  9.241E-01  8.749E-01  8.289E-01  7.894E-01  7.505E-01  7.177E-01  6.854E-01  6.558E-01  6.260E-01  5.998E-01  5.695E-01  5.450E-01  5.242E-01  4.996E-01  4.784E-01  4.537E-01  4.332E-01  4.101E-01  3.891E-01  3.702E-01  3.490E-01  3.260E-01  3.082E-01  2.884E-01  2.730E-01  2.519E-01  2.330E-01  2.154E-01  2.001E-01  1.849E-01  1.678E-01  1.537E-01  1.387E-01  1.266E-01  1.133E-01  1.028E-01  9.278E-02  8.205E-02  7.267E-02  3.311E-01  Z
 0.000E+00  0.000E+00  0.000E+00  0.000E+00  0.000E+00  0.000E+00  0.000E+00  0.000E+00  0.000E+00  0.000E+00  2.508E-05  2.404E-05  0.000E+00  0.000E+00  2.136E-05  6.269E-05  2.027E-05  5.869E-05  5.708E-05  5.559E-05  1.078E-04  1.242E-04  1.036E-04  3.208E-04  3.961E-04  5.345E-04  5.230E-04  7.175E-04  1.056E-03  1.473E-03  1.718E-03  2.171E-03  2.737E-03  3.930E-03  4.104E-03  5.360E-03  6.330E-03  7.790E-03  8.812E-03  1.113E-02  1.325E-02  1.476E-02  1.802E-02  2.002E-02  2.501E-02  2.790E-02  3.283E-02  3.836E-02  4.369E-02  4.966E-02  5.835E-02  6.367E-02  7.215E-02  8.023E-02  8.841E-02  9.912E-02  1.119E-01  1.224E-01  1.356E-01  1.516E-01  1.648E-01  1.802E-01  2.012E-01  2.165E-01  2.416E-01  2.583E-01  2.818E-01  3.064E-01  3.329E-01  3.574E-01  3.830E-01  4.161E-01  4.451E-01  4.799E-01  5.126E-01  5.479E-01  5.874E-01  6.267E-01  6.702E-01  7.103E-01  7.520E-01  8.056E-01  8.484E-01  9.018E-01  9.507E-01  1.008E+00  1.067E+00  1.123E+00  1.190E+00  1.253E+00  1.315E+00  1.389E+00  1.457E+00  1.536E+00  1.615E+00  1.689E+00  1.770E+00  1.853E+00  1.943E+00  2.040E+00  2.130E+00  2.227E+00  2.325E+00  2.431E+00  2.534E+00  2.635E+00  2.749E+00  2.862E+00  2.981E+00  3.095E+00  3.222E+00  3.342E+00  3.476E+00  3.606E+00  3.749E+00  3.879E+00  4.016E+00  4.151E+00  4.305E+00  4.443E+00  4.594E+00  4.739E+00  4.899E+00  5.027E+00  5.193E+00  5.347E+00  5.501E+00  5.658E+00  5.808E+00  5.971E+00  6.119E+00  6.285E+00  6.422E+00  6.590E+00  6.743E+00  6.874E+00  7.035E+00  7.182E+00  7.318E+00  7.455E+00  7.588E+00  7.727E+00  7.851E+00  7.973E+00  8.091E+00  8.203E+00  8.321E+00  8.432E+00  8.514E+00  8.603E+00  8.687E+00  8.763E+00  8.831E+00  8.884E+00  8.923E+00  8.973E+00  9.004E+00  9.033E+00  9.039E+00  9.040E+00  9.032E+00  9.006E+00  9.000E+00  8.940E+00  8.878E+00  8.825E+00  8.745E+00  8.661E+00  8.558E+00  8.456E+00  8.333E+00  8.192E+00  8.041E+00  7.885E+00  7.713E+00  7.550E+00  7.351E+00  7.156E+00  6.953E+00  6.753E+00  6.512E+00  6.290E+00  6.055E+00  5.831E+00  5.593E+00  5.374E+00  5.125E+00  4.890E+00  4.678E+00  4.442E+00  4.208E+00  3.999E+00  3.775E+00  3.563E+00  3.364E+00  3.179E+00  2.988E+00  2.811E+00  2.640E+00  2.468E+00  2.323E+00  2.180E+00  2.043E+00  1.914E+00  1.794E+00  1.684E+00  1.580E+00  1.484E+00  1.393E+00  1.313E+00  1.234E+00  1.166E+00  1.104E+00  1.042E+00  9.842E-01  9.306E-01  8.886E-01  8.416E-01  8.006E-01  7.643E-01  7.269E-01  6.922E-01  6.607E-01  6.303E-01  6.037E-01  5.737E-01  5.509E-01  5.242E-01  4.965E-01  4.731E-01  4.477E-01  4.237E-01  4.008E-01  3.773E-01  3.560E-01  3.317E-01  3.116E-01  2.899E-01  2.695E-01  2.502E-01  2.302E-01  2.109E-01  1.950E-01  1.772E-01  1.627E-01  1.461E-01  1.333E-01  1.198E-01  5.631E-01  Z
 0.000E+00  0.000E+00  0.000E+00  0.000E+00  0.000E+00  0.000E+00  0.000E+00  0.000E+00  0.000E+00  0.000E+00  0.000E+00  0.000E+00  0.000E+00  0.000E+00  0.000E+00  0.000E+00  0.000E+00  0.000E+00  9.534E-05  5.555E-05  3.617E-05  1.227E-04  8.592E-05  2.364E-04  2.958E-04  5.027E-04  6.974E-04  9.052E-04  1.242E-03  1.396E-03  1.448E-03  1.907E-03  2.853E-03  3.471E-03  3.560E-03  4.936E-03  6.097E-03  7.082E-03  8.891E-03  1.071E-02  1.233E-02  1.497E-02  1.740E-02  2.007E-02  2.354E-02  2.671E-02  3.079E-02  3.652E-02  4.211E-02  4.722E-02  5.435E-02  6.044E-02  7.027E-02  7.602E-02  8.578E-02  9.475E-02  1.071E-01  1.190E-01  1.335E-01  1.461E-01  1.592E-01  1.771E-01  1.909E-01  2.106E-01  2.314E-01  2.504E-01  2.750E-01  2.959E-01  3.222E-01  3.455E-01  3.746E-01  4.031E-01  4.361E-01  4.655E-01  4.963E-01  5.340E-01  5.712E-01  6.101E-01  6.482E-01  6.922E-01  7.359E-01  7.788E-01  8.298E-01  8.790E-01  9.316E-01  9.864E-01  1.047E+00  1.102E+00  1.165E+00  1.236E+00  1.301E+00  1.377E+00  1.446E+00  1.519E+00  1.596E+00  1.673E+00  1.758E+00  1.840E+00  1.931E+00  2.027E+00  2.120E+00  2.225E+00  2.319E+00  2.424E+00  2.536E+00  2.649E+00  2.757E+00  2.886E+00  2.995E+00  3.134E+00  3.253E+00  3.387E+00  3.520E+00  3.653E+00  3.794E+00  3.938E+00  4.083E+00  4.246E+00  4.393E+00  4.554E+00  4.703E+00  4.868E+00  5.034E+00  5.199E+00  5.369E+00  5.522E+00  5.705E+00  5.870E+00  6.053E+00  6.210E+00  6.387E+00  6.575E+00  6.756E+00  6.914E+00  7.099E+00  7.267E+00  7.432E+00  7.609E+00  7.794E+00  7.960E+00  8.121E+00  8.276E+00  8.444E+00  8.607E+00  8.746E+00  8.905E+00  9.044E+00  9.190E+00  9.315E+00  9.447E+00  9.554E+00  9.662E+00  9.785E+00  9.875E+00  9.974E+00  1.005E+01  1.014E+01  1.019E+01  1.023E+01  1.031E+01  1.033E+01  1.036E+01  1.037E+01  1.038E+01  1.038E+01  1.035E+01  1.034E+01  1.028E+01  1.024E+01  1.017E+01  1.007E+01  9.978E+00  9.885E+00  9.774E+00  9.636E+00  9.480E+00  9.339E+00  9.161E+00  8.984E+00  8.799E+00  8.590E+00  8.388E+00  8.143E+00  7.940E+00  7.694E+00  7.439E+00  7.183E+00  6.941E+00  6.683E+00  6.412E+00  6.161E+00  5.886E+00  5.624E+00  5.361E+00  5.110E+00  4.852E+00  4.602E+00  4.361E+00  4.123E+00  3.891E+00  3.671E+00  3.454E+00  3.256E+00  3.063E+00  2.872E+00  2.702E+00  2.535E+00  2.378E+00  2.224E+00  2.085E+00  1.958E+00  1.837E+00  1.727E+00  1.621E+00  1.529E+00  1.430E+00  1.345E+00  1.275E+00  1.195E+00  1.137E+00  1.069E+00  1.018E+00  9.654E-01  9.167E-01  8.717E-01  8.271E-01  7.863E-01  7.458E-01  7.145E-01  6.749E-01  6.458E-01  6.084E-01  5.835E-01  5.522E-01  5.227E-01  4.952E-01  4.667E-01  4.416E-01  4.143E-01  3.875E-01  3.607E-01  3.369E-01  3.150E-01  2.912E-01  2.701E-01  2.501E-01  2.294E-01  2.101E-01  1.044E+00  Z
