e+
Z
Z
Z
 0.000E+00  0.000E+00  0.000E+00  4.362E-05  4.622E-04  1.045E-03  2.146E-03  3.579E-03  5.573E-03  8.376E-03  1.170E-02  1.557E-02  2.002E-02  2.654E-02  3.134E-02  3.747E-02  4.700E-02  5.626E-02  6.459E-02  7.309E-02  8.691E-02  9.683E-02  1.072E-01  1.201E-01  1.350E-01  1.487E-01  1.657E-01  1.772E-01  1.955E-01  2.109E-01  2.230E-01  2.396E-01  2.525E-01  2.677E-01  2.819E-01  2.894E-01  3.014E-01  3.106E-01  3.214E-01  3.316E-01  3.385E-01  3.458E-01  3.522E-01  3.570E-01  3.607E-01  3.614E-01  3.673E-01  3.620E-01  3.671E-01  3.653E-01  3.639E-01  3.644E-01  3.660E-01  3.576E-01  3.559E-01  3.528E-01  3.472E-01  3.431E-01  3.399E-01  3.339E-01  3.252E-01  3.208E-01  3.091E-01  3.058E-01  2.957E-01  2.883E-01  2.828E-01  2.751E-01  2.649E-01  2.548E-01  2.461E-01  2.375E-01  2.288E-01  2.185E-01  2.068E-01  1.976E-01  1.894E-01  1.785E-01  1.673E-01  1.590E-01  1.530E-01  1.413E-01  1.331E-01  1.264E-01  1.183E-01  1.113E-01  1.035E-01  9.568E-02  8.825E-02  8.236E-02  7.528E-02  7.136E-02  6.491E-02  5.895E-02  5.496E-02  5.033E-02  4.598E-02  4.140E-02  3.844E-02  3.428E-02  3.083E-02  2.737E-02  2.445E-02  2.169E-02  1.903E-02  1.637E-02  1.433E-02  1.248E-02  1.054E-02  9.498E-03  7.867E-03  6.692E-03  5.963E-03  4.952E-03  4.294E-03  3.500E-03  3.290E-03  2.507E-03  2.082E-03  1.894E-03  1.557E-03  1.358E-03  1.124E-03  9.533E-04  9.319E-04  7.379E-04  5.603E-04  5.586E-04  4.834E-04  5.089E-04  3.292E-04  2.487E-04  3.203E-04  1.976E-04  2.035E-04  1.813E-04  1.543E-04  7.689E-05  1.259E-04  8.331E-05  4.797E-05  5.535E-05  9.612E-05  5.379E-05  2.014E-05  2.662E-05  5.390E-05  1.982E-05  2.040E-05  6.111E-05  1.320E-05  2.629E-05  0.000E+00  Z
 0.000E+00  0.000E+00  5.172E-05  1.747E-04  7.692E-04  1.255E-03  2.019E-03  3.520E-03  5.997E-03  8.459E-03  1.150E-02  1.455E-02  1.961E-02  2.495E-02  3.148E-02  3.666E-02  4.368E-02  5.012E-02  6.249E-02  6.956E-02  8.162E-02  9.164E-02  1.046E-01  1.171E-01  1.296E-01  1.435E-01  1.567E-01  1.738E-01  1.905E-01  2.015E-01  2.183E-01  2.286E-01  2.437E-01  2.587E-01  2.691E-01  2.807E-01  2.910E-01  3.040E-01  3.171E-01  3.286E-01  3.329E-01  3.422E-01  3.498E-01  3.588E-01  3.622E-01  3.642E-01  3.723E-01  3.728E-01  3.758E-01  3.796E-01  3.775E-01  3.767E-01  3.740E-01  3.689E-01  3.714E-01  3.661E-01  3.589E-01  3.549E-01  3.478E-01  3.390E-01  3.341E-01  3.253E-01  3.197E-01  3.095E-01  3.047E-01  2.950E-01  2.837E-01  2.751E-01  2.690E-01  2.562E-01  2.511E-01  2.388E-01  2.303E-01  2.201E-01  2.106E-01  2.045E-01  1.931E-01  1.850E-01  1.750E-01  1.687E-01  1.579E-01  1.502E-01  1.432E-01  1.356E-01  1.260E-01  1.200E-01  1.127E-01  1.063E-01  9.989E-02  9.211E-02  8.728E-02  8.150E-02  7.493E-02  6.980E-02  6.552E-02  5.922E-02  5.629E-02  5.225E-02  4.729E-02  4.366E-02  3.903E-02  3.555E-02  3.304E-02  2.971E-02  2.596E-02  2.435E-02  2.126E-02  1.965E-02  1.733E-02  1.539E-02  1.354E-02  1.195E-02  9.638E-03  8.646E-03  7.233E-03  6.226E-03  5.490E-03  4.787E-03  3.925E-03  3.438E-03  2.974E-03  2.506E-03  2.238E-03  1.906E-03  1.643E-03  1.249E-03  1.151E-03  8.319E-04  8.715E-04  7.047E-04  5.515E-04  4.933E-04  4.110E-04  3.556E-04  2.457E-04  2.183E-04  1.885E-04  1.890E-04  1.616E-04  1.657E-04  1.726E-04  8.244E-05  1.094E-04  9.004E-05  6.768E-05  7.376E-05  2.753E-05  5.964E-05  7.409E-05  1.347E-05  2.686E-05  3.933E-05  1.987E-05  1.984E-05  6.408E-06  1.990E-05  2.633E-05  6.663E-06  1.321E-05  1.293E-05  1.295E-05  6.251E-06  2.593E-05  1.251E-05  0.000E+00  Z
 0.000E+00  0.000E+00  5.195E-05  2.626E-04  6.552E-04  1.359E-03  2.083E-03  3.310E-03  4.707E-03  7.394E-03  9.436E-03  1.150E-02  1.557E-02  1.964E-02  2.482E-02  2.830E-02  3.547E-02  4.250E-02  5.096E-02  5.731E-02  6.712E-02  7.821E-02  8.766E-02  9.634E-02  1.132E-01  1.241E-01  1.393E-01  1.483E-01  1.670E-01  1.779E-01  1.907E-01  2.057E-01  2.186E-01  2.315E-01  2.396E-01  2.567E-01  2.645E-01  2.744E-01  2.848E-01  2.951E-01  3.046E-01  3.144E-01  3.224E-01  3.268E-01  3.362E-01  3.441E-01  3.467E-01  3.559E-01  3.601E-01  3.661E-01  3.679E-01  3.759E-01  3.771E-01  3.761E-01  3.796E-01  3.830E-01  3.828E-01  3.842E-01  3.820E-01  3.774E-01  3.763E-01  3.719E-01  3.701E-01  3.640E-01  3.604E-01  3.572E-01  3.497E-01  3.436E-01  3.389E-01  3.292E-01  3.208E-01  3.190E-01  3.055E-01  2.985E-01  2.902E-01  2.798E-01  2.699E-01  2.609E-01  2.503E-01  2.426E-01  2.319E-01  2.207E-01  2.138E-01  1.987E-01  1.915E-01  1.842E-01  1.726E-01  1.658E-01  1.575E-01  1.469E-01  1.388E-01  1.310E-01  1.236E-01  1.157E-01  1.074E-01  1.014E-01  9.433E-02  8.877E-02  8.275E-02  7.410E-02  6.890E-02  6.354E-02  5.966E-02  5.599E-02  4.919E-02  4.510E-02  4.054E-02  3.767E-02  3.341E-02  3.026E-02  2.770E-02  2.531E-02  2.291E-02  1.930E-02  1.773E-02  1.589E-02  1.444E-02  1.331E-02  1.110E-02  1.003E-02  9.269E-03  7.907E-03  6.599E-03  5.584E-03  5.049E-03  4.011E-03  3.615E-03  3.319E-03  2.458E-03  2.335E-03  2.080E-03  1.517E-03  1.372E-03  1.165E-03  1.133E-03  8.433E-04  7.289E-04  5.912E-04  5.770E-04  4.149E-04  3.718E-04  3.486E-04  2.695E-04  2.398E-04  2.178E-04  1.834E-04  1.628E-04  9.445E-05  1.143E-04  8.664E-05  7.956E-05  8.700E-05  5.978E-05  4.654E-05  5.906E-05  1.282E-05  5.265E-05  2.597E-05  1.951E-05  1.931E-05  6.244E-06  5.796E-05  6.341E-06  2.595E-05  2.559E-05  1.930E-05  1.897E-05  6.291E-06  6.091E-06  0.000E+00  Z
 0.000E+00  0.000E+00  5.198E-05  8.770E-05  7.731E-05  1.396E-04  6.096E-04  1.044E-03  1.317E-03  1.802E-03  2.573E-03  3.182E-03  4.482E-03  5.986E-03  7.574E-03  9.572E-03  1.127E-02  1.488E-02  1.850E-02  2.224E-02  2.492E-02  2.950E-02  3.682E-02  4.154E-02  4.690E-02  5.404E-02  6.078E-02  7.187E-02  7.954E-02  8.911E-02  9.992E-02  1.079E-01  1.183E-01  1.288E-01  1.424E-01  1.557E-01  1.676E-01  1.808E-01  1.951E-01  2.077E-01  2.211E-01  2.340E-01  2.471E-01  2.620E-01  2.776E-01  2.924E-01  3.061E-01  3.232E-01  3.358E-01  3.479E-01  3.663E-01  3.793E-01  3.884E-01  4.044E-01  4.146E-01  4.278E-01  4.350E-01  4.501E-01  4.560E-01  4.610E-01  4.743E-01  4.790E-01  4.814E-01  4.869E-01  4.893E-01  4.912E-01  4.949E-01  5.002E-01  4.961E-01  4.901E-01  4.896E-01  4.852E-01  4.787E-01  4.685E-01  4.632E-01  4.592E-01  4.487E-01  4.393E-01  4.273E-01  4.218E-01  4.076E-01  3.957E-01  3.777E-01  3.691E-01  3.545E-01  3.421E-01  3.297E-01  3.167E-01  3.004E-01  2.867E-01  2.711E-01  2.609E-01  2.468E-01  2.343E-01  2.205E-01  2.100E-01  1.983E-01  1.860E-01  1.726E-01  1.628E-01  1.513E-01  1.380E-01  1.307E-01  1.217E-01  1.118E-01  1.019E-01  9.436E-02  8.723E-02  7.950E-02  7.350E-02  6.726E-02  5.979E-02  5.366E-02  4.848E-02  4.427E-02  3.933E-02  3.496E-02  3.222E-02  2.842E-02  2.495E-02  2.224E-02  1.880E-02  1.703E-02  1.466E-02  1.313E-02  1.156E-02  1.005E-02  8.624E-03  7.462E-03  6.585E-03  5.632E-03  4.860E-03  4.621E-03  3.729E-03  2.908E-03  2.512E-03  2.088E-03  2.210E-03  1.770E-03  1.688E-03  1.779E-03  2.099E-03  2.417E-03  2.654E-03  3.284E-03  3.807E-03  4.529E-03  5.613E-03  5.643E-03  6.547E-03  7.207E-03  7.733E-03  8.261E-03  7.989E-03  8.149E-03  8.230E-03  8.296E-03  7.999E-03  8.216E-03  7.732E-03  6.918E-03  6.697E-03  6.778E-03  6.337E-03  5.812E-03  5.203E-03  4.945E-03  4.842E-03  4.250E-03  3.973E-03  3.427E-03  3.196E-03  3.157E-03  2.745E-03  2.453E-03  2.213E-03  1.782E-03  1.784E-03  1.434E-03  1.460E-03  1.295E-03  1.237E-03  1.050E-03  8.388E-04  7.529E-04  6.648E-04  4.635E-04  5.152E-04  4.537E-04  4.273E-04  3.446E-04  3.384E-04  2.703E-04  2.646E-04  2.175E-04  1.524E-04  2.278E-04  1.696E-04  1.389E-04  1.222E-04  1.324E-04  8.590E-05  5.811E-05  6.877E-05  6.876E-05  6.290E-05  4.565E-05  2.866E-05  1.726E-05  4.535E-05  3.413E-05  5.393E-06  1.724E-05  1.687E-05  1.116E-05  5.721E-06  2.274E-05  5.451E-06  1.114E-05  0.000E+00  Z
 0.000E+00  0.000E+00  0.000E+00  0.000E+00  0.000E+00  0.000E+00  0.000E+00  0.000E+00  0.000E+00  1.063E-04  1.503E-04  2.891E-04  5.086E-04  8.896E-04  1.028E-03  1.349E-03  1.873E-03  2.459E-03  3.532E-03  5.070E-03  6.115E-03  7.027E-03  9.403E-03  1.260E-02  1.453E-02  1.741E-02  2.104E-02  2.503E-02  3.041E-02  3.556E-02  4.110E-02  4.743E-02  5.657E-02  6.411E-02  7.450E-02  8.227E-02  9.406E-02  1.054E-01  1.170E-01  1.303E-01  1.458E-01  1.608E-01  1.739E-01  1.917E-01  2.112E-01  2.284E-01  2.467E-01  2.653E-01  2.867E-01  3.066E-01  3.291E-01  3.501E-01  3.705E-01  3.902E-01  4.195E-01  4.376E-01  4.564E-01  4.758E-01  5.000E-01  5.178E-01  5.381E-01  5.541E-01  5.745E-01  5.911E-01  6.052E-01  6.186E-01  6.353E-01  6.444E-01  6.507E-01  6.585E-01  6.744E-01  6.696E-01  6.763E-01  6.813E-01  6.770E-01  6.774E-01  6.729E-01  6.696E-01  6.572E-01  6.540E-01  6.448E-01  6.327E-01  6.205E-01  6.029E-01  5.957E-01  5.789E-01  5.643E-01  5.455E-01  5.279E-01  5.109E-01  4.920E-01  4.720E-01  4.488E-01  4.304E-01  4.128E-01  3.938E-01  3.755E-01  3.554E-01  3.351E-01  3.148E-01  2.951E-01  2.799E-01  2.616E-01  2.481E-01  2.312E-01  2.156E-01  1.992E-01  1.841E-01  1.700E-01  1.579E-01  1.432E-01  1.304E-01  1.221E-01  1.093E-01  1.018E-01  9.147E-02  8.274E-02  7.421E-02  6.735E-02  6.026E-02  5.387E-02  4.759E-02  4.259E-02  3.690E-02  3.283E-02  2.897E-02  2.605E-02  2.249E-02  1.995E-02  1.655E-02  1.518E-02  1.268E-02  1.143E-02  9.795E-03  8.544E-03  7.298E-03  6.500E-03  5.547E-03  5.320E-03  4.718E-03  5.249E-03  5.423E-03  5.964E-03  6.707E-03  7.337E-03  8.507E-03  9.992E-03  1.166E-02  1.274E-02  1.443E-02  1.634E-02  1.758E-02  1.883E-02  1.994E-02  2.100E-02  2.136E-02  2.193E-02  2.181E-02  2.218E-02  2.130E-02  2.146E-02  2.075E-02  2.019E-02  1.987E-02  1.821E-02  1.736E-02  1.686E-02  1.591E-02  1.465E-02  1.299E-02  1.233E-02  1.177E-02  1.094E-02  1.004E-02  8.788E-03  8.018E-03  7.258E-03  6.617E-03  5.745E-03  5.012E-03  4.781E-03  4.231E-03  4.097E-03  3.513E-03  3.148E-03  2.748E-03  2.552E-03  2.125E-03  2.055E-03  1.914E-03  1.661E-03  1.300E-03  1.101E-03  9.595E-04  9.457E-04  7.886E-04  8.126E-04  6.944E-04  5.750E-04  5.097E-04  3.247E-04  3.457E-04  3.525E-04  3.113E-04  2.790E-04  2.130E-04  2.171E-04  1.418E-04  1.638E-04  1.070E-04  1.131E-04  1.058E-04  7.907E-05  7.224E-05  7.303E-05  7.781E-05  6.693E-05  4.432E-05  2.258E-05  4.987E-05  2.748E-05  3.316E-05  1.128E-05  1.620E-05  1.129E-05  5.231E-06  3.273E-05  5.535E-06  1.624E-05  1.086E-05  1.616E-05  1.046E-05  1.118E-05  0.000E+00  Z
 0.000E+00  0.000E+00  0.000E+00  0.000E+00  3.869E-05  0.000E+00  0.000E+00  5.979E-05  0.000E+00  5.312E-05  1.263E-04  2.168E-04  3.237E-04  5.102E-04  6.441E-04  1.059E-03  1.327E-03  1.893E-03  2.506E-03  3.606E-03  4.877E-03  6.401E-03  7.718E-03  1.001E-02  1.163E-02  1.407E-02  1.692E-02  2.095E-02  2.398E-02  3.016E-02  3.542E-02  4.015E-02  4.597E-02  5.369E-02  6.201E-02  6.952E-02  7.914E-02  8.888E-02  1.021E-01  1.150E-01  1.263E-01  1.409E-01  1.561E-01  1.718E-01  1.875E-01  2.051E-01  2.267E-01  2.470E-01  2.626E-01  2.847E-01  3.067E-01  3.297E-01  3.527E-01  3.743E-01  3.982E-01  4.193E-01  4.488E-01  4.685E-01  4.881E-01  5.142E-01  5.373E-01  5.567E-01  5.766E-01  5.971E-01  6.203E-01  6.354E-01  6.519E-01  6.704E-01  6.805E-01  6.926E-01  6.999E-01  7.151E-01  7.206E-01  7.240E-01  7.276E-01  7.308E-01  7.308E-01  7.265E-01  7.240E-01  7.190E-01  7.092E-01  7.021E-01  6.916E-01  6.766E-01  6.662E-01  6.531E-01  6.345E-01  6.169E-01  6.001E-01  5.807E-01  5.647E-01  5.396E-01  5.248E-01  4.999E-01  4.793E-01  4.608E-01  4.342E-01  4.206E-01  4.008E-01  3.779E-01  3.573E-01  3.360E-01  3.175E-01  2.967E-01  2.769E-01  2.599E-01  2.418E-01  2.249E-01  2.087E-01  1.911E-01  1.781E-01  1.632E-01  1.515E-01  1.376E-01  1.261E-01  1.135E-01  1.039E-01  9.537E-02  8.446E-02  7.707E-02  7.000E-02  6.278E-02  5.504E-02  4.973E-02  4.424E-02  3.904E-02  3.374E-02  3.025E-02  2.579E-02  2.266E-02  2.021E-02  1.677E-02  1.486E-02  1.279E-02  1.098E-02  9.614E-03  8.252E-03  7.140E-03  6.304E-03  5.732E-03  5.740E-03  5.620E-03  5.521E-03  6.432E-03  7.104E-03  8.346E-03  9.894E-03  1.123E-02  1.311E-02  1.515E-02  1.639E-02  1.887E-02  1.992E-02  2.236E-02  2.310E-02  2.412E-02  2.504E-02  2.588E-02  2.564E-02  2.606E-02  2.652E-02  2.604E-02  2.506E-02  2.433E-02  2.342E-02  2.180E-02  2.179E-02  1.991E-02  1.880E-02  1.821E-02  1.600E-02  1.510E-02  1.383E-02  1.307E-02  1.175E-02  1.056E-02  9.742E-03  8.888E-03  8.220E-03  7.110E-03  6.224E-03  5.825E-03  5.078E-03  4.889E-03  4.017E-03  3.834E-03  3.331E-03  3.056E-03  2.722E-03  2.491E-03  1.987E-03  1.893E-03  1.612E-03  1.475E-03  1.368E-03  1.164E-03  1.146E-03  7.433E-04  7.764E-04  7.060E-04  5.363E-04  4.826E-04  4.554E-04  4.269E-04  3.785E-04  3.008E-04  2.508E-04  2.658E-04  1.990E-04  1.298E-04  1.811E-04  2.136E-04  9.088E-05  1.510E-04  6.047E-05  7.799E-05  8.365E-05  6.070E-05  7.225E-05  5.561E-05  3.326E-05  3.871E-05  1.635E-05  2.738E-05  3.783E-05  2.197E-05  3.226E-05  5.586E-06  5.533E-06  1.597E-05  1.082E-05  1.623E-05  5.583E-06  5.497E-06  5.229E-06  5.538E-06  0.000E+00  Z
 0.000E+00  0.000E+00  0.000E+00  0.000E+00  0.000E+00  3.497E-05  0.000E+00  0.000E+00  5.586E-05  0.000E+00  2.512E-05  0.000E+00  2.289E-05  1.110E-04  1.293E-04  1.454E-04  3.020E-04  3.902E-04  7.414E-04  5.551E-04  1.046E-03  1.531E-03  2.066E-03  2.208E-03  3.154E-03  4.108E-03  5.176E-03  6.136E-03  7.853E-03  8.834E-03  1.181E-02  1.392E-02  1.705E-02  1.906E-02  2.289E-02  2.683E-02  3.216E-02  3.684E-02  4.235E-02  4.811E-02  5.547E-02  6.321E-02  7.047E-02  8.208E-02  9.717E-02  1.027E-01  1.153E-01  1.295E-01  1.448E-01  1.573E-01  1.754E-01  1.943E-01  2.167E-01  2.337E-01  2.565E-01  2.758E-01  3.036E-01  3.285E-01  3.556E-01  3.837E-01  4.117E-01  4.384E-01  4.711E-01  5.029E-01  5.400E-01  5.700E-01  6.084E-01  6.424E-01  6.785E-01  7.185E-01  7.509E-01  7.876E-01  8.226E-01  8.590E-01  8.966E-01  9.257E-01  9.648E-01  9.960E-01  1.025E+00  1.053E+00  1.074E+00  1.097E+00  1.125E+00  1.139E+00  1.158E+00  1.171E+00  1.185E+00  1.185E+00  1.192E+00  1.202E+00  1.197E+00  1.193E+00  1.187E+00  1.167E+00  1.163E+00  1.144E+00  1.131E+00  1.108E+00  1.083E+00  1.057E+00  1.034E+00  1.001E+00  9.733E-01  9.417E-01  9.130E-01  8.769E-01  8.402E-01  8.091E-01  7.743E-01  7.394E-01  7.016E-01  6.672E-01  6.278E-01  5.933E-01  5.652E-01  5.278E-01  4.936E-01  4.640E-01  4.297E-01  4.039E-01  3.737E-01  3.459E-01  3.213E-01  2.948E-01  2.716E-01  2.485E-01  2.263E-01  2.047E-01  1.868E-01  1.707E-01  1.536E-01  1.400E-01  1.246E-01  1.120E-01  9.928E-02  8.772E-02  7.989E-02  6.983E-02  6.263E-02  5.509E-02  4.910E-02  4.385E-02  3.943E-02  3.452E-02  3.162E-02  2.930E-02  2.806E-02  2.662E-02  2.610E-02  2.595E-02  2.687E-02  2.666E-02  2.871E-02  3.012E-02  3.208E-02  3.506E-02  3.757E-02  4.139E-02  4.264E-02  4.651E-02  4.988E-02  5.178E-02  5.487E-02  5.790E-02  5.834E-02  6.030E-02  6.068E-02  6.212E-02  6.238E-02  6.112E-02  6.001E-02  6.091E-02  5.737E-02  5.569E-02  5.260E-02  5.005E-02  4.834E-02  4.655E-02  4.268E-02  4.024E-02  3.724E-02  3.416E-02  3.137E-02  2.840E-02  2.591E-02  2.424E-02  2.139E-02  1.980E-02  1.819E-02  1.617E-02  1.466E-02  1.354E-02  1.171E-02  1.034E-02  9.207E-03  8.452E-03  7.610E-03  6.233E-03  5.657E-03  4.742E-03  4.579E-03  3.958E-03  3.614E-03  3.069E-03  2.730E-03  2.521E-03  2.166E-03  1.896E-03  1.649E-03  1.339E-03  1.388E-03  1.019E-03  9.600E-04  1.008E-03  8.840E-04  6.321E-04  5.286E-04  5.089E-04  4.374E-04  3.249E-04  3.476E-04  2.979E-04  2.744E-04  1.697E-04  2.025E-04  1.524E-04  1.463E-04  1.027E-04  1.477E-04  1.234E-04  9.106E-05  1.027E-04  8.621E-05  5.324E-05  5.397E-05  4.739E-05  3.200E-05  2.667E-05  2.671E-05  2.620E-05  1.037E-05  2.670E-05  1.635E-05  5.123E-06  0.000E+00  Z
 0.000E+00  0.000E+00  0.000E+00  0.000E+00  0.000E+00  0.000E+00  0.000E+00  0.000E+00  0.000E+00  0.000E+00  2.547E-05  2.397E-05  4.629E-05  4.434E-05  1.283E-04  1.663E-04  1.008E-04  2.347E-04  3.233E-04  5.013E-04  6.321E-04  5.273E-04  1.189E-03  1.501E-03  1.817E-03  2.801E-03  3.065E-03  4.004E-03  4.819E-03  6.236E-03  7.424E-03  8.882E-03  1.068E-02  1.284E-02  1.474E-02  1.884E-02  2.154E-02  2.514E-02  2.989E-02  3.473E-02  4.004E-02  4.655E-02  5.211E-02  6.009E-02  6.872E-02  7.683E-02  8.525E-02  9.733E-02  1.090E-01  1.209E-01  1.357E-01  1.496E-01  1.663E-01  1.808E-01  2.019E-01  2.214E-01  2.398E-01  2.641E-01  2.840E-01  3.121E-01  3.364E-01  3.588E-01  3.893E-01  4.150E-01  4.482E-01  4.800E-01  5.153E-01  5.443E-01  5.836E-01  6.209E-01  6.583E-01  6.961E-01  7.340E-01  7.745E-01  8.109E-01  8.579E-01  8.984E-01  9.370E-01  9.825E-01  1.024E+00  1.077E+00  1.119E+00  1.158E+00  1.204E+00  1.239E+00  1.285E+00  1.324E+00  1.361E+00  1.398E+00  1.435E+00  1.455E+00  1.485E+00  1.515E+00  1.534E+00  1.555E+00  1.566E+00  1.584E+00  1.583E+00  1.590E+00  1.599E+00  1.588E+00  1.578E+00  1.566E+00  1.553E+00  1.540E+00  1.511E+00  1.486E+00  1.457E+00  1.422E+00  1.393E+00  1.358E+00  1.312E+00  1.282E+00  1.237E+00  1.186E+00  1.139E+00  1.097E+00  1.046E+00  9.989E-01  9.497E-01  9.028E-01  8.560E-01  8.173E-01  7.676E-01  7.216E-01  6.780E-01  6.340E-01  5.891E-01  5.498E-01  5.102E-01  4.739E-01  4.350E-01  4.022E-01  3.689E-01  3.389E-01  3.089E-01  2.833E-01  2.560E-01  2.342E-01  2.126E-01  1.888E-01  1.732E-01  1.579E-01  1.412E-01  1.257E-01  1.143E-01  1.017E-01  9.456E-02  8.608E-02  7.908E-02  7.257E-02  6.947E-02  6.564E-02  6.309E-02  6.119E-02  6.038E-02  6.134E-02  6.218E-02  6.403E-02  6.697E-02  6.555E-02  6.895E-02  7.099E-02  7.417E-02  7.803E-02  7.983E-02  8.188E-02  8.464E-02  8.677E-02  8.955E-02  8.980E-02  9.161E-02  9.219E-02  9.214E-02  9.092E-02  9.179E-02  8.902E-02  8.766E-02  8.516E-02  8.178E-02  7.922E-02  7.531E-02  7.178E-02  6.777E-02  6.363E-02  5.970E-02  5.529E-02  5.079E-02  4.731E-02  4.294E-02  3.875E-02  3.590E-02  3.303E-02  2.921E-02  2.674E-02  2.407E-02  2.152E-02  1.954E-02  1.767E-02  1.556E-02  1.409E-02  1.280E-02  1.086E-02  9.988E-03  9.051E-03  8.035E-03  6.888E-03  6.258E-03  5.451E-03  4.905E-03  4.382E-03  3.477E-03  3.236E-03  2.763E-03  2.470E-03  2.194E-03  1.875E-03  1.643E-03  1.543E-03  1.356E-03  1.144E-03  9.608E-04  9.412E-04  7.331E-04  7.175E-04  6.016E-04  5.656E-04  4.340E-04  3.785E-04  3.247E-04  3.026E-04  2.414E-04  1.889E-04  2.516E-04  2.019E-04  1.640E-04  1.535E-04  9.617E-05  1.318E-04  8.484E-05  6.796E-05  7.966E-05  4.696E-05  3.763E-05  4.225E-05  5.249E-05  3.166E-05  2.608E-05  1.057E-04  Z
 0.000E+00  0.000E+00  0.000E+00  0.000E+00  0.000E+00  0.000E+00  0.000E+00  0.000E+00  0.000E+00  0.000E+00  0.000E+00  0.000E+00  2.308E-05  2.246E-05  0.000E+00  6.248E-05  1.004E-04  1.958E-04  1.901E-04  2.950E-04  4.159E-04  4.761E-04  7.401E-04  1.027E-03  1.502E-03  1.636E-03  1.999E-03  2.991E-03  3.431E-03  3.730E-03  4.931E-03  6.100E-03  8.112E-03  9.234E-03  1.153E-02  1.300E-02  1.657E-02  1.861E-02  2.185E-02  2.503E-02  2.969E-02  3.397E-02  3.952E-02  4.542E-02  5.137E-02  5.930E-02  6.910E-02  7.676E-02  8.778E-02  9.477E-02  1.078E-01  1.206E-01  1.326E-01  1.474E-01  1.624E-01  1.818E-01  1.970E-01  2.158E-01  2.341E-01  2.589E-01  2.803E-01  3.053E-01  3.282E-01  3.547E-01  3.820E-01  4.099E-01  4.376E-01  4.627E-01  5.001E-01  5.377E-01  5.704E-01  6.054E-01  6.468E-01  6.788E-01  7.237E-01  7.634E-01  8.059E-01  8.517E-01  8.942E-01  9.400E-01  9.831E-01  1.033E+00  1.085E+00  1.128E+00  1.177E+00  1.230E+00  1.276E+00  1.333E+00  1.385E+00  1.435E+00  1.486E+00  1.539E+00  1.596E+00  1.648E+00  1.691E+00  1.741E+00  1.794E+00  1.846E+00  1.892E+00  1.934E+00  1.975E+00  2.014E+00  2.052E+00  2.092E+00  2.116E+00  2.150E+00  2.165E+00  2.177E+00  2.191E+00  2.210E+00  2.207E+00  2.202E+00  2.203E+00  2.193E+00  2.174E+00  2.153E+00  2.126E+00  2.095E+00  2.056E+00  2.017E+00  1.972E+00  1.924E+00  1.874E+00  1.811E+00  1.763E+00  1.703E+00  1.629E+00  1.573E+00  1.514E+00  1.449E+00  1.380E+00  1.316E+00  1.244E+00  1.176E+00  1.118E+00  1.047E+00  9.889E-01  9.237E-01  8.634E-01  8.095E-01  7.508E-01  6.991E-01  6.443E-01  5.969E-01  5.526E-01  5.106E-01  4.674E-01  4.298E-01  3.934E-01  3.584E-01  3.287E-01  3.039E-01  2.773E-01  2.561E-01  2.369E-01  2.183E-01  2.005E-01  1.896E-01  1.785E-01  1.673E-01  1.602E-01  1.534E-01  1.466E-01  1.431E-01  1.424E-01  1.387E-01  1.372E-01  1.351E-01  1.378E-01  1.387E-01  1.374E-01  1.378E-01  1.387E-01  1.403E-01  1.399E-01  1.384E-01  1.405E-01  1.418E-01  1.407E-01  1.385E-01  1.360E-01  1.372E-01  1.344E-01  1.322E-01  1.291E-01  1.232E-01  1.208E-01  1.158E-01  1.116E-01  1.072E-01  1.003E-01  9.540E-02  8.909E-02  8.479E-02  7.829E-02  7.285E-02  6.802E-02  6.284E-02  5.718E-02  5.254E-02  4.779E-02  4.325E-02  3.965E-02  3.538E-02  3.181E-02  2.841E-02  2.586E-02  2.238E-02  2.049E-02  1.803E-02  1.586E-02  1.433E-02  1.297E-02  1.187E-02  9.764E-03  9.154E-03  7.943E-03  6.939E-03  6.202E-03  5.590E-03  4.833E-03  4.146E-03  3.740E-03  3.058E-03  2.908E-03  2.499E-03  2.189E-03  1.772E-03  1.617E-03  1.304E-03  1.220E-03  1.147E-03  8.638E-04  8.052E-04  6.607E-04  6.289E-04  5.175E-04  3.984E-04  3.592E-04  4.003E-04  3.069E-04  2.519E-04  2.785E-04  2.260E-04  1.471E-04  1.518E-04  1.136E-04  1.207E-04  4.147E-04  Z
 0.000E+00  0.000E+00  0.000E+00  0.000E+00  0.000E+00  0.000E+00  0.000E+00  2.980E-05  0.000E+00  0.000E+00  0.000E+00  0.000E+00  4.657E-05  0.000E+00  0.000E+00  4.117E-05  8.038E-05  1.566E-04  5.652E-05  2.963E-04  3.238E-04  5.103E-04  6.721E-04  8.420E-04  7.767E-04  1.457E-03  1.286E-03  2.384E-03  2.830E-03  3.296E-03  3.680E-03  4.527E-03  6.138E-03  7.380E-03  9.039E-03  1.091E-02  1.369E-02  1.607E-02  1.849E-02  2.155E-02  2.650E-02  3.096E-02  3.430E-02  3.880E-02  4.607E-02  5.061E-02  5.873E-02  6.645E-02  7.513E-02  8.234E-02  9.359E-02  1.045E-01  1.187E-01  1.285E-01  1.450E-01  1.613E-01  1.772E-01  1.936E-01  2.114E-01  2.297E-01  2.512E-01  2.752E-01  2.987E-01  3.185E-01  3.469E-01  3.748E-01  4.032E-01  4.326E-01  4.609E-01  4.887E-01  5.270E-01  5.647E-01  5.939E-01  6.369E-01  6.716E-01  7.121E-01  7.558E-01  8.006E-01  8.377E-01  8.907E-01  9.353E-01  9.781E-01  1.033E+00  1.080E+00  1.134E+00  1.182E+00  1.238E+00  1.290E+00  1.348E+00  1.398E+00  1.457E+00  1.515E+00  1.575E+00  1.634E+00  1.697E+00  1.758E+00  1.820E+00  1.878E+00  1.935E+00  1.990E+00  2.057E+00  2.114E+00  2.174E+00  2.223E+00  2.284E+00  2.333E+00  2.393E+00  2.442E+00  2.490E+00  2.533E+00  2.569E+00  2.619E+00  2.650E+00  2.680E+00  2.709E+00  2.731E+00  2.754E+00  2.758E+00  2.769E+00  2.763E+00  2.762E+00  2.747E+00  2.734E+00  2.706E+00  2.676E+00  2.640E+00  2.601E+00  2.554E+00  2.501E+00  2.446E+00  2.385E+00  2.314E+00  2.244E+00  2.175E+00  2.101E+00  2.020E+00  1.941E+00  1.855E+00  1.777E+00  1.691E+00  1.615E+00  1.529E+00  1.444E+00  1.365E+00  1.288E+00  1.214E+00  1.129E+00  1.061E+00  9.863E-01  9.239E-01  8.576E-01  7.984E-01  7.380E-01  6.871E-01  6.361E-01  5.846E-01  5.440E-01  5.017E-01  4.670E-01  4.316E-01  3.994E-01  3.709E-01  3.472E-01  3.261E-01  3.033E-01  2.888E-01  2.709E-01  2.586E-01  2.480E-01  2.372E-01  2.309E-01  2.217E-01  2.145E-01  2.115E-01  2.067E-01  2.036E-01  2.024E-01  1.980E-01  1.974E-01  1.955E-01  1.938E-01  1.904E-01  1.879E-01  1.848E-01  1.828E-01  1.801E-01  1.773E-01  1.722E-01  1.714E-01  1.654E-01  1.621E-01  1.585E-01  1.527E-01  1.475E-01  1.403E-01  1.345E-01  1.274E-01  1.214E-01  1.140E-01  1.065E-01  9.902E-02  9.346E-02  8.564E-02  7.903E-02  7.222E-02  6.724E-02  6.094E-02  5.601E-02  5.125E-02  4.492E-02  4.155E-02  3.661E-02  3.289E-02  3.023E-02  2.622E-02  2.448E-02  2.098E-02  1.896E-02  1.704E-02  1.434E-02  1.261E-02  1.137E-02  1.040E-02  8.703E-03  7.886E-03  6.697E-03  6.072E-03  5.284E-03  4.730E-03  3.994E-03  3.591E-03  3.109E-03  2.721E-03  2.590E-03  2.114E-03  1.561E-03  1.439E-03  1.415E-03  1.223E-03  1.047E-03  9.217E-04  7.545E-04  7.356E-04  6.583E-04  4.550E-04  4.438E-04  4.338E-04  3.895E-04  1.329E-03  Z
 0.000E+00  0.000E+00  0.000E+00  0.000E+00  0.000E+00  0.000E+00  0.000E+00  0.000E+00  2.794E-05  0.000E+00  0.000E+00  0.000E+00  2.293E-05  6.644E-05  0.000E+00  6.182E-05  1.008E-04  7.775E-05  1.139E-04  2.224E-04  2.347E-04  3.176E-04  5.346E-04  6.890E-04  1.040E-03  9.700E-04  1.587E-03  1.495E-03  2.343E-03  2.721E-03  3.670E-03  4.400E-03  5.331E-03  6.905E-03  8.648E-03  9.486E-03  1.225E-02  1.315E-02  1.702E-02  1.870E-02  2.404E-02  2.775E-02  3.120E-02  3.613E-02  4.127E-02  4.649E-02  5.392E-02  6.120E-02  6.948E-02  7.973E-02  8.704E-02  9.918E-02  1.091E-01  1.221E-01  1.342E-01  1.480E-01  1.616E-01  1.807E-01  1.983E-01  2.194E-01  2.384E-01  2.562E-01  2.781E-01  3.033E-01  3.274E-01  3.523E-01  3.820E-01  4.088E-01  4.411E-01  4.703E-01  5.050E-01  5.327E-01  5.684E-01  6.080E-01  6.464E-01  6.863E-01  7.278E-01  7.729E-01  8.117E-01  8.622E-01  9.020E-01  9.486E-01  1.008E+00  1.049E+00  1.104E+00  1.158E+00  1.214E+00  1.268E+00  1.323E+00  1.385E+00  1.444E+00  1.501E+00  1.563E+00  1.626E+00  1.691E+00  1.749E+00  1.812E+00  1.883E+00  1.942E+00  2.006E+00  2.073E+00  2.151E+00  2.205E+00  2.272E+00  2.336E+00  2.403E+00  2.477E+00  2.539E+00  2.600E+00  2.666E+00  2.727E+00  2.790E+00  2.825E+00  2.894E+00  2.946E+00  2.979E+00  3.023E+00  3.065E+00  3.109E+00  3.132E+00  3.158E+00  3.181E+00  3.197E+00  3.205E+00  3.206E+00  3.205E+00  3.196E+00  3.170E+00  3.160E+00  3.130E+00  3.085E+00  3.043E+00  2.986E+00  2.929E+00  2.877E+00  2.802E+00  2.728E+00  2.650E+00  2.576E+00  2.475E+00  2.405E+00  2.307E+00  2.222E+00  2.127E+00  2.028E+00  1.932E+00  1.838E+00  1.744E+00  1.652E+00  1.553E+00  1.468E+00  1.387E+00  1.296E+00  1.221E+00  1.135E+00  1.064E+00  9.887E-01  9.234E-01  8.579E-01  7.964E-01  7.413E-01  6.897E-01  6.423E-01  5.940E-01  5.526E-01  5.155E-01  4.848E-01  4.483E-01  4.259E-01  3.992E-01  3.750E-01  3.542E-01  3.390E-01  3.230E-01  3.064E-01  2.954E-01  2.865E-01  2.765E-01  2.656E-01  2.605E-01  2.523E-01  2.491E-01  2.435E-01  2.393E-01  2.347E-01  2.301E-01  2.253E-01  2.219E-01  2.186E-01  2.149E-01  2.097E-01  2.054E-01  1.994E-01  1.945E-01  1.879E-01  1.823E-01  1.765E-01  1.707E-01  1.629E-01  1.560E-01  1.483E-01  1.414E-01  1.336E-01  1.256E-01  1.159E-01  1.099E-01  1.007E-01  9.393E-02  8.644E-02  7.986E-02  7.292E-02  6.660E-02  6.077E-02  5.436E-02  4.938E-02  4.413E-02  4.008E-02  3.553E-02  3.180E-02  2.878E-02  2.527E-02  2.276E-02  1.995E-02  1.789E-02  1.549E-02  1.359E-02  1.212E-02  1.027E-02  9.238E-03  8.392E-03  7.394E-03  6.091E-03  5.679E-03  5.075E-03  4.342E-03  3.350E-03  3.115E-03  2.911E-03  2.467E-03  2.276E-03  1.911E-03  1.509E-03  1.522E-03  1.190E-03  9.672E-04  7.792E-04  7.509E-04  6.851E-04  2.869E-03  Z
 0.000E+00  0.000E+00  0.000E+00  0.000E+00  0.000E+00  3.472E-05  0.000E+00  0.000E+00  0.000E+00  0.000E+00  0.000E+00  0.000E+00  0.000E+00  4.498E-05  6.463E-05  1.040E-04  6.060E-05  2.340E-04  1.902E-04  1.298E-04  2.888E-04  3.515E-04  4.990E-04  6.917E-04  6.768E-04  1.230E-03  1.412E-03  1.963E-03  2.312E-03  3.024E-03  3.370E-03  4.396E-03  5.546E-03  7.230E-03  7.858E-03  1.003E-02  1.152E-02  1.426E-02  1.592E-02  1.935E-02  2.267E-02  2.636E-02  3.041E-02  3.475E-02  3.956E-02  4.575E-02  5.242E-02  6.045E-02  6.799E-02  7.671E-02  8.571E-02  9.546E-02  1.084E-01  1.193E-01  1.344E-01  1.465E-01  1.627E-01  1.814E-01  1.949E-01  2.123E-01  2.343E-01  2.592E-01  2.759E-01  2.976E-01  3.251E-01  3.498E-01  3.764E-01  4.066E-01  4.356E-01  4.695E-01  4.960E-01  5.353E-01  5.668E-01  6.040E-01  6.464E-01  6.838E-01  7.231E-01  7.694E-01  8.081E-01  8.531E-01  8.972E-01  9.507E-01  1.000E+00  1.052E+00  1.103E+00  1.157E+00  1.211E+00  1.261E+00  1.328E+00  1.381E+00  1.438E+00  1.492E+00  1.565E+00  1.626E+00  1.689E+00  1.748E+00  1.811E+00  1.879E+00  1.947E+00  2.014E+00  2.083E+00  2.140E+00  2.213E+00  2.286E+00  2.353E+00  2.421E+00  2.487E+00  2.551E+00  2.612E+00  2.675E+00  2.738E+00  2.800E+00  2.848E+00  2.909E+00  2.963E+00  3.014E+00  3.064E+00  3.100E+00  3.135E+00  3.175E+00  3.201E+00  3.220E+00  3.251E+00  3.255E+00  3.263E+00  3.277E+00  3.264E+00  3.244E+00  3.224E+00  3.191E+00  3.165E+00  3.128E+00  3.078E+00  3.034E+00  2.966E+00  2.899E+00  2.835E+00  2.764E+00  2.672E+00  2.596E+00  2.507E+00  2.410E+00  2.322E+00  2.230E+00  2.126E+00  2.038E+00  1.931E+00  1.849E+00  1.743E+00  1.653E+00  1.560E+00  1.475E+00  1.380E+00  1.295E+00  1.209E+00  1.133E+00  1.061E+00  9.886E-01  9.202E-01  8.613E-01  7.976E-01  7.409E-01  6.907E-01  6.411E-01  5.986E-01  5.537E-01  5.182E-01  4.852E-01  4.551E-01  4.259E-01  3.993E-01  3.779E-01  3.585E-01  3.393E-01  3.286E-01  3.100E-01  2.991E-01  2.882E-01  2.791E-01  2.734E-01  2.639E-01  2.582E-01  2.525E-01  2.451E-01  2.419E-01  2.396E-01  2.324E-01  2.275E-01  2.237E-01  2.207E-01  2.165E-01  2.109E-01  2.061E-01  2.014E-01  1.960E-01  1.906E-01  1.853E-01  1.770E-01  1.683E-01  1.615E-01  1.561E-01  1.481E-01  1.377E-01  1.308E-01  1.232E-01  1.147E-01  1.074E-01  9.916E-02  9.095E-02  8.370E-02  7.759E-02  7.116E-02  6.400E-02  5.795E-02  5.204E-02  4.727E-02  4.306E-02  3.808E-02  3.482E-02  3.006E-02  2.731E-02  2.414E-02  2.114E-02  1.904E-02  1.728E-02  1.480E-02  1.330E-02  1.175E-02  1.028E-02  8.750E-03  7.804E-03  7.100E-03  6.298E-03  5.220E-03  4.623E-03  3.977E-03  3.605E-03  2.999E-03  2.935E-03  2.452E-03  2.153E-03  1.678E-03  1.561E-03  1.301E-03  1.158E-03  1.025E-03  9.049E-04  7.518E-04  2.923E-03  Z
 0.000E+00  0.000E+00  0.000E+00  0.000E+00  0.000E+00  0.000E+00  0.000E+00  0.000E+00  0.000E+00  0.000E+00  0.000E+00  0.000E+00  4.628E-05  2.244E-05  2.133E-05  4.155E-05  6.061E-05  5.842E-05  1.714E-04  2.217E-04  1.623E-04  5.462E-04  4.485E-04  5.571E-04  7.261E-04  1.246E-03  1.379E-03  1.825E-03  2.433E-03  2.766E-03  3.705E-03  4.540E-03  6.243E-03  6.537E-03  8.072E-03  9.860E-03  1.172E-02  1.371E-02  1.598E-02  1.890E-02  2.332E-02  2.628E-02  3.038E-02  3.525E-02  4.043E-02  4.651E-02  5.278E-02  5.916E-02  6.508E-02  7.548E-02  8.552E-02  9.436E-02  1.063E-01  1.215E-01  1.340E-01  1.443E-01  1.585E-01  1.782E-01  1.932E-01  2.142E-01  2.334E-01  2.555E-01  2.769E-01  2.954E-01  3.248E-01  3.479E-01  3.770E-01  4.017E-01  4.343E-01  4.664E-01  5.000E-01  5.313E-01  5.675E-01  6.043E-01  6.404E-01  6.831E-01  7.160E-01  7.595E-01  8.043E-01  8.509E-01  8.994E-01  9.415E-01  9.935E-01  1.043E+00  1.099E+00  1.148E+00  1.200E+00  1.263E+00  1.320E+00  1.378E+00  1.437E+00  1.495E+00  1.557E+00  1.620E+00  1.684E+00  1.748E+00  1.805E+00  1.877E+00  1.950E+00  2.016E+00  2.082E+00  2.150E+00  2.215E+00  2.290E+00  2.357E+00  2.417E+00  2.491E+00  2.556E+00  2.614E+00  2.677E+00  2.757E+00  2.813E+00  2.871E+00  2.927E+00  2.983E+00  3.045E+00  3.094E+00  3.140E+00  3.184E+00  3.214E+00  3.247E+00  3.276E+00  3.304E+00  3.318E+00  3.338E+00  3.338E+00  3.337E+00  3.317E+00  3.312E+00  3.289E+00  3.253E+00  3.226E+00  3.176E+00  3.136E+00  3.075E+00  3.015E+00  2.958E+00  2.876E+00  2.800E+00  2.712E+00  2.638E+00  2.542E+00  2.450E+00  2.358E+00  2.257E+00  2.159E+00  2.060E+00  1.964E+00  1.867E+00  1.767E+00  1.667E+00  1.575E+00  1.483E+00  1.393E+00  1.313E+00  1.232E+00  1.146E+00  1.070E+00  1.000E+00  9.305E-01  8.698E-01  8.074E-01  7.541E-01  7.010E-01  6.485E-01  6.015E-01  5.639E-01  5.256E-01  4.942E-01  4.618E-01  4.336E-01  4.085E-01  3.860E-01  3.666E-01  3.490E-01  3.341E-01  3.175E-01  3.040E-01  2.975E-01  2.854E-01  2.785E-01  2.693E-01  2.646E-01  2.566E-01  2.520E-01  2.472E-01  2.425E-01  2.387E-01  2.337E-01  2.284E-01  2.241E-01  2.199E-01  2.136E-01  2.097E-01  2.020E-01  1.971E-01  1.901E-01  1.836E-01  1.763E-01  1.713E-01  1.628E-01  1.552E-01  1.472E-01  1.386E-01  1.309E-01  1.217E-01  1.145E-01  1.073E-01  9.870E-02  9.052E-02  8.296E-02  7.578E-02  6.895E-02  6.437E-02  5.757E-02  5.123E-02  4.575E-02  4.202E-02  3.702E-02  3.399E-02  3.005E-02  2.599E-02  2.421E-02  2.083E-02  1.886E-02  1.627E-02  1.479E-02  1.263E-02  1.125E-02  9.862E-03  8.411E-03  7.363E-03  6.561E-03  5.702E-03  4.937E-03  4.137E-03  4.016E-03  3.428E-03  2.715E-03  2.657E-03  2.510E-03  1.803E-03  1.462E-03  1.513E-03  1.170E-03  1.138E-03  8.783E-04  7.224E-04  3.497E-03  Z
 0.000E+00  0.000E+00  0.000E+00  0.000E+00  0.000E+00  0.000E+00  0.000E+00  0.000E+00  0.000E+00  0.000E+00  0.000E+00  0.000E+00  0.000E+00  4.442E-05  2.157E-05  4.147E-05  6.022E-05  1.172E-04  1.140E-04  2.223E-04  2.531E-04  3.176E-04  4.647E-04  6.737E-04  8.743E-04  9.862E-04  1.316E-03  1.714E-03  2.264E-03  2.582E-03  3.874E-03  4.134E-03  5.546E-03  6.453E-03  8.054E-03  9.863E-03  1.086E-02  1.434E-02  1.590E-02  1.923E-02  2.251E-02  2.529E-02  3.061E-02  3.485E-02  3.958E-02  4.531E-02  5.212E-02  5.889E-02  6.720E-02  7.558E-02  8.552E-02  9.684E-02  1.056E-01  1.202E-01  1.330E-01  1.473E-01  1.608E-01  1.743E-01  1.962E-01  2.116E-01  2.318E-01  2.524E-01  2.789E-01  2.981E-01  3.211E-01  3.504E-01  3.758E-01  4.033E-01  4.330E-01  4.598E-01  4.948E-01  5.293E-01  5.653E-01  6.036E-01  6.357E-01  6.794E-01  7.223E-01  7.598E-01  8.054E-01  8.555E-01  8.955E-01  9.429E-01  9.929E-01  1.043E+00  1.097E+00  1.150E+00  1.206E+00  1.265E+00  1.325E+00  1.379E+00  1.435E+00  1.497E+00  1.560E+00  1.619E+00  1.683E+00  1.753E+00  1.816E+00  1.883E+00  1.948E+00  2.013E+00  2.088E+00  2.152E+00  2.209E+00  2.293E+00  2.363E+00  2.425E+00  2.490E+00  2.563E+00  2.629E+00  2.696E+00  2.749E+00  2.817E+00  2.877E+00  2.940E+00  2.996E+00  3.051E+00  3.089E+00  3.133E+00  3.186E+00  3.219E+00  3.250E+00  3.284E+00  3.315E+00  3.321E+00  3.336E+00  3.339E+00  3.344E+00  3.331E+00  3.324E+00  3.298E+00  3.272E+00  3.231E+00  3.193E+00  3.153E+00  3.091E+00  3.028E+00  2.956E+00  2.884E+00  2.813E+00  2.736E+00  2.655E+00  2.556E+00  2.469E+00  2.373E+00  2.277E+00  2.174E+00  2.073E+00  1.972E+00  1.880E+00  1.784E+00  1.685E+00  1.593E+00  1.501E+00  1.408E+00  1.326E+00  1.237E+00  1.161E+00  1.080E+00  1.011E+00  9.399E-01  8.755E-01  8.126E-01  7.601E-01  7.061E-01  6.548E-01  6.120E-01  5.715E-01  5.324E-01  4.946E-01  4.676E-01  4.375E-01  4.158E-01  3.863E-01  3.675E-01  3.522E-01  3.350E-01  3.220E-01  3.102E-01  2.988E-01  2.883E-01  2.821E-01  2.744E-01  2.657E-01  2.579E-01  2.553E-01  2.477E-01  2.399E-01  2.390E-01  2.351E-01  2.306E-01  2.256E-01  2.212E-01  2.162E-01  2.094E-01  2.029E-01  1.982E-01  1.932E-01  1.866E-01  1.791E-01  1.717E-01  1.640E-01  1.551E-01  1.480E-01  1.401E-01  1.329E-01  1.229E-01  1.144E-01  1.078E-01  9.883E-02  9.205E-02  8.399E-02  7.758E-02  7.041E-02  6.379E-02  5.836E-02  5.230E-02  4.728E-02  4.266E-02  3.826E-02  3.479E-02  3.057E-02  2.652E-02  2.399E-02  2.122E-02  1.926E-02  1.647E-02  1.476E-02  1.292E-02  1.171E-02  1.037E-02  8.761E-03  7.757E-03  6.956E-03  5.992E-03  5.515E-03  4.517E-03  4.115E-03  3.426E-03  3.023E-03  2.587E-03  2.274E-03  2.034E-03  1.791E-03  1.565E-03  1.367E-03  1.116E-03  1.125E-03  8.593E-04  3.575E-03  Z
 0.000E+00  0.000E+00  0.000E+00  0.000E+00  0.000E+00  0.000E+00  0.000E+00  0.000E+00  0.000E+00  0.000E+00  0.000E+00  0.000E+00  0.000E+00  2.207E-05  4.278E-05  2.087E-05  6.070E-05  7.845E-05  1.703E-04  2.037E-04  2.343E-04  2.818E-04  3.278E-04  4.042E-04  6.784E-04  1.101E-03  1.540E-03  1.667E-03  2.344E-03  2.738E-03  3.435E-03  4.338E-03  5.355E-03  6.502E-03  7.828E-03  9.006E-03  1.157E-02  1.320E-02  1.712E-02  1.907E-02  2.293E-02  2.576E-02  3.031E-02  3.508E-02  4.065E-02  4.465E-02  5.351E-02  5.883E-02  6.758E-02  7.549E-02  8.503E-02  9.473E-02  1.070E-01  1.176E-01  1.328E-01  1.480E-01  1.608E-01  1.755E-01  1.940E-01  2.093E-01  2.294E-01  2.493E-01  2.728E-01  2.966E-01  3.178E-01  3.441E-01  3.747E-01  3.993E-01  4.327E-01  4.639E-01  4.936E-01  5.349E-01  5.645E-01  5.962E-01  6.366E-01  6.785E-01  7.181E-01  7.621E-01  8.059E-01  8.461E-01  8.930E-01  9.427E-01  9.936E-01  1.041E+00  1.095E+00  1.149E+00  1.202E+00  1.262E+00  1.316E+00  1.370E+00  1.434E+00  1.495E+00  1.560E+00  1.619E+00  1.689E+00  1.753E+00  1.819E+00  1.881E+00  1.942E+00  2.019E+00  2.088E+00  2.160E+00  2.228E+00  2.290E+00  2.366E+00  2.441E+00  2.496E+00  2.567E+00  2.642E+00  2.690E+00  2.762E+00  2.822E+00  2.883E+00  2.935E+00  3.007E+00  3.054E+00  3.102E+00  3.156E+00  3.198E+00  3.237E+00  3.276E+00  3.300E+00  3.335E+00  3.346E+00  3.374E+00  3.371E+00  3.382E+00  3.370E+00  3.354E+00  3.344E+00  3.314E+00  3.283E+00  3.239E+00  3.198E+00  3.147E+00  3.086E+00  3.026E+00  2.950E+00  2.872E+00  2.790E+00  2.703E+00  2.613E+00  2.527E+00  2.429E+00  2.338E+00  2.234E+00  2.135E+00  2.035E+00  1.944E+00  1.837E+00  1.739E+00  1.645E+00  1.552E+00  1.455E+00  1.370E+00  1.285E+00  1.202E+00  1.130E+00  1.048E+00  9.790E-01  9.145E-01  8.486E-01  7.909E-01  7.356E-01  6.794E-01  6.377E-01  5.946E-01  5.536E-01  5.144E-01  4.815E-01  4.516E-01  4.309E-01  4.053E-01  3.821E-01  3.598E-01  3.460E-01  3.286E-01  3.172E-01  3.051E-01  2.960E-01  2.889E-01  2.769E-01  2.728E-01  2.648E-01  2.608E-01  2.521E-01  2.470E-01  2.438E-01  2.384E-01  2.323E-01  2.304E-01  2.249E-01  2.202E-01  2.151E-01  2.074E-01  2.027E-01  1.951E-01  1.895E-01  1.829E-01  1.761E-01  1.680E-01  1.586E-01  1.527E-01  1.433E-01  1.361E-01  1.278E-01  1.201E-01  1.105E-01  1.033E-01  9.430E-02  8.757E-02  7.985E-02  7.297E-02  6.622E-02  6.031E-02  5.473E-02  4.858E-02  4.351E-02  3.932E-02  3.544E-02  3.217E-02  2.792E-02  2.460E-02  2.221E-02  1.950E-02  1.722E-02  1.530E-02  1.378E-02  1.187E-02  1.022E-02  9.361E-03  8.417E-03  7.258E-03  6.137E-03  5.462E-03  4.911E-03  4.400E-03  3.530E-03  3.300E-03  2.679E-03  2.208E-03  2.171E-03  1.823E-03  1.523E-03  1.505E-03  1.163E-03  1.195E-03  9.017E-04  3.421E-03  Z
 0.000E+00  0.000E+00  0.000E+00  0.000E+00  0.000E+00  0.000E+00  0.000E+00  3.010E-05  2.817E-05  2.674E-05  0.000E+00  2.396E-05  2.332E-05  2.214E-05  6.437E-05  4.182E-05  0.000E+00  1.166E-04  1.899E-04  1.110E-04  2.158E-04  3.341E-04  5.179E-04  4.880E-04  8.906E-04  9.861E-04  1.365E-03  2.007E-03  2.218E-03  2.861E-03  3.623E-03  4.383E-03  5.458E-03  6.376E-03  7.902E-03  9.136E-03  1.095E-02  1.439E-02  1.580E-02  1.895E-02  2.242E-02  2.643E-02  2.972E-02  3.421E-02  3.991E-02  4.540E-02  5.125E-02  5.770E-02  6.685E-02  7.396E-02  8.508E-02  9.457E-02  1.082E-01  1.168E-01  1.295E-01  1.455E-01  1.588E-01  1.748E-01  1.910E-01  2.122E-01  2.318E-01  2.506E-01  2.703E-01  2.960E-01  3.163E-01  3.452E-01  3.716E-01  3.989E-01  4.301E-01  4.597E-01  4.887E-01  5.237E-01  5.631E-01  5.933E-01  6.375E-01  6.738E-01  7.159E-01  7.551E-01  7.987E-01  8.435E-01  8.944E-01  9.423E-01  9.909E-01  1.041E+00  1.098E+00  1.145E+00  1.199E+00  1.262E+00  1.312E+00  1.375E+00  1.432E+00  1.483E+00  1.552E+00  1.615E+00  1.678E+00  1.748E+00  1.815E+00  1.876E+00  1.947E+00  2.015E+00  2.089E+00  2.158E+00  2.227E+00  2.297E+00  2.366E+00  2.435E+00  2.500E+00  2.567E+00  2.644E+00  2.707E+00  2.776E+00  2.841E+00  2.903E+00  2.953E+00  3.019E+00  3.077E+00  3.133E+00  3.165E+00  3.236E+00  3.273E+00  3.315E+00  3.339E+00  3.367E+00  3.391E+00  3.412E+00  3.432E+00  3.426E+00  3.434E+00  3.420E+00  3.405E+00  3.379E+00  3.350E+00  3.321E+00  3.285E+00  3.223E+00  3.169E+00  3.108E+00  3.038E+00  2.967E+00  2.889E+00  2.803E+00  2.713E+00  2.623E+00  2.528E+00  2.426E+00  2.333E+00  2.235E+00  2.137E+00  2.032E+00  1.929E+00  1.831E+00  1.735E+00  1.630E+00  1.537E+00  1.449E+00  1.358E+00  1.278E+00  1.190E+00  1.114E+00  1.037E+00  9.693E-01  9.050E-01  8.385E-01  7.823E-01  7.291E-01  6.778E-01  6.322E-01  5.882E-01  5.499E-01  5.151E-01  4.818E-01  4.557E-01  4.280E-01  4.041E-01  3.828E-01  3.626E-01  3.483E-01  3.309E-01  3.174E-01  3.110E-01  2.961E-01  2.894E-01  2.794E-01  2.739E-01  2.694E-01  2.624E-01  2.556E-01  2.511E-01  2.462E-01  2.426E-01  2.327E-01  2.305E-01  2.257E-01  2.197E-01  2.160E-01  2.090E-01  2.028E-01  1.965E-01  1.894E-01  1.815E-01  1.736E-01  1.654E-01  1.575E-01  1.484E-01  1.409E-01  1.339E-01  1.250E-01  1.145E-01  1.085E-01  9.970E-02  9.176E-02  8.525E-02  7.857E-02  7.021E-02  6.350E-02  5.743E-02  5.314E-02  4.712E-02  4.193E-02  3.915E-02  3.329E-02  3.019E-02  2.709E-02  2.390E-02  2.145E-02  1.876E-02  1.669E-02  1.510E-02  1.282E-02  1.157E-02  1.068E-02  8.594E-03  7.801E-03  6.417E-03  5.895E-03  5.307E-03  4.297E-03  4.081E-03  3.269E-03  3.193E-03  2.490E-03  2.288E-03  1.894E-03  1.942E-03  1.581E-03  1.419E-03  1.087E-03  1.001E-03  3.907E-03  Z
 0.000E+00  0.000E+00  0.000E+00  0.000E+00  0.000E+00  0.000E+00  0.000E+00  0.000E+00  0.000E+00  0.000E+00  0.000E+00  4.819E-05  2.336E-05  4.436E-05  6.438E-05  0.000E+00  1.008E-04  9.707E-05  1.899E-04  1.486E-04  2.518E-04  3.518E-04  4.133E-04  5.390E-04  8.096E-04  6.628E-04  1.157E-03  1.760E-03  1.927E-03  2.607E-03  3.608E-03  4.191E-03  5.402E-03  6.666E-03  8.039E-03  8.678E-03  1.052E-02  1.315E-02  1.479E-02  1.856E-02  2.117E-02  2.387E-02  2.911E-02  3.422E-02  3.763E-02  4.596E-02  5.098E-02  5.737E-02  6.674E-02  7.483E-02  8.265E-02  9.165E-02  1.049E-01  1.126E-01  1.277E-01  1.415E-01  1.566E-01  1.733E-01  1.896E-01  2.112E-01  2.270E-01  2.458E-01  2.713E-01  2.909E-01  3.161E-01  3.375E-01  3.702E-01  3.954E-01  4.248E-01  4.559E-01  4.865E-01  5.232E-01  5.594E-01  5.927E-01  6.321E-01  6.715E-01  7.090E-01  7.576E-01  7.964E-01  8.417E-01  8.849E-01  9.326E-01  9.835E-01  1.037E+00  1.092E+00  1.143E+00  1.197E+00  1.253E+00  1.311E+00  1.364E+00  1.425E+00  1.490E+00  1.549E+00  1.615E+00  1.688E+00  1.746E+00  1.818E+00  1.883E+00  1.951E+00  2.017E+00  2.088E+00  2.156E+00  2.233E+00  2.294E+00  2.380E+00  2.446E+00  2.510E+00  2.587E+00  2.665E+00  2.715E+00  2.783E+00  2.854E+00  2.929E+00  2.990E+00  3.060E+00  3.118E+00  3.172E+00  3.227E+00  3.277E+00  3.323E+00  3.357E+00  3.400E+00  3.433E+00  3.471E+00  3.492E+00  3.512E+00  3.526E+00  3.526E+00  3.523E+00  3.520E+00  3.505E+00  3.484E+00  3.448E+00  3.424E+00  3.369E+00  3.319E+00  3.261E+00  3.210E+00  3.135E+00  3.050E+00  2.982E+00  2.899E+00  2.800E+00  2.700E+00  2.610E+00  2.506E+00  2.411E+00  2.302E+00  2.204E+00  2.105E+00  1.998E+00  1.889E+00  1.789E+00  1.692E+00  1.597E+00  1.504E+00  1.410E+00  1.324E+00  1.239E+00  1.156E+00  1.078E+00  1.013E+00  9.386E-01  8.775E-01  8.177E-01  7.655E-01  7.060E-01  6.599E-01  6.190E-01  5.778E-01  5.425E-01  5.040E-01  4.713E-01  4.478E-01  4.218E-01  4.007E-01  3.788E-01  3.645E-01  3.487E-01  3.338E-01  3.207E-01  3.109E-01  2.995E-01  2.913E-01  2.852E-01  2.770E-01  2.691E-01  2.618E-01  2.626E-01  2.530E-01  2.493E-01  2.420E-01  2.363E-01  2.311E-01  2.255E-01  2.215E-01  2.118E-01  2.064E-01  1.989E-01  1.924E-01  1.857E-01  1.766E-01  1.689E-01  1.613E-01  1.544E-01  1.422E-01  1.373E-01  1.255E-01  1.183E-01  1.088E-01  1.018E-01  9.388E-02  8.611E-02  7.827E-02  7.166E-02  6.466E-02  5.869E-02  5.377E-02  4.759E-02  4.268E-02  3.775E-02  3.498E-02  3.011E-02  2.685E-02  2.417E-02  2.082E-02  1.922E-02  1.687E-02  1.500E-02  1.318E-02  1.163E-02  1.038E-02  9.181E-03  7.545E-03  6.842E-03  5.858E-03  5.202E-03  4.603E-03  3.958E-03  3.921E-03  2.978E-03  2.718E-03  2.334E-03  1.946E-03  1.735E-03  1.626E-03  1.334E-03  1.059E-03  4.605E-03  Z
 0.000E+00  0.000E+00  0.000E+00  0.000E+00  0.000E+00  0.000E+00  0.000E+00  0.000E+00  0.000E+00  0.000E+00  0.000E+00  0.000E+00  4.593E-05  6.666E-05  4.298E-05  6.226E-05  8.031E-05  9.749E-05  7.549E-05  2.033E-04  2.703E-04  2.824E-04  5.170E-04  5.735E-04  6.432E-04  1.245E-03  1.205E-03  1.479E-03  1.894E-03  2.539E-03  3.360E-03  3.973E-03  5.359E-03  6.123E-03  7.633E-03  9.575E-03  1.072E-02  1.281E-02  1.547E-02  1.853E-02  2.243E-02  2.448E-02  2.850E-02  3.340E-02  3.802E-02  4.359E-02  4.924E-02  5.626E-02  6.388E-02  7.252E-02  8.061E-02  9.050E-02  1.036E-01  1.154E-01  1.280E-01  1.417E-01  1.546E-01  1.713E-01  1.883E-01  2.066E-01  2.260E-01  2.442E-01  2.664E-01  2.878E-01  3.113E-01  3.393E-01  3.625E-01  3.928E-01  4.208E-01  4.541E-01  4.857E-01  5.164E-01  5.520E-01  5.899E-01  6.283E-01  6.642E-01  7.035E-01  7.437E-01  7.876E-01  8.317E-01  8.786E-01  9.302E-01  9.805E-01  1.025E+00  1.078E+00  1.134E+00  1.193E+00  1.251E+00  1.305E+00  1.366E+00  1.420E+00  1.488E+00  1.551E+00  1.613E+00  1.685E+00  1.752E+00  1.814E+00  1.884E+00  1.952E+00  2.035E+00  2.095E+00  2.176E+00  2.239E+00  2.306E+00  2.382E+00  2.459E+00  2.529E+00  2.598E+00  2.670E+00  2.742E+00  2.814E+00  2.883E+00  2.949E+00  3.015E+00  3.081E+00  3.147E+00  3.207E+00  3.268E+00  3.316E+00  3.374E+00  3.410E+00  3.459E+00  3.507E+00  3.538E+00  3.561E+00  3.595E+00  3.610E+00  3.615E+00  3.625E+00  3.623E+00  3.612E+00  3.601E+00  3.574E+00  3.540E+00  3.510E+00  3.466E+00  3.408E+00  3.349E+00  3.283E+00  3.216E+00  3.138E+00  3.060E+00  2.973E+00  2.882E+00  2.784E+00  2.685E+00  2.583E+00  2.474E+00  2.370E+00  2.271E+00  2.159E+00  2.050E+00  1.948E+00  1.847E+00  1.747E+00  1.648E+00  1.549E+00  1.453E+00  1.368E+00  1.277E+00  1.201E+00  1.123E+00  1.045E+00  9.746E-01  9.051E-01  8.491E-01  7.859E-01  7.322E-01  6.878E-01  6.440E-01  5.970E-01  5.551E-01  5.279E-01  4.917E-01  4.645E-01  4.383E-01  4.156E-01  3.947E-01  3.742E-01  3.594E-01  3.452E-01  3.340E-01  3.217E-01  3.096E-01  3.013E-01  2.938E-01  2.867E-01  2.789E-01  2.723E-01  2.668E-01  2.596E-01  2.531E-01  2.475E-01  2.395E-01  2.391E-01  2.320E-01  2.243E-01  2.160E-01  2.106E-01  2.034E-01  1.960E-01  1.874E-01  1.801E-01  1.730E-01  1.653E-01  1.559E-01  1.455E-01  1.362E-01  1.270E-01  1.197E-01  1.096E-01  1.021E-01  9.298E-02  8.705E-02  7.871E-02  7.075E-02  6.529E-02  5.932E-02  5.313E-02  4.890E-02  4.225E-02  3.936E-02  3.536E-02  3.060E-02  2.767E-02  2.430E-02  2.136E-02  1.852E-02  1.723E-02  1.508E-02  1.284E-02  1.141E-02  1.013E-02  8.614E-03  7.884E-03  6.697E-03  5.887E-03  5.286E-03  4.509E-03  3.925E-03  3.540E-03  3.073E-03  2.551E-03  2.224E-03  1.874E-03  1.686E-03  1.460E-03  1.181E-03  5.391E-03  Z
 0.000E+00  0.000E+00  0.000E+00  0.000E+00  0.000E+00  0.000E+00  0.000E+00  0.000E+00  2.783E-05  2.638E-05  2.535E-05  2.434E-05  2.316E-05  2.236E-05  8.618E-05  4.152E-05  3.995E-05  9.773E-05  3.808E-05  5.569E-05  2.712E-04  2.638E-04  3.790E-04  6.247E-04  7.596E-04  9.706E-04  1.284E-03  2.087E-03  2.234E-03  2.390E-03  3.388E-03  4.177E-03  4.598E-03  5.818E-03  7.063E-03  8.856E-03  1.136E-02  1.284E-02  1.500E-02  1.850E-02  2.088E-02  2.498E-02  2.785E-02  3.279E-02  3.772E-02  4.253E-02  4.976E-02  5.673E-02  6.452E-02  7.140E-02  8.270E-02  9.171E-02  1.018E-01  1.142E-01  1.274E-01  1.402E-01  1.542E-01  1.691E-01  1.873E-01  2.051E-01  2.221E-01  2.402E-01  2.619E-01  2.863E-01  3.111E-01  3.358E-01  3.653E-01  3.909E-01  4.184E-01  4.516E-01  4.823E-01  5.135E-01  5.488E-01  5.918E-01  6.255E-01  6.657E-01  7.042E-01  7.469E-01  7.927E-01  8.349E-01  8.764E-01  9.294E-01  9.729E-01  1.027E+00  1.085E+00  1.136E+00  1.188E+00  1.247E+00  1.299E+00  1.357E+00  1.431E+00  1.487E+00  1.548E+00  1.611E+00  1.676E+00  1.750E+00  1.816E+00  1.883E+00  1.956E+00  2.021E+00  2.098E+00  2.173E+00  2.225E+00  2.306E+00  2.385E+00  2.456E+00  2.530E+00  2.607E+00  2.675E+00  2.756E+00  2.818E+00  2.892E+00  2.970E+00  3.028E+00  3.088E+00  3.158E+00  3.208E+00  3.279E+00  3.339E+00  3.396E+00  3.434E+00  3.487E+00  3.533E+00  3.575E+00  3.601E+00  3.618E+00  3.639E+00  3.655E+00  3.660E+00  3.661E+00  3.652E+00  3.659E+00  3.635E+00  3.601E+00  3.561E+00  3.529E+00  3.485E+00  3.419E+00  3.361E+00  3.294E+00  3.208E+00  3.127E+00  3.050E+00  2.955E+00  2.863E+00  2.763E+00  2.660E+00  2.546E+00  2.455E+00  2.347E+00  2.237E+00  2.132E+00  2.019E+00  1.918E+00  1.822E+00  1.713E+00  1.617E+00  1.522E+00  1.426E+00  1.339E+00  1.257E+00  1.173E+00  1.092E+00  1.019E+00  9.533E-01  8.839E-01  8.288E-01  7.662E-01  7.176E-01  6.731E-01  6.281E-01  5.867E-01  5.465E-01  5.154E-01  4.845E-01  4.586E-01  4.310E-01  4.100E-01  3.905E-01  3.724E-01  3.605E-01  3.461E-01  3.301E-01  3.192E-01  3.089E-01  3.021E-01  2.931E-01  2.851E-01  2.799E-01  2.731E-01  2.671E-01  2.602E-01  2.557E-01  2.502E-01  2.429E-01  2.386E-01  2.297E-01  2.226E-01  2.175E-01  2.087E-01  2.017E-01  1.930E-01  1.863E-01  1.778E-01  1.677E-01  1.609E-01  1.495E-01  1.417E-01  1.338E-01  1.244E-01  1.154E-01  1.052E-01  9.874E-02  9.069E-02  8.369E-02  7.542E-02  6.903E-02  6.151E-02  5.559E-02  4.968E-02  4.568E-02  4.056E-02  3.606E-02  3.182E-02  2.893E-02  2.526E-02  2.243E-02  2.027E-02  1.718E-02  1.574E-02  1.336E-02  1.217E-02  1.099E-02  9.602E-03  8.428E-03  7.002E-03  6.005E-03  5.633E-03  4.648E-03  4.052E-03  3.592E-03  3.123E-03  2.839E-03  2.386E-03  2.251E-03  1.769E-03  1.655E-03  1.203E-03  5.752E-03  Z
 0.000E+00  0.000E+00  0.000E+00  0.000E+00  0.000E+00  0.000E+00  0.000E+00  0.000E+00  0.000E+00  5.286E-05  0.000E+00  2.404E-05  4.612E-05  0.000E+00  4.263E-05  0.000E+00  8.079E-05  5.902E-05  1.133E-04  1.669E-04  2.343E-04  3.714E-04  3.619E-04  6.912E-04  8.579E-04  1.054E-03  1.459E-03  1.466E-03  1.898E-03  2.195E-03  3.566E-03  3.755E-03  4.815E-03  6.410E-03  7.540E-03  8.996E-03  1.115E-02  1.311E-02  1.606E-02  1.761E-02  2.154E-02  2.355E-02  2.750E-02  3.147E-02  3.836E-02  4.387E-02  5.014E-02  5.593E-02  6.423E-02  7.240E-02  8.101E-02  9.165E-02  9.948E-02  1.134E-01  1.254E-01  1.379E-01  1.541E-01  1.652E-01  1.853E-01  2.042E-01  2.273E-01  2.436E-01  2.636E-01  2.868E-01  3.083E-01  3.345E-01  3.624E-01  3.886E-01  4.150E-01  4.535E-01  4.822E-01  5.124E-01  5.504E-01  5.807E-01  6.257E-01  6.611E-01  7.017E-01  7.465E-01  7.838E-01  8.309E-01  8.799E-01  9.271E-01  9.711E-01  1.030E+00  1.079E+00  1.131E+00  1.189E+00  1.245E+00  1.306E+00  1.368E+00  1.418E+00  1.483E+00  1.552E+00  1.615E+00  1.683E+00  1.749E+00  1.816E+00  1.883E+00  1.948E+00  2.031E+00  2.094E+00  2.172E+00  2.234E+00  2.314E+00  2.397E+00  2.465E+00  2.538E+00  2.606E+00  2.680E+00  2.754E+00  2.832E+00  2.908E+00  2.969E+00  3.043E+00  3.103E+00  3.173E+00  3.237E+00  3.302E+00  3.348E+00  3.417E+00  3.463E+00  3.509E+00  3.546E+00  3.595E+00  3.631E+00  3.662E+00  3.677E+00  3.705E+00  3.705E+00  3.716E+00  3.709E+00  3.709E+00  3.679E+00  3.661E+00  3.630E+00  3.598E+00  3.539E+00  3.489E+00  3.421E+00  3.371E+00  3.286E+00  3.204E+00  3.127E+00  3.044E+00  2.936E+00  2.838E+00  2.743E+00  2.630E+00  2.539E+00  2.424E+00  2.311E+00  2.203E+00  2.102E+00  1.993E+00  1.885E+00  1.791E+00  1.680E+00  1.587E+00  1.493E+00  1.393E+00  1.306E+00  1.221E+00  1.146E+00  1.068E+00  1.002E+00  9.278E-01  8.689E-01  8.075E-01  7.573E-01  7.014E-01  6.575E-01  6.134E-01  5.764E-01  5.415E-01  5.044E-01  4.774E-01  4.523E-01  4.278E-01  4.083E-01  3.860E-01  3.711E-01  3.532E-01  3.432E-01  3.299E-01  3.192E-01  3.089E-01  2.998E-01  2.925E-01  2.849E-01  2.792E-01  2.713E-01  2.675E-01  2.598E-01  2.553E-01  2.484E-01  2.405E-01  2.367E-01  2.298E-01  2.219E-01  2.155E-01  2.072E-01  1.988E-01  1.923E-01  1.827E-01  1.740E-01  1.656E-01  1.576E-01  1.483E-01  1.393E-01  1.272E-01  1.197E-01  1.106E-01  1.026E-01  9.510E-02  8.721E-02  7.764E-02  7.154E-02  6.421E-02  5.816E-02  5.362E-02  4.753E-02  4.220E-02  3.776E-02  3.317E-02  3.027E-02  2.699E-02  2.390E-02  2.106E-02  1.870E-02  1.701E-02  1.502E-02  1.259E-02  1.143E-02  9.863E-03  8.855E-03  7.658E-03  6.787E-03  6.006E-03  5.026E-03  4.687E-03  3.988E-03  3.249E-03  2.827E-03  2.407E-03  2.193E-03  1.975E-03  1.522E-03  1.415E-03  6.306E-03  Z
 0.000E+00  0.000E+00  0.000E+00  0.000E+00  0.000E+00  0.000E+00  0.000E+00  2.982E-05  0.000E+00  0.000E+00  2.501E-05  0.000E+00  2.322E-05  0.000E+00  6.420E-05  2.091E-05  5.987E-05  9.847E-05  1.331E-04  1.479E-04  3.241E-04  2.993E-04  4.812E-04  4.713E-04  8.235E-04  1.113E-03  1.158E-03  1.728E-03  2.037E-03  2.526E-03  3.149E-03  4.397E-03  4.751E-03  5.859E-03  7.468E-03  8.292E-03  1.033E-02  1.255E-02  1.484E-02  1.785E-02  2.040E-02  2.482E-02  2.834E-02  3.214E-02  3.793E-02  4.287E-02  4.844E-02  5.679E-02  6.158E-02  7.084E-02  8.017E-02  8.986E-02  1.009E-01  1.107E-01  1.245E-01  1.381E-01  1.544E-01  1.675E-01  1.832E-01  2.032E-01  2.185E-01  2.379E-01  2.604E-01  2.854E-01  3.090E-01  3.347E-01  3.607E-01  3.841E-01  4.142E-01  4.489E-01  4.762E-01  5.114E-01  5.460E-01  5.823E-01  6.169E-01  6.597E-01  6.949E-01  7.425E-01  7.796E-01  8.236E-01  8.737E-01  9.208E-01  9.725E-01  1.020E+00  1.079E+00  1.129E+00  1.180E+00  1.241E+00  1.296E+00  1.357E+00  1.415E+00  1.479E+00  1.547E+00  1.612E+00  1.672E+00  1.746E+00  1.817E+00  1.882E+00  1.950E+00  2.032E+00  2.106E+00  2.173E+00  2.242E+00  2.325E+00  2.394E+00  2.477E+00  2.541E+00  2.625E+00  2.702E+00  2.776E+00  2.837E+00  2.915E+00  2.986E+00  3.061E+00  3.120E+00  3.199E+00  3.264E+00  3.326E+00  3.394E+00  3.454E+00  3.490E+00  3.552E+00  3.591E+00  3.639E+00  3.682E+00  3.723E+00  3.739E+00  3.769E+00  3.791E+00  3.797E+00  3.798E+00  3.806E+00  3.789E+00  3.762E+00  3.744E+00  3.703E+00  3.663E+00  3.605E+00  3.555E+00  3.489E+00  3.426E+00  3.350E+00  3.268E+00  3.182E+00  3.091E+00  2.989E+00  2.894E+00  2.780E+00  2.682E+00  2.577E+00  2.459E+00  2.352E+00  2.246E+00  2.133E+00  2.027E+00  1.910E+00  1.817E+00  1.709E+00  1.609E+00  1.513E+00  1.422E+00  1.331E+00  1.244E+00  1.166E+00  1.091E+00  1.015E+00  9.449E-01  8.807E-01  8.232E-01  7.624E-01  7.154E-01  6.699E-01  6.231E-01  5.862E-01  5.480E-01  5.165E-01  4.863E-01  4.600E-01  4.354E-01  4.132E-01  3.946E-01  3.804E-01  3.630E-01  3.488E-01  3.364E-01  3.246E-01  3.158E-01  3.087E-01  2.982E-01  2.932E-01  2.845E-01  2.771E-01  2.723E-01  2.656E-01  2.590E-01  2.520E-01  2.457E-01  2.400E-01  2.311E-01  2.242E-01  2.170E-01  2.107E-01  2.014E-01  1.912E-01  1.826E-01  1.756E-01  1.651E-01  1.567E-01  1.470E-01  1.369E-01  1.279E-01  1.189E-01  1.098E-01  1.013E-01  9.376E-02  8.586E-02  7.875E-02  7.089E-02  6.329E-02  5.825E-02  5.177E-02  4.676E-02  4.265E-02  3.730E-02  3.357E-02  2.970E-02  2.619E-02  2.335E-02  2.088E-02  1.818E-02  1.606E-02  1.451E-02  1.265E-02  1.116E-02  9.748E-03  8.094E-03  7.438E-03  6.553E-03  5.580E-03  5.002E-03  4.042E-03  3.741E-03  3.287E-03  2.785E-03  2.418E-03  2.108E-03  1.742E-03  1.704E-03  6.380E-03  Z
 0.000E+00  0.000E+00  0.000E+00  0.000E+00  0.000E+00  0.000E+00  0.000E+00  0.000E+00  0.000E+00  0.000E+00  2.506E-05  2.433E-05  4.605E-05  0.000E+00  2.153E-05  2.082E-05  4.010E-05  9.758E-05  1.902E-04  2.221E-04  2.536E-04  4.229E-04  3.615E-04  5.572E-04  4.959E-04  8.431E-04  1.271E-03  1.852E-03  2.129E-03  2.436E-03  2.943E-03  3.972E-03  4.761E-03  5.576E-03  7.055E-03  8.403E-03  1.059E-02  1.215E-02  1.444E-02  1.815E-02  2.077E-02  2.380E-02  2.802E-02  3.283E-02  3.721E-02  4.209E-02  4.851E-02  5.586E-02  6.261E-02  6.997E-02  7.850E-02  8.826E-02  9.952E-02  1.106E-01  1.223E-01  1.364E-01  1.510E-01  1.664E-01  1.837E-01  1.993E-01  2.180E-01  2.356E-01  2.613E-01  2.810E-01  3.047E-01  3.304E-01  3.546E-01  3.836E-01  4.113E-01  4.422E-01  4.744E-01  5.092E-01  5.431E-01  5.775E-01  6.193E-01  6.509E-01  6.912E-01  7.346E-01  7.799E-01  8.189E-01  8.711E-01  9.201E-01  9.724E-01  1.019E+00  1.072E+00  1.124E+00  1.183E+00  1.240E+00  1.302E+00  1.352E+00  1.419E+00  1.479E+00  1.542E+00  1.612E+00  1.680E+00  1.743E+00  1.809E+00  1.884E+00  1.958E+00  2.036E+00  2.108E+00  2.182E+00  2.251E+00  2.331E+00  2.408E+00  2.482E+00  2.557E+00  2.626E+00  2.712E+00  2.784E+00  2.861E+00  2.938E+00  3.008E+00  3.081E+00  3.158E+00  3.221E+00  3.292E+00  3.352E+00  3.419E+00  3.482E+00  3.541E+00  3.585E+00  3.646E+00  3.694E+00  3.728E+00  3.776E+00  3.803E+00  3.825E+00  3.849E+00  3.872E+00  3.881E+00  3.880E+00  3.868E+00  3.859E+00  3.836E+00  3.817E+00  3.774E+00  3.734E+00  3.678E+00  3.611E+00  3.555E+00  3.483E+00  3.406E+00  3.316E+00  3.229E+00  3.128E+00  3.036E+00  2.925E+00  2.822E+00  2.720E+00  2.606E+00  2.494E+00  2.375E+00  2.265E+00  2.154E+00  2.042E+00  1.937E+00  1.834E+00  1.725E+00  1.629E+00  1.525E+00  1.429E+00  1.342E+00  1.255E+00  1.175E+00  1.096E+00  1.027E+00  9.516E-01  8.934E-01  8.343E-01  7.758E-01  7.250E-01  6.817E-01  6.339E-01  5.909E-01  5.578E-01  5.233E-01  4.943E-01  4.673E-01  4.442E-01  4.217E-01  4.035E-01  3.836E-01  3.701E-01  3.555E-01  3.437E-01  3.343E-01  3.216E-01  3.129E-01  3.056E-01  2.987E-01  2.893E-01  2.856E-01  2.782E-01  2.682E-01  2.625E-01  2.565E-01  2.473E-01  2.417E-01  2.343E-01  2.261E-01  2.173E-01  2.085E-01  2.012E-01  1.920E-01  1.818E-01  1.721E-01  1.646E-01  1.563E-01  1.443E-01  1.369E-01  1.260E-01  1.183E-01  1.112E-01  1.001E-01  9.282E-02  8.496E-02  7.661E-02  6.958E-02  6.364E-02  5.713E-02  5.082E-02  4.639E-02  4.156E-02  3.725E-02  3.253E-02  2.920E-02  2.589E-02  2.293E-02  2.097E-02  1.727E-02  1.585E-02  1.436E-02  1.173E-02  1.036E-02  9.002E-03  8.314E-03  7.371E-03  6.302E-03  5.747E-03  4.730E-03  4.300E-03  3.507E-03  3.293E-03  2.821E-03  2.457E-03  1.892E-03  1.690E-03  7.364E-03  Z
 0.000E+00  0.000E+00  0.000E+00  0.000E+00  0.000E+00  0.000E+00  0.000E+00  0.000E+00  2.782E-05  2.647E-05  0.000E+00  0.000E+00  4.632E-05  4.455E-05  2.142E-05  4.152E-05  6.066E-05  1.167E-04  2.101E-04  1.663E-04  2.880E-04  4.059E-04  3.786E-04  6.055E-04  6.937E-04  1.020E-03  1.015E-03  1.478E-03  1.974E-03  2.074E-03  3.003E-03  3.555E-03  4.409E-03  5.454E-03  6.998E-03  7.873E-03  1.009E-02  1.178E-02  1.402E-02  1.770E-02  1.973E-02  2.372E-02  2.650E-02  3.059E-02  3.703E-02  4.118E-02  4.671E-02  5.315E-02  6.109E-02  6.795E-02  7.685E-02  8.624E-02  9.678E-02  1.076E-01  1.199E-01  1.345E-01  1.450E-01  1.620E-01  1.795E-01  1.964E-01  2.142E-01  2.367E-01  2.558E-01  2.777E-01  3.020E-01  3.242E-01  3.514E-01  3.759E-01  4.057E-01  4.350E-01  4.671E-01  5.016E-01  5.339E-01  5.680E-01  6.040E-01  6.493E-01  6.883E-01  7.267E-01  7.687E-01  8.201E-01  8.610E-01  9.136E-01  9.644E-01  1.009E+00  1.070E+00  1.114E+00  1.174E+00  1.227E+00  1.287E+00  1.347E+00  1.419E+00  1.479E+00  1.543E+00  1.606E+00  1.673E+00  1.742E+00  1.816E+00  1.884E+00  1.947E+00  2.031E+00  2.104E+00  2.181E+00  2.264E+00  2.337E+00  2.427E+00  2.492E+00  2.565E+00  2.644E+00  2.730E+00  2.815E+00  2.886E+00  2.956E+00  3.044E+00  3.121E+00  3.199E+00  3.271E+00  3.348E+00  3.427E+00  3.491E+00  3.545E+00  3.615E+00  3.679E+00  3.745E+00  3.793E+00  3.850E+00  3.891E+00  3.940E+00  3.965E+00  3.990E+00  4.033E+00  4.044E+00  4.064E+00  4.058E+00  4.065E+00  4.065E+00  4.044E+00  4.024E+00  3.981E+00  3.948E+00  3.896E+00  3.847E+00  3.775E+00  3.718E+00  3.627E+00  3.545E+00  3.463E+00  3.362E+00  3.267E+00  3.156E+00  3.051E+00  2.933E+00  2.829E+00  2.715E+00  2.600E+00  2.477E+00  2.361E+00  2.248E+00  2.124E+00  2.013E+00  1.907E+00  1.800E+00  1.698E+00  1.596E+00  1.493E+00  1.400E+00  1.309E+00  1.231E+00  1.148E+00  1.072E+00  9.949E-01  9.356E-01  8.680E-01  8.106E-01  7.630E-01  7.120E-01  6.675E-01  6.244E-01  5.860E-01  5.558E-01  5.226E-01  4.932E-01  4.681E-01  4.438E-01  4.265E-01  4.057E-01  3.935E-01  3.764E-01  3.616E-01  3.482E-01  3.406E-01  3.295E-01  3.181E-01  3.124E-01  3.017E-01  2.928E-01  2.885E-01  2.784E-01  2.722E-01  2.652E-01  2.554E-01  2.508E-01  2.395E-01  2.320E-01  2.225E-01  2.158E-01  2.056E-01  1.964E-01  1.872E-01  1.762E-01  1.675E-01  1.564E-01  1.485E-01  1.360E-01  1.280E-01  1.189E-01  1.080E-01  9.903E-02  9.213E-02  8.348E-02  7.643E-02  6.955E-02  6.275E-02  5.569E-02  5.034E-02  4.578E-02  3.990E-02  3.643E-02  3.257E-02  2.893E-02  2.451E-02  2.209E-02  1.968E-02  1.721E-02  1.554E-02  1.348E-02  1.191E-02  1.072E-02  9.102E-03  8.090E-03  6.696E-03  5.891E-03  5.366E-03  4.495E-03  3.856E-03  3.545E-03  3.026E-03  2.852E-03  2.234E-03  9.356E-03  Z
 0.000E+00  0.000E+00  0.000E+00  0.000E+00  0.000E+00  0.000E+00  3.222E-05  0.000E+00  0.000E+00  2.657E-05  0.000E+00  0.000E+00  4.618E-05  4.447E-05  2.163E-05  2.090E-05  3.978E-05  1.164E-04  1.329E-04  1.110E-04  3.070E-04  2.996E-04  2.754E-04  7.931E-04  5.780E-04  1.053E-03  1.239E-03  1.573E-03  2.111E-03  2.498E-03  2.973E-03  3.930E-03  4.284E-03  5.346E-03  6.548E-03  7.867E-03  9.557E-03  1.336E-02  1.475E-02  1.655E-02  1.899E-02  2.226E-02  2.590E-02  3.095E-02  3.560E-02  3.969E-02  4.791E-02  5.273E-02  5.888E-02  6.596E-02  7.671E-02  8.641E-02  9.497E-02  1.083E-01  1.198E-01  1.322E-01  1.473E-01  1.602E-01  1.774E-01  1.946E-01  2.111E-01  2.304E-01  2.537E-01  2.727E-01  2.961E-01  3.206E-01  3.468E-01  3.714E-01  4.071E-01  4.347E-01  4.615E-01  4.962E-01  5.281E-01  5.637E-01  6.007E-01  6.415E-01  6.803E-01  7.210E-01  7.672E-01  8.109E-01  8.578E-01  9.037E-01  9.529E-01  1.005E+00  1.056E+00  1.115E+00  1.166E+00  1.224E+00  1.282E+00  1.344E+00  1.407E+00  1.470E+00  1.537E+00  1.604E+00  1.672E+00  1.737E+00  1.809E+00  1.882E+00  1.960E+00  2.025E+00  2.121E+00  2.187E+00  2.274E+00  2.338E+00  2.421E+00  2.501E+00  2.584E+00  2.667E+00  2.751E+00  2.830E+00  2.910E+00  2.986E+00  3.071E+00  3.153E+00  3.234E+00  3.311E+00  3.391E+00  3.460E+00  3.534E+00  3.603E+00  3.669E+00  3.738E+00  3.811E+00  3.869E+00  3.929E+00  3.974E+00  4.022E+00  4.063E+00  4.116E+00  4.143E+00  4.180E+00  4.189E+00  4.205E+00  4.216E+00  4.217E+00  4.213E+00  4.192E+00  4.184E+00  4.137E+00  4.101E+00  4.058E+00  4.014E+00  3.940E+00  3.884E+00  3.800E+00  3.714E+00  3.630E+00  3.532E+00  3.431E+00  3.322E+00  3.218E+00  3.101E+00  2.989E+00  2.865E+00  2.750E+00  2.629E+00  2.508E+00  2.384E+00  2.269E+00  2.156E+00  2.038E+00  1.919E+00  1.811E+00  1.706E+00  1.604E+00  1.506E+00  1.413E+00  1.320E+00  1.234E+00  1.152E+00  1.076E+00  1.009E+00  9.384E-01  8.796E-01  8.210E-01  7.617E-01  7.159E-01  6.747E-01  6.290E-01  5.942E-01  5.599E-01  5.250E-01  4.991E-01  4.746E-01  4.551E-01  4.323E-01  4.141E-01  3.982E-01  3.836E-01  3.703E-01  3.569E-01  3.502E-01  3.353E-01  3.239E-01  3.170E-01  3.120E-01  3.032E-01  2.941E-01  2.837E-01  2.793E-01  2.654E-01  2.605E-01  2.500E-01  2.442E-01  2.349E-01  2.245E-01  2.138E-01  2.045E-01  1.961E-01  1.853E-01  1.743E-01  1.648E-01  1.523E-01  1.428E-01  1.336E-01  1.225E-01  1.146E-01  1.056E-01  9.570E-02  8.782E-02  8.083E-02  7.235E-02  6.560E-02  5.891E-02  5.315E-02  4.837E-02  4.238E-02  3.818E-02  3.481E-02  3.045E-02  2.655E-02  2.371E-02  2.080E-02  1.834E-02  1.597E-02  1.453E-02  1.249E-02  1.087E-02  9.825E-03  8.624E-03  7.202E-03  6.488E-03  5.686E-03  4.846E-03  4.277E-03  3.592E-03  3.420E-03  2.804E-03  1.132E-02  Z
 0.000E+00  0.000E+00  0.000E+00  0.000E+00  3.836E-05  3.485E-05  0.000E+00  3.007E-05  2.809E-05  2.628E-05  7.542E-05  2.422E-05  0.000E+00  2.212E-05  0.000E+00  2.061E-05  6.026E-05  9.706E-05  9.521E-05  1.853E-04  2.707E-04  1.590E-04  3.269E-04  4.223E-04  8.419E-04  5.504E-04  9.057E-04  1.277E-03  1.668E-03  2.453E-03  3.060E-03  4.163E-03  4.329E-03  5.059E-03  6.285E-03  8.338E-03  9.141E-03  1.090E-02  1.305E-02  1.595E-02  1.898E-02  2.179E-02  2.582E-02  2.929E-02  3.317E-02  3.735E-02  4.479E-02  5.051E-02  5.768E-02  6.595E-02  7.491E-02  8.391E-02  9.243E-02  1.044E-01  1.159E-01  1.262E-01  1.439E-01  1.561E-01  1.732E-01  1.888E-01  2.067E-01  2.250E-01  2.466E-01  2.676E-01  2.886E-01  3.128E-01  3.399E-01  3.676E-01  3.929E-01  4.246E-01  4.576E-01  4.894E-01  5.187E-01  5.584E-01  5.944E-01  6.285E-01  6.713E-01  7.164E-01  7.578E-01  8.010E-01  8.467E-01  8.886E-01  9.359E-01  9.901E-01  1.050E+00  1.097E+00  1.156E+00  1.215E+00  1.278E+00  1.337E+00  1.403E+00  1.463E+00  1.532E+00  1.597E+00  1.668E+00  1.740E+00  1.813E+00  1.885E+00  1.961E+00  2.035E+00  2.111E+00  2.194E+00  2.271E+00  2.349E+00  2.435E+00  2.528E+00  2.603E+00  2.690E+00  2.790E+00  2.853E+00  2.951E+00  3.023E+00  3.119E+00  3.204E+00  3.300E+00  3.369E+00  3.458E+00  3.542E+00  3.613E+00  3.698E+00  3.770E+00  3.852E+00  3.925E+00  3.988E+00  4.052E+00  4.122E+00  4.179E+00  4.249E+00  4.294E+00  4.337E+00  4.394E+00  4.418E+00  4.445E+00  4.466E+00  4.485E+00  4.495E+00  4.496E+00  4.503E+00  4.480E+00  4.470E+00  4.430E+00  4.401E+00  4.352E+00  4.300E+00  4.232E+00  4.167E+00  4.090E+00  4.015E+00  3.921E+00  3.814E+00  3.712E+00  3.612E+00  3.493E+00  3.366E+00  3.258E+00  3.127E+00  2.998E+00  2.872E+00  2.752E+00  2.614E+00  2.488E+00  2.372E+00  2.242E+00  2.124E+00  2.004E+00  1.886E+00  1.783E+00  1.667E+00  1.572E+00  1.475E+00  1.378E+00  1.293E+00  1.204E+00  1.132E+00  1.056E+00  9.843E-01  9.237E-01  8.595E-01  8.029E-01  7.550E-01  7.069E-01  6.608E-01  6.218E-01  5.872E-01  5.567E-01  5.279E-01  5.022E-01  4.787E-01  4.570E-01  4.384E-01  4.213E-01  4.063E-01  3.893E-01  3.790E-01  3.672E-01  3.537E-01  3.453E-01  3.341E-01  3.254E-01  3.153E-01  3.044E-01  2.966E-01  2.881E-01  2.791E-01  2.678E-01  2.588E-01  2.495E-01  2.403E-01  2.285E-01  2.177E-01  2.072E-01  1.945E-01  1.850E-01  1.735E-01  1.627E-01  1.537E-01  1.423E-01  1.332E-01  1.204E-01  1.107E-01  1.026E-01  9.428E-02  8.512E-02  7.762E-02  7.038E-02  6.343E-02  5.621E-02  5.077E-02  4.600E-02  4.101E-02  3.635E-02  3.222E-02  2.884E-02  2.564E-02  2.223E-02  1.973E-02  1.727E-02  1.565E-02  1.327E-02  1.163E-02  9.987E-03  8.915E-03  7.474E-03  6.489E-03  6.173E-03  5.008E-03  4.554E-03  3.873E-03  1.625E-02  Z
 0.000E+00  0.000E+00  0.000E+00  0.000E+00  0.000E+00  0.000E+00  0.000E+00  0.000E+00  0.000E+00  0.000E+00  5.054E-05  2.421E-05  0.000E+00  0.000E+00  1.070E-04  2.068E-05  4.013E-05  5.851E-05  7.669E-05  1.856E-04  1.445E-04  1.415E-04  3.615E-04  4.041E-04  6.952E-04  8.085E-04  1.064E-03  1.322E-03  1.515E-03  2.240E-03  2.764E-03  3.263E-03  4.370E-03  4.362E-03  6.079E-03  7.614E-03  8.874E-03  1.018E-02  1.229E-02  1.471E-02  1.689E-02  2.140E-02  2.281E-02  2.847E-02  3.200E-02  3.757E-02  4.253E-02  4.902E-02  5.534E-02  6.123E-02  6.969E-02  7.971E-02  8.968E-02  9.959E-02  1.102E-01  1.227E-01  1.349E-01  1.501E-01  1.672E-01  1.824E-01  1.992E-01  2.181E-01  2.375E-01  2.621E-01  2.813E-01  3.062E-01  3.299E-01  3.545E-01  3.831E-01  4.123E-01  4.455E-01  4.739E-01  5.124E-01  5.424E-01  5.799E-01  6.135E-01  6.545E-01  6.949E-01  7.348E-01  7.849E-01  8.282E-01  8.760E-01  9.263E-01  9.774E-01  1.026E+00  1.079E+00  1.144E+00  1.200E+00  1.260E+00  1.325E+00  1.384E+00  1.451E+00  1.518E+00  1.595E+00  1.657E+00  1.726E+00  1.813E+00  1.881E+00  1.966E+00  2.037E+00  2.117E+00  2.196E+00  2.288E+00  2.366E+00  2.455E+00  2.544E+00  2.644E+00  2.727E+00  2.811E+00  2.902E+00  2.999E+00  3.087E+00  3.188E+00  3.271E+00  3.361E+00  3.462E+00  3.555E+00  3.638E+00  3.744E+00  3.823E+00  3.919E+00  3.994E+00  4.097E+00  4.178E+00  4.244E+00  4.334E+00  4.400E+00  4.470E+00  4.554E+00  4.605E+00  4.666E+00  4.717E+00  4.778E+00  4.826E+00  4.853E+00  4.886E+00  4.919E+00  4.934E+00  4.954E+00  4.959E+00  4.962E+00  4.959E+00  4.926E+00  4.897E+00  4.859E+00  4.829E+00  4.763E+00  4.700E+00  4.635E+00  4.566E+00  4.466E+00  4.371E+00  4.258E+00  4.177E+00  4.049E+00  3.926E+00  3.810E+00  3.685E+00  3.548E+00  3.410E+00  3.277E+00  3.140E+00  2.997E+00  2.856E+00  2.726E+00  2.590E+00  2.452E+00  2.320E+00  2.195E+00  2.075E+00  1.954E+00  1.831E+00  1.717E+00  1.612E+00  1.516E+00  1.416E+00  1.328E+00  1.239E+00  1.159E+00  1.083E+00  1.016E+00  9.441E-01  8.895E-01  8.352E-01  7.796E-01  7.342E-01  6.960E-01  6.565E-01  6.163E-01  5.858E-01  5.578E-01  5.277E-01  5.058E-01  4.817E-01  4.652E-01  4.478E-01  4.313E-01  4.141E-01  3.979E-01  3.867E-01  3.750E-01  3.641E-01  3.519E-01  3.415E-01  3.298E-01  3.180E-01  3.088E-01  2.953E-01  2.856E-01  2.736E-01  2.609E-01  2.519E-01  2.412E-01  2.264E-01  2.159E-01  2.037E-01  1.892E-01  1.789E-01  1.671E-01  1.554E-01  1.446E-01  1.328E-01  1.233E-01  1.122E-01  1.020E-01  9.337E-02  8.495E-02  7.774E-02  6.971E-02  6.279E-02  5.692E-02  4.970E-02  4.460E-02  3.905E-02  3.473E-02  3.188E-02  2.745E-02  2.418E-02  2.166E-02  1.867E-02  1.652E-02  1.516E-02  1.265E-02  1.132E-02  9.249E-03  8.557E-03  6.987E-03  6.709E-03  2.731E-02  Z
 0.000E+00  0.000E+00  0.000E+00  0.000E+00  0.000E+00  0.000E+00  0.000E+00  0.000E+00  0.000E+00  0.000E+00  0.000E+00  0.000E+00  2.291E-05  8.905E-05  8.568E-05  6.217E-05  1.005E-04  3.875E-05  9.465E-05  1.853E-04  2.173E-04  2.297E-04  2.931E-04  4.541E-04  4.297E-04  6.159E-04  7.947E-04  1.216E-03  1.514E-03  1.966E-03  2.587E-03  3.074E-03  3.714E-03  4.350E-03  5.775E-03  6.388E-03  8.404E-03  9.593E-03  1.203E-02  1.356E-02  1.716E-02  2.009E-02  2.328E-02  2.673E-02  3.018E-02  3.561E-02  4.085E-02  4.545E-02  5.268E-02  5.884E-02  6.838E-02  7.828E-02  8.538E-02  9.577E-02  1.042E-01  1.175E-01  1.282E-01  1.406E-01  1.606E-01  1.762E-01  1.898E-01  2.112E-01  2.288E-01  2.483E-01  2.747E-01  2.939E-01  3.190E-01  3.444E-01  3.731E-01  4.018E-01  4.303E-01  4.643E-01  4.930E-01  5.293E-01  5.635E-01  6.021E-01  6.403E-01  6.795E-01  7.195E-01  7.666E-01  8.128E-01  8.624E-01  9.050E-01  9.621E-01  1.014E+00  1.067E+00  1.129E+00  1.184E+00  1.244E+00  1.305E+00  1.370E+00  1.441E+00  1.508E+00  1.573E+00  1.651E+00  1.718E+00  1.797E+00  1.877E+00  1.957E+00  2.039E+00  2.123E+00  2.202E+00  2.293E+00  2.391E+00  2.477E+00  2.571E+00  2.658E+00  2.747E+00  2.864E+00  2.949E+00  3.043E+00  3.146E+00  3.247E+00  3.347E+00  3.449E+00  3.550E+00  3.649E+00  3.746E+00  3.855E+00  3.954E+00  4.049E+00  4.155E+00  4.242E+00  4.341E+00  4.444E+00  4.535E+00  4.620E+00  4.705E+00  4.795E+00  4.868E+00  4.951E+00  5.026E+00  5.098E+00  5.161E+00  5.218E+00  5.273E+00  5.331E+00  5.366E+00  5.413E+00  5.440E+00  5.469E+00  5.493E+00  5.494E+00  5.485E+00  5.485E+00  5.466E+00  5.446E+00  5.414E+00  5.373E+00  5.312E+00  5.260E+00  5.196E+00  5.112E+00  5.025E+00  4.926E+00  4.823E+00  4.723E+00  4.603E+00  4.467E+00  4.335E+00  4.198E+00  4.058E+00  3.908E+00  3.767E+00  3.616E+00  3.474E+00  3.318E+00  3.162E+00  3.013E+00  2.872E+00  2.718E+00  2.571E+00  2.425E+00  2.292E+00  2.168E+00  2.039E+00  1.915E+00  1.795E+00  1.678E+00  1.577E+00  1.476E+00  1.379E+00  1.297E+00  1.210E+00  1.131E+00  1.060E+00  9.881E-01  9.307E-01  8.729E-01  8.230E-01  7.715E-01  7.317E-01  6.870E-01  6.515E-01  6.219E-01  5.902E-01  5.635E-01  5.414E-01  5.163E-01  4.965E-01  4.782E-01  4.588E-01  4.431E-01  4.305E-01  4.144E-01  3.972E-01  3.839E-01  3.719E-01  3.549E-01  3.436E-01  3.323E-01  3.178E-01  3.068E-01  2.910E-01  2.783E-01  2.671E-01  2.530E-01  2.392E-01  2.282E-01  2.119E-01  2.014E-01  1.858E-01  1.727E-01  1.614E-01  1.487E-01  1.370E-01  1.253E-01  1.149E-01  1.033E-01  9.537E-02  8.596E-02  7.761E-02  6.925E-02  6.382E-02  5.628E-02  5.041E-02  4.446E-02  3.953E-02  3.558E-02  3.103E-02  2.689E-02  2.425E-02  2.125E-02  1.863E-02  1.678E-02  1.413E-02  1.257E-02  1.038E-02  4.668E-02  Z
 0.000E+00  0.000E+00  0.000E+00  0.000E+00  0.000E+00  0.000E+00  0.000E+00  0.000E+00  0.000E+00  0.000E+00  0.000E+00  0.000E+00  2.299E-05  4.419E-05  6.444E-05  6.254E-05  2.013E-05  9.763E-05  7.648E-05  1.485E-04  1.993E-04  2.466E-04  3.448E-04  4.039E-04  4.463E-04  6.000E-04  7.933E-04  1.121E-03  1.681E-03  1.456E-03  2.233E-03  2.619E-03  3.353E-03  4.191E-03  5.342E-03  6.283E-03  7.623E-03  9.269E-03  1.118E-02  1.388E-02  1.452E-02  1.810E-02  2.157E-02  2.575E-02  2.943E-02  3.344E-02  3.826E-02  4.400E-02  4.887E-02  5.640E-02  6.459E-02  7.223E-02  8.055E-02  9.082E-02  1.015E-01  1.129E-01  1.257E-01  1.386E-01  1.540E-01  1.672E-01  1.868E-01  2.007E-01  2.228E-01  2.424E-01  2.631E-01  2.839E-01  3.074E-01  3.346E-01  3.596E-01  3.861E-01  4.171E-01  4.491E-01  4.808E-01  5.151E-01  5.524E-01  5.897E-01  6.224E-01  6.675E-01  7.058E-01  7.522E-01  7.951E-01  8.454E-01  8.948E-01  9.458E-01  9.963E-01  1.054E+00  1.111E+00  1.169E+00  1.231E+00  1.294E+00  1.362E+00  1.426E+00  1.495E+00  1.575E+00  1.641E+00  1.712E+00  1.788E+00  1.868E+00  1.951E+00  2.038E+00  2.122E+00  2.214E+00  2.310E+00  2.393E+00  2.491E+00  2.584E+00  2.684E+00  2.777E+00  2.879E+00  3.000E+00  3.094E+00  3.202E+00  3.298E+00  3.412E+00  3.523E+00  3.631E+00  3.748E+00  3.851E+00  3.974E+00  4.078E+00  4.193E+00  4.301E+00  4.422E+00  4.530E+00  4.640E+00  4.743E+00  4.848E+00  4.945E+00  5.042E+00  5.154E+00  5.242E+00  5.339E+00  5.422E+00  5.523E+00  5.600E+00  5.694E+00  5.754E+00  5.822E+00  5.878E+00  5.954E+00  5.995E+00  6.032E+00  6.080E+00  6.115E+00  6.124E+00  6.142E+00  6.159E+00  6.146E+00  6.140E+00  6.136E+00  6.106E+00  6.061E+00  6.010E+00  5.961E+00  5.899E+00  5.813E+00  5.740E+00  5.633E+00  5.545E+00  5.421E+00  5.302E+00  5.172E+00  5.042E+00  4.906E+00  4.755E+00  4.597E+00  4.431E+00  4.269E+00  4.116E+00  3.952E+00  3.779E+00  3.616E+00  3.443E+00  3.281E+00  3.118E+00  2.955E+00  2.796E+00  2.651E+00  2.500E+00  2.348E+00  2.216E+00  2.080E+00  1.950E+00  1.825E+00  1.717E+00  1.606E+00  1.503E+00  1.407E+00  1.313E+00  1.234E+00  1.159E+00  1.087E+00  1.020E+00  9.542E-01  8.972E-01  8.458E-01  7.996E-01  7.612E-01  7.162E-01  6.828E-01  6.511E-01  6.213E-01  5.939E-01  5.650E-01  5.439E-01  5.190E-01  5.020E-01  4.840E-01  4.627E-01  4.449E-01  4.293E-01  4.121E-01  3.982E-01  3.823E-01  3.648E-01  3.507E-01  3.378E-01  3.221E-01  3.050E-01  2.914E-01  2.763E-01  2.601E-01  2.450E-01  2.313E-01  2.159E-01  2.006E-01  1.865E-01  1.725E-01  1.586E-01  1.459E-01  1.354E-01  1.240E-01  1.134E-01  1.017E-01  9.274E-02  8.436E-02  7.377E-02  6.639E-02  5.878E-02  5.375E-02  4.667E-02  4.232E-02  3.722E-02  3.235E-02  2.882E-02  2.567E-02  2.204E-02  1.959E-02  8.286E-02  Z
 0.000E+00  0.000E+00  0.000E+00  0.000E+00  0.000E+00  0.000E+00  0.000E+00  0.000E+00  0.000E+00  0.000E+00  2.538E-05  0.000E+00  0.000E+00  0.000E+00  2.146E-05  0.000E+00  8.045E-05  1.170E-04  5.718E-05  1.474E-04  9.028E-05  1.408E-04  3.963E-04  4.217E-04  5.452E-04  7.433E-04  7.920E-04  1.321E-03  1.606E-03  1.792E-03  2.000E-03  2.457E-03  2.981E-03  4.238E-03  5.177E-03  6.346E-03  7.052E-03  8.780E-03  1.077E-02  1.226E-02  1.424E-02  1.804E-02  1.969E-02  2.406E-02  2.748E-02  3.257E-02  3.685E-02  4.339E-02  4.702E-02  5.447E-02  6.194E-02  7.130E-02  7.932E-02  8.684E-02  9.874E-02  1.103E-01  1.231E-01  1.364E-01  1.488E-01  1.643E-01  1.825E-01  1.971E-01  2.157E-01  2.353E-01  2.574E-01  2.775E-01  3.008E-01  3.262E-01  3.533E-01  3.780E-01  4.078E-01  4.394E-01  4.693E-01  5.021E-01  5.395E-01  5.739E-01  6.134E-01  6.515E-01  6.953E-01  7.417E-01  7.776E-01  8.282E-01  8.777E-01  9.263E-01  9.820E-01  1.044E+00  1.096E+00  1.156E+00  1.218E+00  1.277E+00  1.340E+00  1.410E+00  1.486E+00  1.559E+00  1.628E+00  1.708E+00  1.786E+00  1.864E+00  1.942E+00  2.033E+00  2.123E+00  2.219E+00  2.305E+00  2.390E+00  2.507E+00  2.600E+00  2.699E+00  2.803E+00  2.908E+00  3.015E+00  3.123E+00  3.229E+00  3.344E+00  3.455E+00  3.581E+00  3.687E+00  3.806E+00  3.909E+00  4.036E+00  4.170E+00  4.284E+00  4.401E+00  4.515E+00  4.641E+00  4.753E+00  4.880E+00  4.993E+00  5.114E+00  5.226E+00  5.338E+00  5.444E+00  5.545E+00  5.654E+00  5.751E+00  5.859E+00  5.955E+00  6.049E+00  6.122E+00  6.203E+00  6.281E+00  6.348E+00  6.410E+00  6.473E+00  6.516E+00  6.572E+00  6.599E+00  6.637E+00  6.654E+00  6.668E+00  6.670E+00  6.677E+00  6.660E+00  6.632E+00  6.603E+00  6.562E+00  6.515E+00  6.451E+00  6.371E+00  6.293E+00  6.210E+00  6.089E+00  5.995E+00  5.873E+00  5.745E+00  5.602E+00  5.466E+00  5.303E+00  5.145E+00  4.988E+00  4.822E+00  4.641E+00  4.464E+00  4.288E+00  4.102E+00  3.927E+00  3.744E+00  3.571E+00  3.383E+00  3.214E+00  3.049E+00  2.876E+00  2.728E+00  2.562E+00  2.417E+00  2.268E+00  2.134E+00  2.002E+00  1.874E+00  1.758E+00  1.648E+00  1.538E+00  1.446E+00  1.357E+00  1.271E+00  1.186E+00  1.117E+00  1.047E+00  9.882E-01  9.273E-01  8.780E-01  8.318E-01  7.860E-01  7.459E-01  7.082E-01  6.769E-01  6.421E-01  6.163E-01  5.913E-01  5.682E-01  5.444E-01  5.226E-01  4.995E-01  4.776E-01  4.613E-01  4.429E-01  4.251E-01  4.085E-01  3.916E-01  3.706E-01  3.539E-01  3.392E-01  3.237E-01  3.065E-01  2.906E-01  2.726E-01  2.587E-01  2.439E-01  2.231E-01  2.107E-01  1.957E-01  1.807E-01  1.653E-01  1.528E-01  1.401E-01  1.282E-01  1.151E-01  1.036E-01  9.507E-02  8.583E-02  7.627E-02  6.808E-02  6.097E-02  5.460E-02  4.851E-02  4.221E-02  3.738E-02  3.369E-02  2.933E-02  1.256E-01  Z
 0.000E+00  0.000E+00  0.000E+00  0.000E+00  0.000E+00  0.000E+00  0.000E+00  0.000E+00  0.000E+00  0.000E+00  2.525E-05  2.410E-05  0.000E+00  4.485E-05  2.148E-05  0.000E+00  4.020E-05  5.862E-05  9.506E-05  9.275E-05  1.087E-04  2.822E-04  2.579E-04  3.203E-04  4.114E-04  6.968E-04  7.307E-04  9.509E-04  1.071E-03  1.281E-03  2.012E-03  2.752E-03  2.909E-03  3.825E-03  5.020E-03  6.368E-03  7.686E-03  8.711E-03  1.029E-02  1.219E-02  1.415E-02  1.657E-02  1.924E-02  2.189E-02  2.602E-02  3.123E-02  3.527E-02  3.961E-02  4.626E-02  5.247E-02  5.786E-02  6.657E-02  7.527E-02  8.331E-02  9.326E-02  1.061E-01  1.166E-01  1.291E-01  1.448E-01  1.582E-01  1.718E-01  1.891E-01  2.092E-01  2.282E-01  2.474E-01  2.667E-01  2.932E-01  3.148E-01  3.399E-01  3.652E-01  3.975E-01  4.276E-01  4.568E-01  4.900E-01  5.235E-01  5.615E-01  6.010E-01  6.410E-01  6.814E-01  7.234E-01  7.697E-01  8.174E-01  8.603E-01  9.155E-01  9.646E-01  1.020E+00  1.084E+00  1.141E+00  1.196E+00  1.266E+00  1.333E+00  1.400E+00  1.468E+00  1.551E+00  1.617E+00  1.693E+00  1.778E+00  1.861E+00  1.941E+00  2.033E+00  2.120E+00  2.213E+00  2.312E+00  2.413E+00  2.510E+00  2.605E+00  2.725E+00  2.818E+00  2.935E+00  3.034E+00  3.153E+00  3.286E+00  3.395E+00  3.514E+00  3.645E+00  3.764E+00  3.882E+00  4.012E+00  4.145E+00  4.268E+00  4.404E+00  4.535E+00  4.664E+00  4.795E+00  4.919E+00  5.065E+00  5.190E+00  5.314E+00  5.447E+00  5.572E+00  5.711E+00  5.834E+00  5.960E+00  6.070E+00  6.198E+00  6.306E+00  6.430E+00  6.529E+00  6.624E+00  6.737E+00  6.825E+00  6.908E+00  6.996E+00  7.085E+00  7.162E+00  7.209E+00  7.277E+00  7.324E+00  7.362E+00  7.397E+00  7.440E+00  7.464E+00  7.474E+00  7.468E+00  7.455E+00  7.449E+00  7.409E+00  7.367E+00  7.334E+00  7.271E+00  7.193E+00  7.128E+00  7.041E+00  6.932E+00  6.808E+00  6.695E+00  6.574E+00  6.425E+00  6.281E+00  6.122E+00  5.955E+00  5.783E+00  5.601E+00  5.409E+00  5.226E+00  5.030E+00  4.845E+00  4.631E+00  4.442E+00  4.235E+00  4.038E+00  3.845E+00  3.655E+00  3.463E+00  3.276E+00  3.096E+00  2.923E+00  2.755E+00  2.589E+00  2.437E+00  2.289E+00  2.150E+00  2.012E+00  1.879E+00  1.773E+00  1.653E+00  1.551E+00  1.452E+00  1.363E+00  1.279E+00  1.207E+00  1.131E+00  1.067E+00  1.004E+00  9.477E-01  8.986E-01  8.533E-01  8.079E-01  7.681E-01  7.324E-01  6.979E-01  6.671E-01  6.349E-01  6.098E-01  5.826E-01  5.576E-01  5.349E-01  5.119E-01  4.901E-01  4.726E-01  4.499E-01  4.282E-01  4.098E-01  3.918E-01  3.705E-01  3.509E-01  3.326E-01  3.150E-01  2.944E-01  2.777E-01  2.582E-01  2.429E-01  2.248E-01  2.097E-01  1.925E-01  1.777E-01  1.629E-01  1.478E-01  1.352E-01  1.233E-01  1.105E-01  9.981E-02  8.982E-02  8.184E-02  7.220E-02  6.403E-02  5.541E-02  5.074E-02  2.241E-01  Z
 0.000E+00  0.000E+00  0.000E+00  0.000E+00  0.000E+00  0.000E+00  0.000E+00  0.000E+00  0.000E+00  0.000E+00  0.000E+00  2.392E-05  2.303E-05  4.457E-05  0.000E+00  2.061E-05  2.004E-05  1.176E-04  7.631E-05  1.111E-04  1.808E-04  2.822E-04  2.581E-04  2.852E-04  4.285E-04  7.923E-04  7.612E-04  8.413E-04  1.117E-03  1.206E-03  1.939E-03  2.545E-03  2.994E-03  3.641E-03  4.551E-03  4.893E-03  7.018E-03  8.189E-03  9.564E-03  1.116E-02  1.338E-02  1.623E-02  1.899E-02  2.217E-02  2.671E-02  2.936E-02  3.414E-02  3.838E-02  4.354E-02  4.998E-02  5.683E-02  6.564E-02  7.343E-02  8.285E-02  9.303E-02  1.008E-01  1.121E-01  1.270E-01  1.415E-01  1.529E-01  1.675E-01  1.870E-01  2.038E-01  2.229E-01  2.383E-01  2.659E-01  2.854E-01  3.090E-01  3.344E-01  3.653E-01  3.904E-01  4.177E-01  4.528E-01  4.833E-01  5.208E-01  5.492E-01  5.902E-01  6.313E-01  6.686E-01  7.151E-01  7.582E-01  8.046E-01  8.543E-01  9.087E-01  9.579E-01  1.015E+00  1.067E+00  1.131E+00  1.189E+00  1.253E+00  1.319E+00  1.384E+00  1.461E+00  1.534E+00  1.610E+00  1.690E+00  1.765E+00  1.850E+00  1.941E+00  2.029E+00  2.116E+00  2.206E+00  2.308E+00  2.410E+00  2.518E+00  2.615E+00  2.719E+00  2.837E+00  2.952E+00  3.066E+00  3.175E+00  3.300E+00  3.416E+00  3.553E+00  3.672E+00  3.809E+00  3.939E+00  4.064E+00  4.194E+00  4.347E+00  4.474E+00  4.614E+00  4.749E+00  4.890E+00  5.033E+00  5.173E+00  5.322E+00  5.469E+00  5.599E+00  5.737E+00  5.873E+00  6.022E+00  6.161E+00  6.302E+00  6.416E+00  6.571E+00  6.686E+00  6.801E+00  6.941E+00  7.059E+00  7.152E+00  7.248E+00  7.352E+00  7.469E+00  7.563E+00  7.631E+00  7.726E+00  7.788E+00  7.849E+00  7.904E+00  7.950E+00  7.993E+00  8.039E+00  8.051E+00  8.086E+00  8.087E+00  8.078E+00  8.074E+00  8.054E+00  8.011E+00  7.968E+00  7.917E+00  7.854E+00  7.769E+00  7.683E+00  7.597E+00  7.462E+00  7.360E+00  7.225E+00  7.072E+00  6.939E+00  6.764E+00  6.587E+00  6.433E+00  6.237E+00  6.043E+00  5.836E+00  5.629E+00  5.433E+00  5.210E+00  4.988E+00  4.793E+00  4.583E+00  4.358E+00  4.154E+00  3.950E+00  3.744E+00  3.558E+00  3.348E+00  3.160E+00  2.983E+00  2.813E+00  2.645E+00  2.486E+00  2.329E+00  2.192E+00  2.055E+00  1.919E+00  1.804E+00  1.688E+00  1.577E+00  1.481E+00  1.394E+00  1.311E+00  1.230E+00  1.163E+00  1.090E+00  1.032E+00  9.727E-01  9.227E-01  8.733E-01  8.291E-01  7.929E-01  7.536E-01  7.162E-01  6.823E-01  6.506E-01  6.239E-01  6.003E-01  5.745E-01  5.506E-01  5.223E-01  4.985E-01  4.763E-01  4.505E-01  4.322E-01  4.123E-01  3.894E-01  3.691E-01  3.488E-01  3.311E-01  3.064E-01  2.896E-01  2.717E-01  2.529E-01  2.360E-01  2.175E-01  1.997E-01  1.827E-01  1.683E-01  1.526E-01  1.388E-01  1.271E-01  1.135E-01  1.021E-01  9.135E-02  8.378E-02  7.351E-02  3.309E-01  Z
 0.000E+00  0.000E+00  0.000E+00  0.000E+00  0.000E+00  0.000E+00  0.000E+00  0.000E+00  0.000E+00  0.000E+00  2.509E-05  0.000E+00  0.000E+00  0.000E+00  0.000E+00  2.065E-05  8.075E-05  9.747E-05  5.716E-05  9.238E-05  2.168E-04  1.583E-04  2.928E-04  2.196E-04  5.455E-04  3.566E-04  5.068E-04  9.190E-04  1.195E-03  1.414E-03  1.878E-03  2.165E-03  3.063E-03  3.742E-03  4.089E-03  5.307E-03  6.575E-03  7.548E-03  9.607E-03  1.153E-02  1.272E-02  1.511E-02  1.752E-02  2.113E-02  2.406E-02  2.839E-02  3.184E-02  3.767E-02  4.236E-02  4.773E-02  5.324E-02  6.199E-02  7.065E-02  7.988E-02  8.856E-02  9.842E-02  1.082E-01  1.213E-01  1.327E-01  1.488E-01  1.636E-01  1.793E-01  1.982E-01  2.168E-01  2.322E-01  2.560E-01  2.789E-01  3.018E-01  3.254E-01  3.498E-01  3.829E-01  4.081E-01  4.396E-01  4.722E-01  5.038E-01  5.405E-01  5.764E-01  6.149E-01  6.583E-01  7.006E-01  7.448E-01  7.840E-01  8.429E-01  8.896E-01  9.438E-01  9.975E-01  1.051E+00  1.112E+00  1.175E+00  1.236E+00  1.300E+00  1.373E+00  1.444E+00  1.524E+00  1.593E+00  1.675E+00  1.762E+00  1.845E+00  1.924E+00  2.017E+00  2.115E+00  2.204E+00  2.302E+00  2.407E+00  2.515E+00  2.624E+00  2.730E+00  2.847E+00  2.961E+00  3.094E+00  3.203E+00  3.343E+00  3.460E+00  3.591E+00  3.730E+00  3.856E+00  4.005E+00  4.142E+00  4.280E+00  4.425E+00  4.582E+00  4.719E+00  4.880E+00  5.027E+00  5.181E+00  5.332E+00  5.482E+00  5.646E+00  5.802E+00  5.952E+00  6.113E+00  6.255E+00  6.438E+00  6.573E+00  6.723E+00  6.876E+00  7.020E+00  7.174E+00  7.309E+00  7.450E+00  7.581E+00  7.703E+00  7.850E+00  7.971E+00  8.082E+00  8.204E+00  8.301E+00  8.395E+00  8.504E+00  8.577E+00  8.669E+00  8.737E+00  8.800E+00  8.872E+00  8.922E+00  8.957E+00  8.981E+00  9.017E+00  9.026E+00  9.025E+00  9.010E+00  8.993E+00  8.955E+00  8.925E+00  8.876E+00  8.802E+00  8.717E+00  8.642E+00  8.554E+00  8.431E+00  8.321E+00  8.185E+00  8.023E+00  7.868E+00  7.711E+00  7.533E+00  7.335E+00  7.125E+00  6.931E+00  6.722E+00  6.498E+00  6.286E+00  6.047E+00  5.821E+00  5.595E+00  5.357E+00  5.121E+00  4.891E+00  4.658E+00  4.429E+00  4.208E+00  3.997E+00  3.772E+00  3.566E+00  3.364E+00  3.169E+00  2.980E+00  2.805E+00  2.641E+00  2.473E+00  2.317E+00  2.175E+00  2.037E+00  1.913E+00  1.797E+00  1.686E+00  1.580E+00  1.484E+00  1.391E+00  1.312E+00  1.236E+00  1.163E+00  1.098E+00  1.038E+00  9.853E-01  9.315E-01  8.810E-01  8.397E-01  8.044E-01  7.606E-01  7.270E-01  6.953E-01  6.616E-01  6.311E-01  6.009E-01  5.754E-01  5.493E-01  5.190E-01  4.927E-01  4.709E-01  4.470E-01  4.231E-01  3.992E-01  3.741E-01  3.577E-01  3.317E-01  3.097E-01  2.918E-01  2.692E-01  2.470E-01  2.322E-01  2.111E-01  1.951E-01  1.769E-01  1.610E-01  1.467E-01  1.336E-01  1.203E-01  5.611E-01  Z
 0.000E+00  0.000E+00  0.000E+00  4.387E-05  0.000E+00  0.000E+00  3.226E-05  0.000E+00  0.000E+00  0.000E+00  0.000E+00  4.833E-05  0.000E+00  4.442E-05  2.168E-05  4.126E-05  8.037E-05  5.863E-05  9.530E-05  7.416E-05  1.973E-04  2.823E-04  1.887E-04  2.702E-04  4.626E-04  5.001E-04  4.455E-04  9.043E-04  1.072E-03  1.444E-03  1.571E-03  2.068E-03  2.549E-03  3.213E-03  4.229E-03  4.910E-03  6.072E-03  7.337E-03  8.298E-03  1.027E-02  1.246E-02  1.447E-02  1.744E-02  1.975E-02  2.308E-02  2.722E-02  3.020E-02  3.436E-02  3.973E-02  4.515E-02  5.245E-02  6.005E-02  6.781E-02  7.479E-02  8.451E-02  9.451E-02  1.052E-01  1.171E-01  1.312E-01  1.427E-01  1.543E-01  1.732E-01  1.896E-01  2.086E-01  2.252E-01  2.475E-01  2.664E-01  2.889E-01  3.117E-01  3.421E-01  3.657E-01  3.959E-01  4.225E-01  4.569E-01  4.899E-01  5.300E-01  5.638E-01  6.025E-01  6.439E-01  6.808E-01  7.281E-01  7.697E-01  8.246E-01  8.690E-01  9.256E-01  9.806E-01  1.036E+00  1.095E+00  1.155E+00  1.217E+00  1.286E+00  1.355E+00  1.428E+00  1.504E+00  1.586E+00  1.662E+00  1.741E+00  1.828E+00  1.921E+00  2.010E+00  2.101E+00  2.201E+00  2.301E+00  2.408E+00  2.511E+00  2.634E+00  2.742E+00  2.864E+00  2.982E+00  3.105E+00  3.245E+00  3.361E+00  3.498E+00  3.639E+00  3.780E+00  3.920E+00  4.072E+00  4.214E+00  4.375E+00  4.527E+00  4.692E+00  4.845E+00  5.009E+00  5.177E+00  5.356E+00  5.517E+00  5.688E+00  5.860E+00  6.039E+00  6.216E+00  6.382E+00  6.557E+00  6.728E+00  6.908E+00  7.086E+00  7.260E+00  7.438E+00  7.611E+00  7.774E+00  7.944E+00  8.111E+00  8.270E+00  8.417E+00  8.575E+00  8.732E+00  8.890E+00  9.035E+00  9.169E+00  9.310E+00  9.416E+00  9.559E+00  9.666E+00  9.757E+00  9.847E+00  9.961E+00  1.004E+01  1.012E+01  1.018E+01  1.023E+01  1.028E+01  1.032E+01  1.034E+01  1.035E+01  1.035E+01  1.033E+01  1.033E+01  1.030E+01  1.027E+01  1.020E+01  1.013E+01  1.007E+01  9.962E+00  9.862E+00  9.744E+00  9.625E+00  9.472E+00  9.323E+00  9.135E+00  8.991E+00  8.779E+00  8.580E+00  8.358E+00  8.146E+00  7.916E+00  7.684E+00  7.430E+00  7.187E+00  6.937E+00  6.671E+00  6.406E+00  6.151E+00  5.884E+00  5.628E+00  5.362E+00  5.105E+00  4.852E+00  4.605E+00  4.356E+00  4.119E+00  3.901E+00  3.673E+00  3.459E+00  3.248E+00  3.059E+00  2.879E+00  2.703E+00  2.532E+00  2.375E+00  2.227E+00  2.090E+00  1.969E+00  1.841E+00  1.726E+00  1.618E+00  1.521E+00  1.431E+00  1.345E+00  1.270E+00  1.205E+00  1.136E+00  1.074E+00  1.020E+00  9.643E-01  9.154E-01  8.676E-01  8.254E-01  7.854E-01  7.463E-01  7.092E-01  6.767E-01  6.431E-01  6.125E-01  5.831E-01  5.501E-01  5.217E-01  4.921E-01  4.665E-01  4.409E-01  4.122E-01  3.894E-01  3.606E-01  3.373E-01  3.134E-01  2.920E-01  2.703E-01  2.487E-01  2.290E-01  2.081E-01  1.039E+00  Z
