e+
 0.000E+00  0.000E+00  0.000E+00  0.000E+00  0.000E+00  0.000E+00  0.000E+00  0.000E+00  0.000E+00  0.000E+00  0.000E+00  0.000E+00  0.000E+00  0.000E+00  0.000E+00  0.000E+00  0.000E+00  0.000E+00  0.000E+00  0.000E+00  0.000E+00  0.000E+00  0.000E+00  0.000E+00  0.000E+00  0.000E+00  0.000E+00  0.000E+00  0.000E+00  0.000E+00  0.000E+00  0.000E+00  0.000E+00  0.000E+00  0.000E+00  0.000E+00  0.000E+00  0.000E+00  0.000E+00  0.000E+00  0.000E+00  0.000E+00  0.000E+00  0.000E+00  0.000E+00  0.000E+00  0.000E+00  0.000E+00  0.000E+00  0.000E+00  0.000E+00  0.000E+00  0.000E+00  0.000E+00  0.000E+00  0.000E+00  0.000E+00  0.000E+00  0.000E+00  0.000E+00  0.000E+00  0.000E+00  0.000E+00  0.000E+00  0.000E+00  0.000E+00  0.000E+00  0.000E+00  0.000E+00  0.000E+00  0.000E+00  0.000E+00  0.000E+00  0.000E+00  0.000E+00  0.000E+00  0.000E+00  0.000E+00  0.000E+00  0.000E+00  0.000E+00  0.000E+00  0.000E+00  0.000E+00  0.000E+00  0.000E+00  0.000E+00  0.000E+00  0.000E+00  0.000E+00  0.000E+00  0.000E+00  0.000E+00  0.000E+00  0.000E+00  0.000E+00  0.000E+00  0.000E+00  0.000E+00  0.000E+00  0.000E+00  0.000E+00  0.000E+00  0.000E+00  0.000E+00  0.000E+00  0.000E+00  0.000E+00  0.000E+00  0.000E+00  0.000E+00  0.000E+00  0.000E+00  0.000E+00  0.000E+00  0.000E+00  0.000E+00  0.000E+00  0.000E+00  0.000E+00  0.000E+00  0.000E+00  0.000E+00  0.000E+00  0.000E+00  0.000E+00  0.000E+00  0.000E+00  0.000E+00  0.000E+00  0.000E+00  0.000E+00  0.000E+00  0.000E+00  0.000E+00  0.000E+00  0.000E+00  0.000E+00  0.000E+00  0.000E+00  0.000E+00  0.000E+00  0.000E+00  0.000E+00  0.000E+00  0.000E+00  0.000E+00  0.000E+00  0.000E+00  0.000E+00  0.000E+00  0.000E+00  0.000E+00  0.000E+00  0.000E+00  0.000E+00  0.000E+00  0.000E+00  0.000E+00  0.000E+00  0.000E+00  0.000E+00  0.000E+00  0.000E+00  0.000E+00  0.000E+00  0.000E+00  0.000E+00  0.000E+00  0.000E+00  0.000E+00  0.000E+00  0.000E+00  0.000E+00  0.000E+00  0.000E+00  0.000E+00  0.000E+00  0.000E+00  0.000E+00  0.000E+00  0.000E+00  0.000E+00  0.000E+00  0.000E+00  0.000E+00  0.000E+00  0.000E+00  0.000E+00  0.000E+00  0.000E+00  0.000E+00  0.000E+00  0.000E+00  0.000E+00  0.000E+00  0.000E+00  0.000E+00  0.000E+00  0.000E+00  0.000E+00  0.000E+00  0.000E+00  0.000E+00  0.000E+00  0.000E+00  0.000E+00  0.000E+00  0.000E+00  0.000E+00  0.000E+00  0.000E+00  0.000E+00  0.000E+00  0.000E+00  0.000E+00  0.000E+00  0.000E+00  0.000E+00  0.000E+00  0.000E+00  0.000E+00  0.000E+00  0.000E+00  0.000E+00  0.000E+00  0.000E+00  0.000E+00  0.000E+00  0.000E+00  0.000E+00  0.000E+00  0.000E+00  0.000E+00  0.000E+00  0.000E+00  0.000E+00  0.000E+00  0.000E+00  0.000E+00  0.000E+00  0.000E+00  0.000E+00  0.000E+00  0.000E+00  0.000E+00  0.000E+00  0.000E+00  0.000E+00  Z
 0.000E+00  0.000E+00  0.000E+00  0.000E+00  0.000E+00  0.000E+00  0.000E+00  0.000E+00  0.000E+00  0.000E+00  0.000E+00  0.000E+00  0.000E+00  0.000E+00  0.000E+00  0.000E+00  0.000E+00  0.000E+00  0.000E+00  0.000E+00  0.000E+00  0.000E+00  0.000E+00  8.337E-05  5.768E-04  1.570E-03  2.202E-03  2.619E-03  3.455E-03  1.359E-02  4.145E-02  8.862E-02  1.533E-01  2.314E-01  3.119E-01  3.887E-01  4.519E-01  5.182E-01  5.664E-01  6.187E-01  6.540E-01  6.946E-01  7.202E-01  7.409E-01  7.563E-01  7.474E-01  7.244E-01  6.744E-01  6.238E-01  5.687E-01  5.198E-01  4.728E-01  4.279E-01  3.848E-01  3.478E-01  3.131E-01  2.806E-01  2.490E-01  2.249E-01  1.985E-01  1.740E-01  1.558E-01  1.371E-01  1.211E-01  1.080E-01  9.579E-02  8.104E-02  7.292E-02  6.370E-02  5.504E-02  4.970E-02  4.183E-02  3.689E-02  3.055E-02  2.794E-02  2.378E-02  2.108E-02  1.743E-02  1.619E-02  1.382E-02  1.235E-02  9.708E-03  8.992E-03  7.492E-03  6.938E-03  6.307E-03  4.957E-03  4.571E-03  3.994E-03  3.200E-03  2.726E-03  2.530E-03  1.797E-03  1.776E-03  1.627E-03  1.442E-03  1.107E-03  1.118E-03  9.216E-04  7.945E-04  7.157E-04  6.418E-04  5.970E-04  5.297E-04  5.045E-04  3.502E-04  3.332E-04  4.576E-04  2.742E-04  2.191E-04  1.871E-04  2.160E-04  1.781E-04  1.310E-04  9.885E-05  1.140E-04  9.095E-05  9.704E-05  9.684E-05  3.750E-05  5.235E-05  5.215E-05  4.437E-05  5.114E-05  4.394E-05  5.104E-05  1.450E-05  4.386E-05  2.891E-05  2.145E-05  7.313E-06  1.462E-05  2.134E-05  1.411E-05  2.811E-05  0.000E+00  Z
 0.000E+00  0.000E+00  0.000E+00  0.000E+00  0.000E+00  0.000E+00  2.880E-04  1.073E-03  3.022E-03  5.564E-03  9.957E-03  1.436E-02  2.128E-02  2.869E-02  3.824E-02  4.673E-02  5.762E-02  7.044E-02  8.215E-02  9.648E-02  1.119E-01  1.273E-01  1.431E-01  1.643E-01  1.811E-01  1.982E-01  2.150E-01  2.354E-01  2.550E-01  2.685E-01  2.849E-01  3.025E-01  3.091E-01  3.250E-01  3.326E-01  3.395E-01  3.438E-01  3.518E-01  3.518E-01  3.533E-01  3.517E-01  3.491E-01  3.483E-01  3.408E-01  3.366E-01  3.347E-01  3.283E-01  3.173E-01  3.135E-01  3.077E-01  2.976E-01  2.901E-01  2.799E-01  2.753E-01  2.644E-01  2.547E-01  2.454E-01  2.376E-01  2.303E-01  2.212E-01  2.118E-01  2.009E-01  1.944E-01  1.848E-01  1.784E-01  1.728E-01  1.629E-01  1.575E-01  1.498E-01  1.426E-01  1.370E-01  1.274E-01  1.233E-01  1.174E-01  1.114E-01  1.074E-01  9.980E-02  9.620E-02  9.165E-02  8.669E-02  7.949E-02  7.617E-02  7.081E-02  6.670E-02  6.178E-02  5.456E-02  4.986E-02  4.440E-02  3.909E-02  3.559E-02  3.059E-02  2.638E-02  2.297E-02  2.042E-02  1.738E-02  1.517E-02  1.241E-02  1.074E-02  9.609E-03  8.262E-03  7.346E-03  5.821E-03  4.732E-03  4.588E-03  3.796E-03  3.080E-03  2.745E-03  2.287E-03  2.200E-03  1.922E-03  1.620E-03  1.327E-03  1.320E-03  9.865E-04  9.184E-04  7.463E-04  5.228E-04  5.799E-04  5.341E-04  3.525E-04  3.655E-04  3.197E-04  3.172E-04  2.800E-04  1.974E-04  2.046E-04  1.681E-04  1.232E-04  1.371E-04  1.287E-04  1.005E-04  7.791E-05  3.497E-05  5.628E-05  4.216E-05  6.366E-05  4.928E-05  3.530E-05  1.383E-05  2.086E-05  0.000E+00  Z
 0.000E+00  0.000E+00  0.000E+00  8.741E-05  2.696E-04  1.010E-03  2.051E-03  3.759E-03  5.661E-03  8.194E-03  1.160E-02  1.412E-02  1.833E-02  2.450E-02  2.978E-02  3.581E-02  4.281E-02  5.005E-02  5.988E-02  6.964E-02  8.287E-02  8.969E-02  1.020E-01  1.145E-01  1.278E-01  1.389E-01  1.528E-01  1.651E-01  1.810E-01  1.916E-01  2.087E-01  2.220E-01  2.350E-01  2.541E-01  2.691E-01  2.832E-01  2.980E-01  3.060E-01  3.226E-01  3.339E-01  3.436E-01  3.479E-01  3.574E-01  3.598E-01  3.633E-01  3.665E-01  3.735E-01  3.698E-01  3.782E-01  3.787E-01  3.800E-01  3.821E-01  3.840E-01  3.809E-01  3.794E-01  3.754E-01  3.718E-01  3.658E-01  3.645E-01  3.592E-01  3.549E-01  3.479E-01  3.393E-01  3.335E-01  3.222E-01  3.149E-01  3.071E-01  2.994E-01  2.902E-01  2.806E-01  2.707E-01  2.581E-01  2.509E-01  2.416E-01  2.283E-01  2.195E-01  2.087E-01  1.991E-01  1.865E-01  1.781E-01  1.682E-01  1.598E-01  1.486E-01  1.396E-01  1.321E-01  1.220E-01  1.126E-01  1.048E-01  9.675E-02  8.977E-02  8.310E-02  7.553E-02  6.876E-02  6.449E-02  5.781E-02  5.192E-02  4.868E-02  4.332E-02  3.883E-02  3.494E-02  3.102E-02  2.850E-02  2.474E-02  2.100E-02  1.897E-02  1.638E-02  1.485E-02  1.162E-02  1.064E-02  8.985E-03  7.869E-03  7.001E-03  5.825E-03  4.785E-03  4.221E-03  3.369E-03  3.366E-03  2.626E-03  2.367E-03  1.858E-03  1.569E-03  1.493E-03  1.102E-03  1.118E-03  9.452E-04  8.099E-04  6.614E-04  5.598E-04  4.961E-04  3.650E-04  3.578E-04  2.860E-04  3.065E-04  1.558E-04  1.975E-04  1.755E-04  1.265E-04  1.258E-04  1.184E-04  1.171E-04  1.040E-04  1.310E-04  4.028E-05  4.759E-05  4.774E-05  3.380E-05  4.058E-05  2.012E-05  4.709E-05  1.999E-05  2.657E-05  3.983E-05  0.000E+00  Z
 0.000E+00  0.000E+00  0.000E+00  2.185E-04  4.625E-04  1.116E-03  2.626E-03  3.462E-03  5.693E-03  7.633E-03  1.023E-02  1.525E-02  1.827E-02  2.320E-02  2.823E-02  3.464E-02  4.042E-02  4.697E-02  5.666E-02  6.625E-02  7.722E-02  8.759E-02  9.858E-02  1.097E-01  1.236E-01  1.386E-01  1.545E-01  1.684E-01  1.826E-01  2.001E-01  2.093E-01  2.250E-01  2.399E-01  2.546E-01  2.677E-01  2.762E-01  2.835E-01  3.017E-01  3.074E-01  3.231E-01  3.339E-01  3.408E-01  3.498E-01  3.579E-01  3.627E-01  3.708E-01  3.696E-01  3.720E-01  3.791E-01  3.815E-01  3.835E-01  3.821E-01  3.841E-01  3.860E-01  3.829E-01  3.756E-01  3.698E-01  3.674E-01  3.636E-01  3.566E-01  3.511E-01  3.474E-01  3.376E-01  3.313E-01  3.246E-01  3.147E-01  3.071E-01  2.964E-01  2.880E-01  2.799E-01  2.695E-01  2.579E-01  2.518E-01  2.395E-01  2.292E-01  2.222E-01  2.132E-01  2.006E-01  1.936E-01  1.825E-01  1.726E-01  1.676E-01  1.562E-01  1.486E-01  1.388E-01  1.312E-01  1.240E-01  1.138E-01  1.072E-01  1.005E-01  9.270E-02  8.804E-02  8.210E-02  7.635E-02  6.887E-02  6.426E-02  5.840E-02  5.411E-02  4.912E-02  4.383E-02  4.149E-02  3.739E-02  3.394E-02  3.092E-02  2.773E-02  2.477E-02  2.139E-02  1.978E-02  1.738E-02  1.512E-02  1.267E-02  1.181E-02  9.590E-03  8.653E-03  6.857E-03  6.313E-03  5.390E-03  4.057E-03  3.832E-03  3.075E-03  3.002E-03  2.441E-03  2.304E-03  1.677E-03  1.583E-03  1.060E-03  1.057E-03  9.125E-04  8.138E-04  6.553E-04  6.017E-04  5.413E-04  5.116E-04  4.241E-04  3.308E-04  2.038E-04  2.532E-04  1.884E-04  2.084E-04  1.586E-04  1.709E-04  1.033E-04  1.033E-04  7.514E-05  8.146E-05  5.393E-05  6.077E-05  4.020E-05  1.344E-05  4.029E-05  2.059E-05  2.589E-05  6.478E-06  3.954E-05  2.622E-05  1.985E-05  1.334E-05  3.271E-05  6.416E-06  1.286E-05  1.251E-05  1.249E-05  6.216E-06  0.000E+00  Z
 0.000E+00  0.000E+00  1.554E-04  3.494E-04  9.252E-04  1.255E-03  1.764E-03  2.896E-03  5.131E-03  6.682E-03  9.582E-03  1.123E-02  1.486E-02  2.048E-02  2.403E-02  2.901E-02  3.438E-02  4.206E-02  5.120E-02  6.028E-02  6.743E-02  7.615E-02  8.538E-02  1.005E-01  1.123E-01  1.254E-01  1.367E-01  1.520E-01  1.661E-01  1.757E-01  1.909E-01  2.083E-01  2.196E-01  2.307E-01  2.438E-01  2.583E-01  2.669E-01  2.795E-01  2.883E-01  2.927E-01  3.060E-01  3.163E-01  3.246E-01  3.347E-01  3.428E-01  3.498E-01  3.601E-01  3.612E-01  3.668E-01  3.724E-01  3.715E-01  3.798E-01  3.826E-01  3.845E-01  3.890E-01  3.910E-01  3.888E-01  3.919E-01  3.936E-01  3.911E-01  3.884E-01  3.858E-01  3.843E-01  3.805E-01  3.779E-01  3.668E-01  3.658E-01  3.621E-01  3.515E-01  3.486E-01  3.398E-01  3.302E-01  3.210E-01  3.155E-01  3.040E-01  2.942E-01  2.828E-01  2.766E-01  2.656E-01  2.570E-01  2.453E-01  2.358E-01  2.248E-01  2.138E-01  2.038E-01  1.950E-01  1.869E-01  1.782E-01  1.647E-01  1.565E-01  1.468E-01  1.394E-01  1.310E-01  1.222E-01  1.136E-01  1.063E-01  9.866E-02  9.247E-02  8.584E-02  7.786E-02  7.183E-02  6.713E-02  6.322E-02  5.576E-02  5.173E-02  4.572E-02  4.170E-02  3.834E-02  3.473E-02  3.218E-02  2.825E-02  2.564E-02  2.193E-02  2.026E-02  1.867E-02  1.655E-02  1.445E-02  1.307E-02  1.157E-02  9.850E-03  8.246E-03  7.704E-03  6.505E-03  6.303E-03  5.268E-03  4.460E-03  3.641E-03  3.140E-03  2.802E-03  2.568E-03  1.814E-03  1.761E-03  1.482E-03  1.205E-03  9.988E-04  8.094E-04  6.501E-04  6.367E-04  5.012E-04  4.635E-04  4.146E-04  3.308E-04  3.562E-04  2.049E-04  1.964E-04  1.298E-04  1.617E-04  1.475E-04  9.347E-05  1.416E-04  9.369E-05  1.135E-04  1.055E-04  4.555E-05  7.405E-05  8.592E-05  2.597E-05  2.553E-05  3.254E-05  2.601E-05  2.639E-05  1.950E-05  1.285E-05  2.554E-05  1.283E-05  0.000E+00  Z
 0.000E+00  0.000E+00  0.000E+00  4.373E-05  1.930E-04  2.095E-04  2.884E-04  7.457E-04  1.319E-03  1.166E-03  2.546E-03  3.083E-03  3.651E-03  5.448E-03  7.318E-03  7.867E-03  1.070E-02  1.411E-02  1.627E-02  2.036E-02  2.345E-02  2.731E-02  3.218E-02  3.898E-02  4.417E-02  5.122E-02  5.644E-02  6.400E-02  7.226E-02  8.206E-02  9.120E-02  9.964E-02  1.109E-01  1.226E-01  1.352E-01  1.445E-01  1.578E-01  1.685E-01  1.821E-01  1.952E-01  2.112E-01  2.269E-01  2.402E-01  2.532E-01  2.666E-01  2.822E-01  2.977E-01  3.150E-01  3.276E-01  3.443E-01  3.572E-01  3.733E-01  3.805E-01  3.934E-01  4.122E-01  4.184E-01  4.321E-01  4.381E-01  4.500E-01  4.638E-01  4.667E-01  4.709E-01  4.756E-01  4.845E-01  4.863E-01  4.896E-01  4.956E-01  4.935E-01  4.913E-01  4.954E-01  4.870E-01  4.855E-01  4.805E-01  4.724E-01  4.669E-01  4.578E-01  4.554E-01  4.412E-01  4.323E-01  4.248E-01  4.097E-01  3.987E-01  3.875E-01  3.731E-01  3.612E-01  3.458E-01  3.332E-01  3.223E-01  3.062E-01  2.902E-01  2.810E-01  2.661E-01  2.505E-01  2.351E-01  2.245E-01  2.133E-01  2.007E-01  1.879E-01  1.736E-01  1.633E-01  1.536E-01  1.420E-01  1.313E-01  1.227E-01  1.127E-01  1.046E-01  9.567E-02  8.782E-02  8.062E-02  7.275E-02  6.576E-02  6.024E-02  5.316E-02  4.731E-02  4.427E-02  3.904E-02  3.458E-02  3.122E-02  2.777E-02  2.450E-02  2.197E-02  1.907E-02  1.720E-02  1.481E-02  1.325E-02  1.118E-02  9.643E-03  8.484E-03  7.410E-03  6.549E-03  5.428E-03  4.845E-03  4.209E-03  3.476E-03  3.223E-03  3.087E-03  3.728E-03  5.102E-03  6.626E-03  8.625E-03  1.058E-02  1.291E-02  1.521E-02  1.810E-02  1.996E-02  2.225E-02  2.376E-02  2.652E-02  2.770E-02  2.964E-02  3.007E-02  3.033E-02  3.190E-02  3.180E-02  3.131E-02  3.074E-02  3.034E-02  2.971E-02  2.771E-02  2.686E-02  2.554E-02  2.438E-02  2.273E-02  2.059E-02  1.998E-02  1.832E-02  1.684E-02  1.558E-02  1.448E-02  1.299E-02  1.236E-02  1.109E-02  1.004E-02  9.341E-03  8.624E-03  7.768E-03  6.922E-03  5.778E-03  5.326E-03  4.957E-03  4.392E-03  3.952E-03  3.643E-03  3.296E-03  2.927E-03  2.502E-03  2.392E-03  2.047E-03  1.813E-03  1.513E-03  1.445E-03  1.474E-03  1.201E-03  1.067E-03  8.336E-04  8.041E-04  7.229E-04  5.471E-04  3.302E-04  4.114E-04  3.243E-04  2.998E-04  3.021E-04  2.819E-04  2.350E-04  2.453E-04  1.584E-04  1.866E-04  1.592E-04  1.302E-04  7.333E-05  8.337E-05  1.124E-04  7.351E-05  7.271E-05  3.346E-05  2.799E-05  4.428E-05  5.006E-05  4.503E-05  3.835E-05  4.961E-05  2.724E-05  2.262E-05  1.653E-05  2.740E-05  1.573E-05  1.084E-05  0.000E+00  Z
 0.000E+00  0.000E+00  0.000E+00  0.000E+00  0.000E+00  0.000E+00  0.000E+00  2.966E-05  0.000E+00  2.632E-05  0.000E+00  2.417E-05  0.000E+00  1.777E-04  2.565E-04  4.150E-04  4.418E-04  9.786E-04  1.026E-03  1.591E-03  1.985E-03  2.606E-03  4.066E-03  5.102E-03  6.387E-03  8.465E-03  1.035E-02  1.286E-02  1.671E-02  1.918E-02  2.292E-02  2.747E-02  3.475E-02  4.118E-02  4.882E-02  5.639E-02  6.511E-02  7.468E-02  8.716E-02  9.945E-02  1.112E-01  1.261E-01  1.416E-01  1.584E-01  1.765E-01  1.933E-01  2.115E-01  2.358E-01  2.510E-01  2.754E-01  2.950E-01  3.197E-01  3.447E-01  3.678E-01  3.916E-01  4.153E-01  4.389E-01  4.623E-01  4.871E-01  5.117E-01  5.358E-01  5.560E-01  5.766E-01  5.984E-01  6.170E-01  6.394E-01  6.543E-01  6.677E-01  6.762E-01  6.906E-01  6.982E-01  7.110E-01  7.130E-01  7.188E-01  7.214E-01  7.192E-01  7.241E-01  7.207E-01  7.120E-01  7.141E-01  6.977E-01  6.875E-01  6.760E-01  6.656E-01  6.454E-01  6.345E-01  6.164E-01  6.008E-01  5.838E-01  5.630E-01  5.410E-01  5.220E-01  4.994E-01  4.832E-01  4.560E-01  4.369E-01  4.164E-01  3.920E-01  3.735E-01  3.534E-01  3.290E-01  3.136E-01  2.945E-01  2.743E-01  2.563E-01  2.373E-01  2.205E-01  2.059E-01  1.870E-01  1.725E-01  1.581E-01  1.459E-01  1.353E-01  1.209E-01  1.101E-01  1.001E-01  8.951E-02  8.150E-02  7.127E-02  6.462E-02  5.728E-02  5.076E-02  4.549E-02  3.948E-02  3.477E-02  3.060E-02  2.716E-02  2.405E-02  2.039E-02  1.768E-02  1.532E-02  1.322E-02  1.149E-02  9.781E-03  8.602E-03  7.608E-03  6.460E-03  5.848E-03  6.332E-03  6.557E-03  7.817E-03  8.870E-03  1.114E-02  1.335E-02  1.642E-02  1.980E-02  2.386E-02  2.715E-02  3.086E-02  3.474E-02  3.755E-02  4.089E-02  4.395E-02  4.714E-02  4.911E-02  5.106E-02  4.988E-02  5.208E-02  5.216E-02  5.247E-02  5.067E-02  4.911E-02  4.814E-02  4.622E-02  4.407E-02  4.077E-02  3.805E-02  3.633E-02  3.293E-02  3.214E-02  2.906E-02  2.715E-02  2.481E-02  2.281E-02  2.094E-02  1.888E-02  1.727E-02  1.567E-02  1.353E-02  1.254E-02  1.105E-02  9.708E-03  8.689E-03  8.045E-03  7.276E-03  6.718E-03  5.940E-03  5.077E-03  4.728E-03  4.077E-03  3.673E-03  3.366E-03  2.733E-03  2.533E-03  2.416E-03  1.840E-03  1.782E-03  1.516E-03  1.428E-03  1.120E-03  1.137E-03  9.973E-04  7.982E-04  7.062E-04  6.130E-04  6.063E-04  4.902E-04  3.747E-04  3.459E-04  2.424E-04  2.712E-04  3.078E-04  2.214E-04  1.627E-04  1.735E-04  1.434E-04  1.437E-04  1.671E-04  9.396E-05  1.114E-04  6.017E-05  2.204E-05  7.180E-05  6.016E-05  7.596E-05  6.000E-05  4.343E-05  2.698E-05  2.157E-05  2.705E-05  1.072E-05  1.079E-05  1.065E-05  1.061E-05  1.074E-05  5.576E-06  5.506E-06  0.000E+00  Z
 0.000E+00  0.000E+00  0.000E+00  0.000E+00  0.000E+00  0.000E+00  0.000E+00  0.000E+00  0.000E+00  2.631E-05  0.000E+00  2.434E-05  4.615E-05  6.695E-05  8.603E-05  1.039E-04  2.009E-04  2.539E-04  5.700E-04  5.920E-04  9.573E-04  1.039E-03  1.497E-03  1.787E-03  2.280E-03  3.868E-03  4.981E-03  6.119E-03  8.856E-03  1.044E-02  1.310E-02  1.521E-02  2.076E-02  2.544E-02  2.975E-02  3.732E-02  4.262E-02  5.232E-02  6.242E-02  7.212E-02  8.441E-02  9.521E-02  1.106E-01  1.240E-01  1.429E-01  1.572E-01  1.784E-01  1.995E-01  2.211E-01  2.441E-01  2.678E-01  2.888E-01  3.160E-01  3.450E-01  3.676E-01  3.935E-01  4.235E-01  4.510E-01  4.809E-01  5.054E-01  5.337E-01  5.627E-01  5.845E-01  6.080E-01  6.381E-01  6.653E-01  6.835E-01  7.066E-01  7.250E-01  7.425E-01  7.543E-01  7.757E-01  7.856E-01  7.960E-01  8.075E-01  8.117E-01  8.167E-01  8.158E-01  8.162E-01  8.127E-01  7.997E-01  8.005E-01  7.872E-01  7.776E-01  7.574E-01  7.489E-01  7.316E-01  7.117E-01  6.984E-01  6.769E-01  6.462E-01  6.311E-01  6.095E-01  5.803E-01  5.613E-01  5.372E-01  5.145E-01  4.897E-01  4.628E-01  4.375E-01  4.170E-01  3.958E-01  3.678E-01  3.467E-01  3.241E-01  3.016E-01  2.808E-01  2.637E-01  2.439E-01  2.256E-01  2.071E-01  1.908E-01  1.765E-01  1.587E-01  1.458E-01  1.307E-01  1.192E-01  1.070E-01  9.718E-02  8.733E-02  7.732E-02  6.975E-02  6.099E-02  5.411E-02  4.812E-02  4.238E-02  3.627E-02  3.239E-02  2.850E-02  2.424E-02  2.145E-02  1.858E-02  1.580E-02  1.361E-02  1.144E-02  1.054E-02  8.737E-03  7.968E-03  7.627E-03  7.427E-03  7.761E-03  8.633E-03  9.907E-03  1.269E-02  1.456E-02  1.781E-02  2.064E-02  2.485E-02  2.832E-02  3.251E-02  3.684E-02  4.131E-02  4.271E-02  4.777E-02  5.088E-02  5.304E-02  5.539E-02  5.660E-02  5.741E-02  5.753E-02  5.741E-02  5.630E-02  5.594E-02  5.393E-02  5.244E-02  5.101E-02  4.693E-02  4.389E-02  4.113E-02  3.807E-02  3.509E-02  3.419E-02  3.086E-02  2.796E-02  2.668E-02  2.386E-02  2.139E-02  1.956E-02  1.826E-02  1.535E-02  1.366E-02  1.288E-02  1.200E-02  1.075E-02  9.197E-03  8.248E-03  7.563E-03  7.027E-03  5.942E-03  5.358E-03  4.814E-03  4.324E-03  3.633E-03  3.023E-03  3.024E-03  2.619E-03  2.453E-03  2.173E-03  1.782E-03  1.622E-03  1.395E-03  1.253E-03  1.077E-03  8.760E-04  8.119E-04  7.269E-04  7.211E-04  4.545E-04  6.168E-04  4.590E-04  3.816E-04  2.697E-04  3.475E-04  2.478E-04  2.186E-04  1.897E-04  1.665E-04  1.151E-04  1.110E-04  1.049E-04  1.151E-04  6.025E-05  8.321E-05  6.615E-05  4.429E-05  3.274E-05  3.319E-05  5.970E-05  3.260E-05  4.754E-05  2.181E-05  3.768E-05  2.691E-05  1.095E-05  2.194E-05  1.572E-05  1.075E-05  5.540E-06  1.656E-05  1.613E-05  5.345E-06  5.130E-06  0.000E+00  Z
 0.000E+00  0.000E+00  0.000E+00  0.000E+00  0.000E+00  0.000E+00  0.000E+00  0.000E+00  0.000E+00  0.000E+00  0.000E+00  0.000E+00  0.000E+00  0.000E+00  0.000E+00  0.000E+00  2.016E-05  0.000E+00  0.000E+00  1.840E-05  0.000E+00  1.772E-05  3.416E-05  1.011E-04  9.927E-05  1.294E-04  4.735E-05  2.971E-04  1.987E-04  4.652E-04  3.708E-04  6.105E-04  8.039E-04  1.028E-03  1.516E-03  1.933E-03  2.191E-03  3.413E-03  4.210E-03  5.344E-03  6.817E-03  8.989E-03  1.087E-02  1.367E-02  1.764E-02  2.123E-02  2.652E-02  3.161E-02  3.952E-02  4.737E-02  5.676E-02  6.815E-02  8.086E-02  9.572E-02  1.127E-01  1.328E-01  1.521E-01  1.750E-01  2.022E-01  2.286E-01  2.639E-01  2.978E-01  3.323E-01  3.743E-01  4.174E-01  4.683E-01  5.132E-01  5.644E-01  6.202E-01  6.771E-01  7.392E-01  8.015E-01  8.585E-01  9.250E-01  9.873E-01  1.053E+00  1.124E+00  1.180E+00  1.246E+00  1.303E+00  1.366E+00  1.425E+00  1.472E+00  1.524E+00  1.567E+00  1.617E+00  1.655E+00  1.689E+00  1.702E+00  1.736E+00  1.753E+00  1.765E+00  1.763E+00  1.771E+00  1.762E+00  1.749E+00  1.733E+00  1.710E+00  1.685E+00  1.662E+00  1.618E+00  1.581E+00  1.541E+00  1.495E+00  1.455E+00  1.403E+00  1.350E+00  1.303E+00  1.241E+00  1.189E+00  1.133E+00  1.078E+00  1.022E+00  9.689E-01  9.087E-01  8.533E-01  8.030E-01  7.521E-01  7.001E-01  6.509E-01  6.024E-01  5.615E-01  5.182E-01  4.756E-01  4.343E-01  3.969E-01  3.626E-01  3.301E-01  2.988E-01  2.700E-01  2.414E-01  2.180E-01  1.940E-01  1.702E-01  1.551E-01  1.355E-01  1.212E-01  1.074E-01  9.301E-02  8.027E-02  6.971E-02  6.044E-02  5.486E-02  4.595E-02  4.067E-02  3.506E-02  3.159E-02  2.925E-02  2.627E-02  2.670E-02  2.728E-02  2.789E-02  3.152E-02  3.501E-02  3.931E-02  4.577E-02  5.276E-02  5.769E-02  6.557E-02  7.450E-02  8.258E-02  8.787E-02  9.729E-02  1.028E-01  1.090E-01  1.127E-01  1.164E-01  1.211E-01  1.229E-01  1.216E-01  1.218E-01  1.196E-01  1.169E-01  1.130E-01  1.093E-01  1.052E-01  9.996E-02  9.514E-02  8.979E-02  8.277E-02  7.743E-02  7.215E-02  6.615E-02  6.189E-02  5.629E-02  5.094E-02  4.665E-02  4.261E-02  3.781E-02  3.434E-02  3.093E-02  2.789E-02  2.431E-02  2.189E-02  2.008E-02  1.811E-02  1.640E-02  1.410E-02  1.241E-02  1.110E-02  1.024E-02  8.893E-03  7.992E-03  6.598E-03  6.163E-03  5.218E-03  4.666E-03  4.288E-03  3.646E-03  3.436E-03  2.673E-03  2.473E-03  1.986E-03  1.953E-03  1.799E-03  1.598E-03  1.348E-03  1.251E-03  9.634E-04  9.332E-04  7.391E-04  6.495E-04  4.672E-04  4.630E-04  4.024E-04  4.397E-04  4.087E-04  3.688E-04  2.161E-04  1.900E-04  2.042E-04  1.780E-04  1.392E-04  6.509E-05  8.479E-05  8.491E-05  1.056E-04  5.279E-05  8.426E-05  4.817E-05  5.284E-05  4.702E-05  5.278E-05  1.564E-05  3.223E-05  2.658E-05  3.157E-05  1.028E-05  6.294E-05  Z
 0.000E+00  0.000E+00  0.000E+00  0.000E+00  0.000E+00  0.000E+00  0.000E+00  0.000E+00  0.000E+00  0.000E+00  0.000E+00  0.000E+00  0.000E+00  0.000E+00  0.000E+00  0.000E+00  0.000E+00  0.000E+00  0.000E+00  0.000E+00  3.638E-05  0.000E+00  1.723E-05  1.680E-05  4.928E-05  4.896E-05  7.964E-05  1.875E-04  1.221E-04  2.392E-04  3.256E-04  3.781E-04  6.586E-04  5.508E-04  7.078E-04  1.070E-03  1.420E-03  1.869E-03  2.369E-03  2.572E-03  3.163E-03  4.512E-03  5.914E-03  7.199E-03  8.976E-03  1.054E-02  1.300E-02  1.685E-02  1.948E-02  2.497E-02  2.954E-02  3.567E-02  4.293E-02  5.030E-02  5.847E-02  6.888E-02  8.258E-02  9.584E-02  1.126E-01  1.289E-01  1.491E-01  1.705E-01  1.948E-01  2.209E-01  2.518E-01  2.850E-01  3.213E-01  3.591E-01  4.023E-01  4.515E-01  5.000E-01  5.501E-01  6.066E-01  6.740E-01  7.355E-01  8.009E-01  8.747E-01  9.535E-01  1.035E+00  1.114E+00  1.202E+00  1.288E+00  1.373E+00  1.465E+00  1.558E+00  1.648E+00  1.733E+00  1.827E+00  1.917E+00  2.002E+00  2.087E+00  2.170E+00  2.239E+00  2.316E+00  2.372E+00  2.421E+00  2.477E+00  2.520E+00  2.563E+00  2.597E+00  2.616E+00  2.630E+00  2.629E+00  2.620E+00  2.618E+00  2.603E+00  2.570E+00  2.535E+00  2.488E+00  2.449E+00  2.397E+00  2.344E+00  2.271E+00  2.207E+00  2.129E+00  2.058E+00  1.973E+00  1.898E+00  1.813E+00  1.736E+00  1.649E+00  1.565E+00  1.485E+00  1.401E+00  1.314E+00  1.230E+00  1.159E+00  1.084E+00  1.006E+00  9.311E-01  8.622E-01  7.971E-01  7.341E-01  6.766E-01  6.141E-01  5.613E-01  5.121E-01  4.621E-01  4.193E-01  3.777E-01  3.393E-01  3.023E-01  2.712E-01  2.432E-01  2.140E-01  1.892E-01  1.669E-01  1.484E-01  1.322E-01  1.178E-01  1.040E-01  9.710E-02  8.799E-02  8.226E-02  8.000E-02  7.671E-02  7.659E-02  7.903E-02  8.287E-02  8.645E-02  9.077E-02  1.002E-01  1.049E-01  1.152E-01  1.221E-01  1.331E-01  1.414E-01  1.470E-01  1.567E-01  1.640E-01  1.690E-01  1.730E-01  1.778E-01  1.800E-01  1.799E-01  1.800E-01  1.781E-01  1.736E-01  1.709E-01  1.659E-01  1.581E-01  1.524E-01  1.460E-01  1.377E-01  1.286E-01  1.230E-01  1.133E-01  1.055E-01  9.716E-02  8.897E-02  8.274E-02  7.534E-02  6.908E-02  6.256E-02  5.662E-02  5.073E-02  4.655E-02  4.167E-02  3.659E-02  3.325E-02  2.955E-02  2.659E-02  2.411E-02  2.091E-02  1.853E-02  1.662E-02  1.485E-02  1.316E-02  1.155E-02  1.043E-02  8.932E-03  7.691E-03  6.842E-03  6.111E-03  5.468E-03  5.186E-03  4.196E-03  3.749E-03  3.144E-03  2.904E-03  2.432E-03  2.243E-03  1.979E-03  1.635E-03  1.430E-03  1.179E-03  9.979E-04  1.018E-03  9.188E-04  7.628E-04  6.897E-04  6.405E-04  5.002E-04  3.415E-04  3.464E-04  3.472E-04  2.621E-04  2.183E-04  2.228E-04  1.493E-04  1.312E-04  1.534E-04  1.204E-04  1.151E-04  6.795E-05  1.159E-04  4.644E-05  7.854E-05  2.519E-04  Z
 0.000E+00  0.000E+00  0.000E+00  0.000E+00  0.000E+00  0.000E+00  0.000E+00  0.000E+00  0.000E+00  0.000E+00  0.000E+00  0.000E+00  0.000E+00  0.000E+00  0.000E+00  0.000E+00  0.000E+00  0.000E+00  0.000E+00  0.000E+00  1.827E-05  3.561E-05  1.721E-05  6.720E-05  3.317E-05  6.449E-05  9.485E-05  1.399E-04  1.225E-04  2.714E-04  1.926E-04  3.787E-04  3.578E-04  5.221E-04  7.252E-04  1.055E-03  1.176E-03  1.414E-03  1.669E-03  2.169E-03  2.379E-03  3.209E-03  3.675E-03  4.716E-03  5.684E-03  7.076E-03  8.868E-03  1.113E-02  1.274E-02  1.581E-02  1.821E-02  2.194E-02  2.713E-02  3.167E-02  3.739E-02  4.373E-02  5.270E-02  5.975E-02  7.148E-02  8.310E-02  9.484E-02  1.115E-01  1.270E-01  1.459E-01  1.642E-01  1.908E-01  2.136E-01  2.432E-01  2.709E-01  3.069E-01  3.441E-01  3.834E-01  4.306E-01  4.758E-01  5.278E-01  5.778E-01  6.397E-01  7.037E-01  7.702E-01  8.422E-01  9.221E-01  1.006E+00  1.093E+00  1.175E+00  1.266E+00  1.366E+00  1.472E+00  1.580E+00  1.683E+00  1.787E+00  1.910E+00  2.031E+00  2.158E+00  2.276E+00  2.391E+00  2.518E+00  2.635E+00  2.760E+00  2.880E+00  3.001E+00  3.118E+00  3.224E+00  3.334E+00  3.422E+00  3.527E+00  3.616E+00  3.683E+00  3.754E+00  3.823E+00  3.869E+00  3.899E+00  3.942E+00  3.957E+00  3.976E+00  3.952E+00  3.952E+00  3.911E+00  3.881E+00  3.834E+00  3.782E+00  3.719E+00  3.637E+00  3.554E+00  3.463E+00  3.367E+00  3.262E+00  3.149E+00  3.031E+00  2.909E+00  2.792E+00  2.666E+00  2.542E+00  2.414E+00  2.293E+00  2.180E+00  2.048E+00  1.927E+00  1.801E+00  1.684E+00  1.570E+00  1.464E+00  1.357E+00  1.259E+00  1.161E+00  1.068E+00  9.755E-01  8.946E-01  8.209E-01  7.480E-01  6.789E-01  6.122E-01  5.581E-01  5.064E-01  4.573E-01  4.153E-01  3.747E-01  3.404E-01  3.127E-01  2.891E-01  2.667E-01  2.521E-01  2.422E-01  2.300E-01  2.261E-01  2.206E-01  2.190E-01  2.182E-01  2.200E-01  2.227E-01  2.270E-01  2.338E-01  2.397E-01  2.478E-01  2.530E-01  2.552E-01  2.620E-01  2.665E-01  2.669E-01  2.705E-01  2.713E-01  2.721E-01  2.712E-01  2.669E-01  2.647E-01  2.597E-01  2.502E-01  2.427E-01  2.373E-01  2.264E-01  2.152E-01  2.051E-01  1.919E-01  1.812E-01  1.707E-01  1.603E-01  1.492E-01  1.375E-01  1.263E-01  1.151E-01  1.062E-01  9.640E-02  8.792E-02  7.873E-02  7.192E-02  6.383E-02  5.782E-02  5.279E-02  4.614E-02  4.128E-02  3.720E-02  3.264E-02  2.905E-02  2.569E-02  2.310E-02  2.062E-02  1.783E-02  1.636E-02  1.413E-02  1.262E-02  1.099E-02  9.715E-03  8.864E-03  7.348E-03  6.315E-03  5.850E-03  5.105E-03  4.334E-03  3.678E-03  3.286E-03  2.968E-03  2.600E-03  2.225E-03  2.022E-03  1.608E-03  1.630E-03  1.138E-03  9.811E-04  9.672E-04  8.058E-04  7.504E-04  6.166E-04  5.417E-04  4.520E-04  4.104E-04  3.910E-04  2.452E-04  3.020E-04  2.294E-04  9.945E-04  Z
 0.000E+00  0.000E+00  0.000E+00  0.000E+00  0.000E+00  0.000E+00  0.000E+00  0.000E+00  0.000E+00  0.000E+00  0.000E+00  0.000E+00  0.000E+00  0.000E+00  0.000E+00  0.000E+00  0.000E+00  0.000E+00  0.000E+00  0.000E+00  1.808E-05  1.755E-05  1.712E-05  5.032E-05  4.956E-05  1.127E-04  1.596E-05  1.557E-04  1.221E-04  1.658E-04  2.074E-04  2.323E-04  4.593E-04  5.493E-04  8.073E-04  8.510E-04  1.135E-03  1.120E-03  1.698E-03  2.091E-03  2.436E-03  2.830E-03  3.447E-03  4.161E-03  5.642E-03  6.841E-03  7.188E-03  9.049E-03  1.107E-02  1.295E-02  1.617E-02  1.839E-02  2.139E-02  2.598E-02  3.005E-02  3.624E-02  4.199E-02  4.783E-02  5.610E-02  6.526E-02  7.598E-02  8.864E-02  1.003E-01  1.158E-01  1.336E-01  1.515E-01  1.729E-01  1.977E-01  2.257E-01  2.548E-01  2.848E-01  3.155E-01  3.543E-01  3.951E-01  4.426E-01  4.900E-01  5.356E-01  5.947E-01  6.553E-01  7.241E-01  7.874E-01  8.638E-01  9.403E-01  1.022E+00  1.113E+00  1.200E+00  1.302E+00  1.403E+00  1.514E+00  1.613E+00  1.733E+00  1.852E+00  1.970E+00  2.106E+00  2.231E+00  2.363E+00  2.500E+00  2.643E+00  2.789E+00  2.918E+00  3.074E+00  3.222E+00  3.367E+00  3.505E+00  3.660E+00  3.789E+00  3.929E+00  4.067E+00  4.187E+00  4.321E+00  4.441E+00  4.561E+00  4.653E+00  4.761E+00  4.845E+00  4.920E+00  5.005E+00  5.039E+00  5.098E+00  5.115E+00  5.136E+00  5.142E+00  5.132E+00  5.104E+00  5.095E+00  5.019E+00  4.965E+00  4.892E+00  4.815E+00  4.709E+00  4.617E+00  4.498E+00  4.373E+00  4.242E+00  4.093E+00  3.945E+00  3.797E+00  3.643E+00  3.486E+00  3.323E+00  3.166E+00  3.005E+00  2.848E+00  2.687E+00  2.523E+00  2.372E+00  2.221E+00  2.077E+00  1.943E+00  1.802E+00  1.671E+00  1.546E+00  1.429E+00  1.315E+00  1.213E+00  1.109E+00  1.019E+00  9.400E-01  8.591E-01  7.887E-01  7.266E-01  6.675E-01  6.189E-01  5.724E-01  5.305E-01  4.997E-01  4.715E-01  4.431E-01  4.218E-01  4.095E-01  3.953E-01  3.836E-01  3.761E-01  3.715E-01  3.677E-01  3.665E-01  3.653E-01  3.646E-01  3.635E-01  3.623E-01  3.633E-01  3.628E-01  3.649E-01  3.626E-01  3.581E-01  3.558E-01  3.520E-01  3.511E-01  3.445E-01  3.335E-01  3.274E-01  3.165E-01  3.048E-01  2.928E-01  2.808E-01  2.687E-01  2.564E-01  2.423E-01  2.274E-01  2.147E-01  1.984E-01  1.869E-01  1.718E-01  1.592E-01  1.445E-01  1.341E-01  1.224E-01  1.130E-01  1.011E-01  9.105E-02  8.209E-02  7.431E-02  6.560E-02  5.826E-02  5.290E-02  4.617E-02  4.194E-02  3.802E-02  3.283E-02  2.921E-02  2.636E-02  2.303E-02  2.021E-02  1.733E-02  1.573E-02  1.432E-02  1.195E-02  1.057E-02  9.674E-03  8.343E-03  7.011E-03  6.187E-03  5.308E-03  4.762E-03  4.137E-03  3.622E-03  2.802E-03  2.773E-03  2.355E-03  2.027E-03  1.815E-03  1.444E-03  1.458E-03  1.316E-03  1.187E-03  9.434E-04  7.940E-04  8.368E-04  2.625E-03  Z
 0.000E+00  0.000E+00  0.000E+00  0.000E+00  0.000E+00  0.000E+00  0.000E+00  0.000E+00  0.000E+00  0.000E+00  0.000E+00  0.000E+00  0.000E+00  0.000E+00  0.000E+00  0.000E+00  0.000E+00  0.000E+00  0.000E+00  0.000E+00  0.000E+00  0.000E+00  0.000E+00  6.802E-05  6.565E-05  8.046E-05  7.901E-05  6.223E-05  1.993E-04  2.393E-04  1.477E-04  2.472E-04  5.160E-04  5.500E-04  5.702E-04  8.497E-04  1.083E-03  1.387E-03  1.658E-03  1.664E-03  2.465E-03  3.143E-03  3.485E-03  4.051E-03  4.789E-03  5.880E-03  6.234E-03  8.580E-03  9.801E-03  1.215E-02  1.388E-02  1.593E-02  1.900E-02  2.269E-02  2.647E-02  3.166E-02  3.729E-02  4.216E-02  5.152E-02  5.884E-02  6.827E-02  7.868E-02  9.000E-02  1.039E-01  1.208E-01  1.338E-01  1.559E-01  1.752E-01  1.992E-01  2.255E-01  2.525E-01  2.860E-01  3.172E-01  3.582E-01  3.988E-01  4.426E-01  4.906E-01  5.429E-01  5.972E-01  6.616E-01  7.236E-01  7.908E-01  8.704E-01  9.518E-01  1.027E+00  1.114E+00  1.205E+00  1.308E+00  1.416E+00  1.525E+00  1.628E+00  1.751E+00  1.872E+00  2.001E+00  2.128E+00  2.270E+00  2.410E+00  2.548E+00  2.701E+00  2.839E+00  2.994E+00  3.158E+00  3.314E+00  3.466E+00  3.627E+00  3.789E+00  3.956E+00  4.102E+00  4.274E+00  4.434E+00  4.577E+00  4.740E+00  4.888E+00  5.037E+00  5.167E+00  5.289E+00  5.424E+00  5.532E+00  5.623E+00  5.727E+00  5.815E+00  5.885E+00  5.948E+00  5.997E+00  6.030E+00  6.053E+00  6.066E+00  6.041E+00  6.029E+00  5.986E+00  5.925E+00  5.859E+00  5.798E+00  5.684E+00  5.572E+00  5.459E+00  5.323E+00  5.188E+00  5.038E+00  4.883E+00  4.712E+00  4.533E+00  4.366E+00  4.176E+00  4.001E+00  3.802E+00  3.617E+00  3.441E+00  3.240E+00  3.060E+00  2.890E+00  2.701E+00  2.542E+00  2.372E+00  2.213E+00  2.062E+00  1.911E+00  1.774E+00  1.645E+00  1.520E+00  1.405E+00  1.294E+00  1.192E+00  1.108E+00  1.023E+00  9.501E-01  8.814E-01  8.158E-01  7.616E-01  7.178E-01  6.711E-01  6.362E-01  6.026E-01  5.767E-01  5.533E-01  5.340E-01  5.178E-01  5.037E-01  4.922E-01  4.823E-01  4.747E-01  4.672E-01  4.615E-01  4.571E-01  4.500E-01  4.466E-01  4.415E-01  4.357E-01  4.310E-01  4.257E-01  4.187E-01  4.111E-01  4.019E-01  3.894E-01  3.827E-01  3.672E-01  3.561E-01  3.396E-01  3.277E-01  3.144E-01  2.958E-01  2.800E-01  2.659E-01  2.486E-01  2.319E-01  2.192E-01  2.005E-01  1.865E-01  1.721E-01  1.576E-01  1.441E-01  1.316E-01  1.184E-01  1.066E-01  9.678E-02  8.867E-02  7.785E-02  6.970E-02  6.286E-02  5.677E-02  5.000E-02  4.495E-02  3.922E-02  3.473E-02  3.049E-02  2.686E-02  2.374E-02  2.103E-02  1.839E-02  1.572E-02  1.419E-02  1.238E-02  1.104E-02  9.494E-03  8.119E-03  7.314E-03  6.048E-03  5.609E-03  4.854E-03  4.353E-03  4.026E-03  3.148E-03  2.759E-03  2.503E-03  2.187E-03  1.550E-03  1.708E-03  1.406E-03  5.633E-03  Z
 0.000E+00  0.000E+00  0.000E+00  0.000E+00  0.000E+00  0.000E+00  0.000E+00  0.000E+00  0.000E+00  0.000E+00  0.000E+00  0.000E+00  0.000E+00  0.000E+00  0.000E+00  2.075E-05  0.000E+00  0.000E+00  0.000E+00  0.000E+00  0.000E+00  0.000E+00  3.430E-05  3.370E-05  6.651E-05  3.248E-05  1.610E-05  1.249E-04  1.377E-04  1.662E-04  1.925E-04  2.615E-04  2.288E-04  4.367E-04  6.141E-04  8.507E-04  9.471E-04  1.319E-03  1.305E-03  1.818E-03  2.323E-03  2.667E-03  3.460E-03  4.197E-03  5.011E-03  5.500E-03  7.126E-03  7.478E-03  9.691E-03  1.234E-02  1.386E-02  1.688E-02  1.869E-02  2.258E-02  2.603E-02  3.172E-02  3.609E-02  4.213E-02  5.000E-02  5.854E-02  6.848E-02  7.660E-02  8.851E-02  1.024E-01  1.175E-01  1.341E-01  1.540E-01  1.748E-01  1.953E-01  2.255E-01  2.490E-01  2.806E-01  3.153E-01  3.532E-01  3.933E-01  4.349E-01  4.877E-01  5.346E-01  5.944E-01  6.523E-01  7.171E-01  7.852E-01  8.644E-01  9.357E-01  1.018E+00  1.110E+00  1.199E+00  1.299E+00  1.399E+00  1.512E+00  1.621E+00  1.735E+00  1.859E+00  1.988E+00  2.121E+00  2.255E+00  2.396E+00  2.536E+00  2.688E+00  2.846E+00  2.988E+00  3.156E+00  3.298E+00  3.470E+00  3.633E+00  3.786E+00  3.946E+00  4.110E+00  4.281E+00  4.435E+00  4.583E+00  4.739E+00  4.904E+00  5.046E+00  5.186E+00  5.326E+00  5.446E+00  5.575E+00  5.690E+00  5.777E+00  5.883E+00  5.970E+00  6.026E+00  6.065E+00  6.124E+00  6.157E+00  6.162E+00  6.170E+00  6.144E+00  6.113E+00  6.071E+00  6.016E+00  5.927E+00  5.845E+00  5.745E+00  5.640E+00  5.503E+00  5.370E+00  5.227E+00  5.064E+00  4.897E+00  4.734E+00  4.556E+00  4.363E+00  4.184E+00  4.003E+00  3.805E+00  3.616E+00  3.431E+00  3.234E+00  3.052E+00  2.876E+00  2.702E+00  2.523E+00  2.360E+00  2.202E+00  2.044E+00  1.904E+00  1.760E+00  1.629E+00  1.514E+00  1.392E+00  1.289E+00  1.190E+00  1.101E+00  1.022E+00  9.440E-01  8.822E-01  8.193E-01  7.701E-01  7.202E-01  6.790E-01  6.449E-01  6.113E-01  5.848E-01  5.650E-01  5.450E-01  5.269E-01  5.177E-01  4.988E-01  4.960E-01  4.874E-01  4.767E-01  4.696E-01  4.673E-01  4.606E-01  4.567E-01  4.467E-01  4.413E-01  4.366E-01  4.279E-01  4.207E-01  4.129E-01  4.033E-01  3.918E-01  3.787E-01  3.687E-01  3.540E-01  3.421E-01  3.256E-01  3.079E-01  2.953E-01  2.809E-01  2.623E-01  2.459E-01  2.268E-01  2.129E-01  1.974E-01  1.820E-01  1.670E-01  1.531E-01  1.386E-01  1.272E-01  1.147E-01  1.042E-01  9.412E-02  8.460E-02  7.580E-02  6.669E-02  6.087E-02  5.344E-02  4.853E-02  4.172E-02  3.868E-02  3.439E-02  2.998E-02  2.581E-02  2.262E-02  2.005E-02  1.804E-02  1.541E-02  1.339E-02  1.198E-02  1.016E-02  9.410E-03  7.716E-03  6.915E-03  6.064E-03  5.357E-03  4.653E-03  3.887E-03  3.757E-03  3.023E-03  2.763E-03  2.341E-03  1.885E-03  1.639E-03  1.605E-03  5.944E-03  Z
 0.000E+00  0.000E+00  0.000E+00  0.000E+00  0.000E+00  0.000E+00  0.000E+00  0.000E+00  0.000E+00  0.000E+00  0.000E+00  0.000E+00  0.000E+00  0.000E+00  0.000E+00  0.000E+00  0.000E+00  0.000E+00  0.000E+00  1.864E-05  0.000E+00  1.744E-05  0.000E+00  0.000E+00  1.668E-05  0.000E+00  6.345E-05  1.401E-04  6.108E-05  1.205E-04  1.628E-04  2.768E-04  5.295E-04  4.364E-04  4.313E-04  6.712E-04  9.053E-04  1.414E-03  1.446E-03  1.912E-03  1.987E-03  2.738E-03  3.009E-03  4.224E-03  4.334E-03  5.499E-03  6.385E-03  8.064E-03  9.908E-03  1.185E-02  1.362E-02  1.669E-02  2.015E-02  2.220E-02  2.626E-02  3.092E-02  3.654E-02  4.278E-02  4.963E-02  5.647E-02  6.570E-02  7.616E-02  8.796E-02  1.013E-01  1.144E-01  1.316E-01  1.492E-01  1.685E-01  1.944E-01  2.194E-01  2.482E-01  2.773E-01  3.079E-01  3.492E-01  3.862E-01  4.336E-01  4.792E-01  5.327E-01  5.863E-01  6.460E-01  7.100E-01  7.795E-01  8.513E-01  9.303E-01  1.009E+00  1.097E+00  1.189E+00  1.289E+00  1.389E+00  1.496E+00  1.604E+00  1.730E+00  1.849E+00  1.975E+00  2.113E+00  2.239E+00  2.385E+00  2.522E+00  2.674E+00  2.814E+00  2.969E+00  3.139E+00  3.293E+00  3.460E+00  3.627E+00  3.791E+00  3.951E+00  4.114E+00  4.280E+00  4.437E+00  4.606E+00  4.760E+00  4.913E+00  5.069E+00  5.217E+00  5.355E+00  5.505E+00  5.622E+00  5.759E+00  5.868E+00  5.959E+00  6.035E+00  6.119E+00  6.184E+00  6.238E+00  6.274E+00  6.296E+00  6.315E+00  6.300E+00  6.301E+00  6.249E+00  6.213E+00  6.136E+00  6.062E+00  5.961E+00  5.852E+00  5.736E+00  5.608E+00  5.466E+00  5.308E+00  5.163E+00  4.981E+00  4.796E+00  4.632E+00  4.438E+00  4.245E+00  4.053E+00  3.862E+00  3.661E+00  3.473E+00  3.278E+00  3.091E+00  2.902E+00  2.716E+00  2.552E+00  2.381E+00  2.223E+00  2.061E+00  1.919E+00  1.778E+00  1.652E+00  1.524E+00  1.417E+00  1.305E+00  1.210E+00  1.121E+00  1.033E+00  9.672E-01  8.948E-01  8.370E-01  7.836E-01  7.386E-01  6.963E-01  6.575E-01  6.315E-01  6.026E-01  5.781E-01  5.622E-01  5.423E-01  5.295E-01  5.176E-01  5.051E-01  4.961E-01  4.928E-01  4.851E-01  4.763E-01  4.680E-01  4.646E-01  4.570E-01  4.505E-01  4.444E-01  4.347E-01  4.273E-01  4.180E-01  4.056E-01  3.972E-01  3.810E-01  3.675E-01  3.553E-01  3.429E-01  3.265E-01  3.107E-01  2.923E-01  2.779E-01  2.605E-01  2.443E-01  2.286E-01  2.108E-01  1.956E-01  1.815E-01  1.652E-01  1.520E-01  1.378E-01  1.254E-01  1.134E-01  1.030E-01  9.350E-02  8.283E-02  7.446E-02  6.605E-02  5.915E-02  5.347E-02  4.769E-02  4.151E-02  3.721E-02  3.203E-02  2.894E-02  2.520E-02  2.213E-02  1.911E-02  1.676E-02  1.501E-02  1.333E-02  1.152E-02  1.018E-02  8.979E-03  8.100E-03  6.770E-03  5.920E-03  5.231E-03  4.467E-03  3.806E-03  3.187E-03  2.958E-03  2.653E-03  2.441E-03  1.881E-03  1.635E-03  6.925E-03  Z
 0.000E+00  0.000E+00  0.000E+00  0.000E+00  0.000E+00  0.000E+00  0.000E+00  0.000E+00  0.000E+00  0.000E+00  0.000E+00  0.000E+00  0.000E+00  0.000E+00  0.000E+00  0.000E+00  0.000E+00  0.000E+00  1.916E-05  0.000E+00  0.000E+00  3.561E-05  0.000E+00  0.000E+00  1.640E-05  3.236E-05  4.730E-05  1.251E-04  9.209E-05  2.849E-04  2.808E-04  3.929E-04  5.005E-04  5.386E-04  7.238E-04  9.047E-04  9.885E-04  1.266E-03  1.474E-03  1.782E-03  2.285E-03  2.967E-03  3.184E-03  4.037E-03  4.334E-03  5.976E-03  6.744E-03  7.976E-03  9.692E-03  1.121E-02  1.392E-02  1.633E-02  1.897E-02  2.224E-02  2.582E-02  3.138E-02  3.651E-02  4.150E-02  4.908E-02  5.722E-02  6.426E-02  7.557E-02  8.807E-02  1.010E-01  1.126E-01  1.316E-01  1.507E-01  1.708E-01  1.942E-01  2.185E-01  2.465E-01  2.749E-01  3.105E-01  3.431E-01  3.894E-01  4.298E-01  4.793E-01  5.295E-01  5.884E-01  6.426E-01  7.067E-01  7.779E-01  8.522E-01  9.210E-01  1.008E+00  1.097E+00  1.185E+00  1.283E+00  1.383E+00  1.493E+00  1.601E+00  1.723E+00  1.840E+00  1.971E+00  2.111E+00  2.240E+00  2.377E+00  2.519E+00  2.670E+00  2.827E+00  2.986E+00  3.129E+00  3.290E+00  3.460E+00  3.614E+00  3.794E+00  3.945E+00  4.115E+00  4.287E+00  4.450E+00  4.617E+00  4.769E+00  4.917E+00  5.071E+00  5.228E+00  5.366E+00  5.510E+00  5.618E+00  5.752E+00  5.864E+00  5.981E+00  6.055E+00  6.133E+00  6.203E+00  6.251E+00  6.290E+00  6.326E+00  6.332E+00  6.326E+00  6.311E+00  6.268E+00  6.230E+00  6.165E+00  6.091E+00  5.996E+00  5.879E+00  5.775E+00  5.645E+00  5.505E+00  5.359E+00  5.177E+00  5.013E+00  4.837E+00  4.659E+00  4.461E+00  4.272E+00  4.094E+00  3.889E+00  3.700E+00  3.496E+00  3.310E+00  3.122E+00  2.931E+00  2.752E+00  2.581E+00  2.408E+00  2.247E+00  2.093E+00  1.948E+00  1.805E+00  1.666E+00  1.547E+00  1.427E+00  1.322E+00  1.229E+00  1.135E+00  1.049E+00  9.740E-01  9.051E-01  8.449E-01  7.912E-01  7.451E-01  7.041E-01  6.663E-01  6.362E-01  6.088E-01  5.849E-01  5.677E-01  5.449E-01  5.340E-01  5.193E-01  5.109E-01  5.008E-01  4.937E-01  4.851E-01  4.777E-01  4.745E-01  4.647E-01  4.600E-01  4.539E-01  4.472E-01  4.389E-01  4.277E-01  4.189E-01  4.093E-01  3.975E-01  3.854E-01  3.711E-01  3.603E-01  3.427E-01  3.307E-01  3.128E-01  2.969E-01  2.794E-01  2.639E-01  2.460E-01  2.312E-01  2.140E-01  1.970E-01  1.811E-01  1.657E-01  1.515E-01  1.400E-01  1.255E-01  1.145E-01  1.043E-01  9.284E-02  8.245E-02  7.565E-02  6.752E-02  5.845E-02  5.350E-02  4.750E-02  4.223E-02  3.763E-02  3.274E-02  2.860E-02  2.530E-02  2.272E-02  2.064E-02  1.719E-02  1.560E-02  1.323E-02  1.238E-02  1.052E-02  9.087E-03  7.948E-03  6.588E-03  6.062E-03  5.408E-03  4.688E-03  3.953E-03  3.418E-03  3.085E-03  2.526E-03  2.265E-03  1.852E-03  1.702E-03  6.970E-03  Z
 0.000E+00  0.000E+00  0.000E+00  0.000E+00  0.000E+00  0.000E+00  0.000E+00  0.000E+00  0.000E+00  0.000E+00  0.000E+00  0.000E+00  0.000E+00  0.000E+00  0.000E+00  0.000E+00  0.000E+00  0.000E+00  0.000E+00  0.000E+00  1.821E-05  0.000E+00  3.416E-05  0.000E+00  1.670E-05  6.472E-05  4.780E-05  1.249E-04  1.225E-04  2.250E-04  2.371E-04  3.216E-04  4.155E-04  5.084E-04  7.773E-04  7.810E-04  9.046E-04  1.348E-03  1.526E-03  1.574E-03  2.207E-03  2.626E-03  3.221E-03  4.084E-03  5.170E-03  5.404E-03  6.720E-03  8.134E-03  9.863E-03  1.113E-02  1.326E-02  1.520E-02  1.884E-02  2.222E-02  2.586E-02  3.033E-02  3.602E-02  4.267E-02  4.800E-02  5.632E-02  6.645E-02  7.467E-02  8.698E-02  1.000E-01  1.123E-01  1.296E-01  1.499E-01  1.708E-01  1.930E-01  2.168E-01  2.427E-01  2.746E-01  3.069E-01  3.465E-01  3.849E-01  4.259E-01  4.738E-01  5.277E-01  5.809E-01  6.444E-01  7.030E-01  7.722E-01  8.460E-01  9.205E-01  1.002E+00  1.088E+00  1.177E+00  1.272E+00  1.386E+00  1.488E+00  1.602E+00  1.723E+00  1.843E+00  1.967E+00  2.099E+00  2.236E+00  2.370E+00  2.515E+00  2.669E+00  2.818E+00  2.987E+00  3.139E+00  3.286E+00  3.448E+00  3.620E+00  3.788E+00  3.952E+00  4.113E+00  4.284E+00  4.448E+00  4.613E+00  4.772E+00  4.930E+00  5.078E+00  5.225E+00  5.387E+00  5.529E+00  5.650E+00  5.773E+00  5.878E+00  6.006E+00  6.093E+00  6.163E+00  6.240E+00  6.305E+00  6.346E+00  6.375E+00  6.391E+00  6.400E+00  6.387E+00  6.351E+00  6.330E+00  6.254E+00  6.164E+00  6.088E+00  5.984E+00  5.883E+00  5.736E+00  5.592E+00  5.459E+00  5.295E+00  5.128E+00  4.954E+00  4.766E+00  4.593E+00  4.393E+00  4.208E+00  4.002E+00  3.806E+00  3.607E+00  3.410E+00  3.228E+00  3.033E+00  2.849E+00  2.673E+00  2.495E+00  2.327E+00  2.173E+00  2.018E+00  1.872E+00  1.738E+00  1.604E+00  1.486E+00  1.382E+00  1.273E+00  1.178E+00  1.099E+00  1.017E+00  9.452E-01  8.827E-01  8.271E-01  7.762E-01  7.295E-01  6.881E-01  6.568E-01  6.287E-01  6.006E-01  5.817E-01  5.614E-01  5.458E-01  5.348E-01  5.195E-01  5.115E-01  5.040E-01  4.958E-01  4.888E-01  4.811E-01  4.713E-01  4.698E-01  4.630E-01  4.562E-01  4.449E-01  4.359E-01  4.271E-01  4.156E-01  4.044E-01  3.936E-01  3.816E-01  3.656E-01  3.510E-01  3.356E-01  3.208E-01  3.065E-01  2.842E-01  2.706E-01  2.528E-01  2.372E-01  2.210E-01  2.046E-01  1.883E-01  1.719E-01  1.569E-01  1.439E-01  1.315E-01  1.184E-01  1.081E-01  9.676E-02  8.672E-02  7.824E-02  6.996E-02  6.255E-02  5.633E-02  4.843E-02  4.503E-02  3.896E-02  3.461E-02  3.026E-02  2.627E-02  2.380E-02  2.112E-02  1.822E-02  1.589E-02  1.397E-02  1.227E-02  1.050E-02  9.559E-03  7.945E-03  7.103E-03  5.984E-03  5.075E-03  4.727E-03  4.040E-03  3.750E-03  3.141E-03  2.792E-03  2.299E-03  1.798E-03  1.829E-03  7.033E-03  Z
 0.000E+00  0.000E+00  0.000E+00  0.000E+00  0.000E+00  0.000E+00  0.000E+00  0.000E+00  0.000E+00  0.000E+00  0.000E+00  0.000E+00  0.000E+00  0.000E+00  0.000E+00  0.000E+00  0.000E+00  0.000E+00  0.000E+00  3.695E-05  0.000E+00  1.778E-05  0.000E+00  0.000E+00  0.000E+00  6.447E-05  4.753E-05  1.549E-04  9.189E-05  1.661E-04  2.801E-04  2.047E-04  3.006E-04  5.527E-04  5.557E-04  7.549E-04  8.384E-04  1.095E-03  1.424E-03  1.622E-03  2.425E-03  2.803E-03  3.298E-03  3.962E-03  4.755E-03  5.620E-03  6.066E-03  7.363E-03  1.015E-02  1.130E-02  1.405E-02  1.612E-02  1.854E-02  2.199E-02  2.648E-02  2.996E-02  3.457E-02  4.070E-02  4.899E-02  5.478E-02  6.583E-02  7.536E-02  8.526E-02  9.792E-02  1.132E-01  1.269E-01  1.445E-01  1.661E-01  1.919E-01  2.160E-01  2.413E-01  2.713E-01  3.051E-01  3.411E-01  3.817E-01  4.258E-01  4.706E-01  5.227E-01  5.726E-01  6.322E-01  6.975E-01  7.666E-01  8.339E-01  9.160E-01  9.971E-01  1.076E+00  1.178E+00  1.271E+00  1.377E+00  1.481E+00  1.591E+00  1.706E+00  1.833E+00  1.953E+00  2.092E+00  2.222E+00  2.354E+00  2.507E+00  2.661E+00  2.811E+00  2.956E+00  3.121E+00  3.277E+00  3.443E+00  3.620E+00  3.784E+00  3.958E+00  4.114E+00  4.290E+00  4.449E+00  4.610E+00  4.790E+00  4.943E+00  5.100E+00  5.254E+00  5.407E+00  5.550E+00  5.686E+00  5.805E+00  5.934E+00  6.036E+00  6.154E+00  6.239E+00  6.319E+00  6.387E+00  6.420E+00  6.478E+00  6.497E+00  6.515E+00  6.489E+00  6.478E+00  6.438E+00  6.384E+00  6.326E+00  6.250E+00  6.145E+00  6.036E+00  5.912E+00  5.782E+00  5.636E+00  5.485E+00  5.303E+00  5.131E+00  4.966E+00  4.773E+00  4.588E+00  4.377E+00  4.185E+00  3.984E+00  3.784E+00  3.590E+00  3.391E+00  3.206E+00  3.017E+00  2.824E+00  2.646E+00  2.477E+00  2.298E+00  2.148E+00  1.994E+00  1.854E+00  1.717E+00  1.589E+00  1.476E+00  1.359E+00  1.266E+00  1.169E+00  1.089E+00  1.009E+00  9.423E-01  8.769E-01  8.260E-01  7.759E-01  7.306E-01  6.892E-01  6.589E-01  6.354E-01  6.054E-01  5.850E-01  5.677E-01  5.565E-01  5.373E-01  5.286E-01  5.190E-01  5.114E-01  5.028E-01  4.960E-01  4.909E-01  4.810E-01  4.738E-01  4.663E-01  4.587E-01  4.468E-01  4.384E-01  4.270E-01  4.170E-01  4.065E-01  3.919E-01  3.786E-01  3.630E-01  3.469E-01  3.308E-01  3.166E-01  2.987E-01  2.785E-01  2.632E-01  2.472E-01  2.316E-01  2.150E-01  2.004E-01  1.829E-01  1.670E-01  1.528E-01  1.387E-01  1.278E-01  1.141E-01  1.045E-01  9.339E-02  8.396E-02  7.611E-02  6.611E-02  6.026E-02  5.379E-02  4.763E-02  4.154E-02  3.774E-02  3.284E-02  2.855E-02  2.507E-02  2.220E-02  2.004E-02  1.692E-02  1.495E-02  1.333E-02  1.160E-02  1.002E-02  8.925E-03  8.150E-03  6.855E-03  5.923E-03  5.012E-03  4.466E-03  3.878E-03  3.384E-03  2.899E-03  2.485E-03  2.299E-03  1.937E-03  7.631E-03  Z
 0.000E+00  0.000E+00  0.000E+00  0.000E+00  0.000E+00  0.000E+00  0.000E+00  0.000E+00  0.000E+00  0.000E+00  0.000E+00  0.000E+00  0.000E+00  0.000E+00  0.000E+00  0.000E+00  0.000E+00  0.000E+00  0.000E+00  0.000E+00  0.000E+00  0.000E+00  3.448E-05  0.000E+00  6.597E-05  8.093E-05  9.499E-05  9.340E-05  2.618E-04  1.203E-04  3.555E-04  4.378E-04  5.008E-04  5.640E-04  4.723E-04  8.762E-04  9.202E-04  1.174E-03  1.409E-03  1.817E-03  2.080E-03  2.244E-03  3.409E-03  3.894E-03  4.583E-03  5.652E-03  6.493E-03  7.631E-03  9.409E-03  1.104E-02  1.379E-02  1.585E-02  1.794E-02  2.030E-02  2.577E-02  2.976E-02  3.545E-02  4.117E-02  4.657E-02  5.505E-02  6.251E-02  7.161E-02  8.463E-02  9.629E-02  1.112E-01  1.261E-01  1.460E-01  1.645E-01  1.861E-01  2.114E-01  2.390E-01  2.666E-01  2.957E-01  3.363E-01  3.795E-01  4.180E-01  4.619E-01  5.115E-01  5.644E-01  6.211E-01  6.846E-01  7.530E-01  8.305E-01  9.023E-01  9.866E-01  1.068E+00  1.159E+00  1.260E+00  1.361E+00  1.466E+00  1.574E+00  1.695E+00  1.813E+00  1.941E+00  2.069E+00  2.206E+00  2.353E+00  2.496E+00  2.641E+00  2.783E+00  2.948E+00  3.106E+00  3.278E+00  3.432E+00  3.598E+00  3.762E+00  3.935E+00  4.115E+00  4.284E+00  4.449E+00  4.616E+00  4.791E+00  4.953E+00  5.123E+00  5.300E+00  5.435E+00  5.588E+00  5.731E+00  5.883E+00  6.000E+00  6.138E+00  6.240E+00  6.343E+00  6.443E+00  6.520E+00  6.580E+00  6.628E+00  6.686E+00  6.697E+00  6.715E+00  6.700E+00  6.678E+00  6.645E+00  6.587E+00  6.535E+00  6.445E+00  6.343E+00  6.211E+00  6.112E+00  5.969E+00  5.815E+00  5.656E+00  5.488E+00  5.311E+00  5.137E+00  4.925E+00  4.737E+00  4.534E+00  4.330E+00  4.120E+00  3.919E+00  3.713E+00  3.506E+00  3.307E+00  3.120E+00  2.927E+00  2.745E+00  2.569E+00  2.391E+00  2.234E+00  2.074E+00  1.929E+00  1.791E+00  1.661E+00  1.539E+00  1.427E+00  1.322E+00  1.228E+00  1.138E+00  1.066E+00  9.902E-01  9.230E-01  8.662E-01  8.132E-01  7.736E-01  7.354E-01  6.923E-01  6.669E-01  6.383E-01  6.192E-01  5.989E-01  5.798E-01  5.643E-01  5.544E-01  5.428E-01  5.326E-01  5.231E-01  5.117E-01  5.019E-01  4.986E-01  4.878E-01  4.798E-01  4.709E-01  4.608E-01  4.546E-01  4.372E-01  4.275E-01  4.155E-01  4.026E-01  3.872E-01  3.737E-01  3.552E-01  3.394E-01  3.231E-01  3.039E-01  2.857E-01  2.695E-01  2.515E-01  2.347E-01  2.185E-01  2.000E-01  1.847E-01  1.712E-01  1.555E-01  1.404E-01  1.279E-01  1.164E-01  1.050E-01  9.430E-02  8.409E-02  7.519E-02  6.742E-02  6.088E-02  5.317E-02  4.651E-02  4.301E-02  3.646E-02  3.274E-02  2.876E-02  2.500E-02  2.217E-02  1.982E-02  1.747E-02  1.501E-02  1.298E-02  1.195E-02  1.009E-02  8.906E-03  7.976E-03  6.872E-03  5.890E-03  5.159E-03  4.432E-03  3.625E-03  3.431E-03  2.695E-03  2.327E-03  2.319E-03  9.005E-03  Z
 0.000E+00  0.000E+00  0.000E+00  0.000E+00  0.000E+00  0.000E+00  0.000E+00  0.000E+00  0.000E+00  0.000E+00  0.000E+00  0.000E+00  0.000E+00  0.000E+00  0.000E+00  0.000E+00  0.000E+00  0.000E+00  1.907E-05  0.000E+00  1.796E-05  0.000E+00  0.000E+00  0.000E+00  3.275E-05  8.115E-05  6.320E-05  9.336E-05  1.990E-04  1.351E-04  2.365E-04  3.200E-04  2.848E-04  5.646E-04  6.965E-04  7.809E-04  1.259E-03  1.237E-03  1.250E-03  1.754E-03  2.230E-03  2.537E-03  3.117E-03  4.135E-03  4.175E-03  5.323E-03  7.094E-03  7.572E-03  9.506E-03  1.089E-02  1.296E-02  1.528E-02  1.838E-02  2.093E-02  2.463E-02  2.931E-02  3.319E-02  4.053E-02  4.615E-02  5.359E-02  6.109E-02  7.262E-02  8.127E-02  9.522E-02  1.094E-01  1.248E-01  1.419E-01  1.598E-01  1.838E-01  2.071E-01  2.343E-01  2.644E-01  2.948E-01  3.272E-01  3.671E-01  4.076E-01  4.559E-01  5.049E-01  5.620E-01  6.153E-01  6.763E-01  7.438E-01  8.142E-01  8.887E-01  9.683E-01  1.057E+00  1.145E+00  1.244E+00  1.341E+00  1.443E+00  1.559E+00  1.680E+00  1.800E+00  1.923E+00  2.054E+00  2.193E+00  2.334E+00  2.472E+00  2.629E+00  2.780E+00  2.935E+00  3.096E+00  3.260E+00  3.425E+00  3.599E+00  3.774E+00  3.947E+00  4.123E+00  4.294E+00  4.455E+00  4.626E+00  4.813E+00  4.981E+00  5.139E+00  5.315E+00  5.464E+00  5.632E+00  5.793E+00  5.941E+00  6.076E+00  6.208E+00  6.326E+00  6.437E+00  6.535E+00  6.620E+00  6.700E+00  6.765E+00  6.816E+00  6.855E+00  6.892E+00  6.902E+00  6.892E+00  6.842E+00  6.816E+00  6.769E+00  6.695E+00  6.610E+00  6.510E+00  6.397E+00  6.261E+00  6.125E+00  5.961E+00  5.801E+00  5.634E+00  5.444E+00  5.257E+00  5.059E+00  4.852E+00  4.643E+00  4.444E+00  4.236E+00  4.020E+00  3.807E+00  3.597E+00  3.410E+00  3.200E+00  3.007E+00  2.824E+00  2.642E+00  2.467E+00  2.301E+00  2.139E+00  1.996E+00  1.850E+00  1.714E+00  1.588E+00  1.474E+00  1.369E+00  1.274E+00  1.182E+00  1.101E+00  1.031E+00  9.612E-01  8.989E-01  8.506E-01  8.061E-01  7.624E-01  7.273E-01  6.938E-01  6.660E-01  6.412E-01  6.185E-01  6.032E-01  5.909E-01  5.723E-01  5.603E-01  5.488E-01  5.351E-01  5.341E-01  5.221E-01  5.116E-01  5.044E-01  4.903E-01  4.820E-01  4.699E-01  4.624E-01  4.482E-01  4.372E-01  4.211E-01  4.122E-01  3.960E-01  3.765E-01  3.612E-01  3.415E-01  3.246E-01  3.068E-01  2.914E-01  2.712E-01  2.544E-01  2.381E-01  2.191E-01  2.013E-01  1.860E-01  1.702E-01  1.572E-01  1.423E-01  1.281E-01  1.173E-01  1.031E-01  9.428E-02  8.653E-02  7.511E-02  6.656E-02  6.116E-02  5.287E-02  4.761E-02  4.188E-02  3.682E-02  3.343E-02  2.934E-02  2.544E-02  2.296E-02  1.987E-02  1.743E-02  1.540E-02  1.268E-02  1.151E-02  1.036E-02  8.627E-03  7.406E-03  6.677E-03  5.716E-03  5.063E-03  4.523E-03  3.811E-03  3.340E-03  2.746E-03  2.486E-03  1.004E-02  Z
 0.000E+00  0.000E+00  0.000E+00  0.000E+00  0.000E+00  0.000E+00  0.000E+00  0.000E+00  0.000E+00  0.000E+00  0.000E+00  0.000E+00  0.000E+00  0.000E+00  0.000E+00  0.000E+00  0.000E+00  0.000E+00  0.000E+00  0.000E+00  0.000E+00  0.000E+00  1.729E-05  3.366E-05  6.603E-05  8.082E-05  3.131E-05  1.710E-04  1.377E-04  2.408E-04  2.666E-04  2.771E-04  3.448E-04  5.359E-04  5.431E-04  7.138E-04  8.905E-04  1.159E-03  1.396E-03  1.638E-03  2.284E-03  2.814E-03  3.421E-03  3.804E-03  4.898E-03  5.053E-03  6.413E-03  8.130E-03  9.417E-03  1.041E-02  1.286E-02  1.528E-02  1.761E-02  2.070E-02  2.525E-02  2.858E-02  3.444E-02  3.933E-02  4.484E-02  5.319E-02  6.094E-02  7.053E-02  8.069E-02  9.430E-02  1.100E-01  1.227E-01  1.432E-01  1.585E-01  1.831E-01  2.066E-01  2.304E-01  2.604E-01  2.931E-01  3.261E-01  3.655E-01  4.127E-01  4.500E-01  5.030E-01  5.530E-01  6.136E-01  6.735E-01  7.408E-01  8.101E-01  8.803E-01  9.610E-01  1.052E+00  1.134E+00  1.232E+00  1.338E+00  1.436E+00  1.551E+00  1.668E+00  1.789E+00  1.909E+00  2.051E+00  2.186E+00  2.324E+00  2.471E+00  2.622E+00  2.774E+00  2.929E+00  3.094E+00  3.252E+00  3.437E+00  3.591E+00  3.765E+00  3.945E+00  4.113E+00  4.288E+00  4.469E+00  4.641E+00  4.812E+00  4.979E+00  5.158E+00  5.325E+00  5.496E+00  5.651E+00  5.804E+00  5.963E+00  6.092E+00  6.236E+00  6.361E+00  6.472E+00  6.592E+00  6.684E+00  6.775E+00  6.844E+00  6.899E+00  6.934E+00  6.966E+00  6.990E+00  6.981E+00  6.969E+00  6.941E+00  6.889E+00  6.821E+00  6.737E+00  6.642E+00  6.532E+00  6.415E+00  6.276E+00  6.111E+00  5.972E+00  5.782E+00  5.602E+00  5.414E+00  5.206E+00  5.014E+00  4.816E+00  4.588E+00  4.386E+00  4.173E+00  3.962E+00  3.747E+00  3.547E+00  3.341E+00  3.136E+00  2.945E+00  2.755E+00  2.583E+00  2.407E+00  2.241E+00  2.085E+00  1.940E+00  1.798E+00  1.675E+00  1.551E+00  1.439E+00  1.336E+00  1.249E+00  1.160E+00  1.080E+00  1.011E+00  9.498E-01  8.942E-01  8.405E-01  7.962E-01  7.548E-01  7.205E-01  6.940E-01  6.642E-01  6.411E-01  6.230E-01  6.028E-01  5.888E-01  5.738E-01  5.662E-01  5.528E-01  5.450E-01  5.344E-01  5.227E-01  5.155E-01  5.037E-01  4.950E-01  4.843E-01  4.707E-01  4.604E-01  4.453E-01  4.357E-01  4.195E-01  4.051E-01  3.870E-01  3.716E-01  3.581E-01  3.373E-01  3.175E-01  3.012E-01  2.818E-01  2.643E-01  2.460E-01  2.273E-01  2.111E-01  1.941E-01  1.771E-01  1.624E-01  1.462E-01  1.345E-01  1.231E-01  1.104E-01  1.005E-01  8.911E-02  8.015E-02  7.103E-02  6.319E-02  5.693E-02  5.120E-02  4.513E-02  3.885E-02  3.512E-02  3.061E-02  2.738E-02  2.387E-02  2.135E-02  1.891E-02  1.592E-02  1.452E-02  1.209E-02  1.052E-02  9.747E-03  8.003E-03  7.158E-03  6.265E-03  5.540E-03  4.516E-03  4.124E-03  3.767E-03  2.968E-03  2.368E-03  1.061E-02  Z
 0.000E+00  0.000E+00  0.000E+00  0.000E+00  0.000E+00  0.000E+00  0.000E+00  0.000E+00  0.000E+00  0.000E+00  0.000E+00  0.000E+00  0.000E+00  0.000E+00  0.000E+00  0.000E+00  0.000E+00  0.000E+00  0.000E+00  0.000E+00  1.818E-05  1.744E-05  0.000E+00  1.703E-05  0.000E+00  4.843E-05  7.983E-05  6.238E-05  1.224E-04  2.097E-04  1.777E-04  4.664E-04  3.441E-04  4.366E-04  7.235E-04  7.113E-04  1.125E-03  1.147E-03  1.763E-03  1.939E-03  2.054E-03  2.714E-03  3.186E-03  3.719E-03  4.100E-03  5.630E-03  6.102E-03  7.500E-03  9.313E-03  1.080E-02  1.297E-02  1.578E-02  1.778E-02  2.009E-02  2.465E-02  2.874E-02  3.369E-02  3.860E-02  4.612E-02  5.312E-02  6.118E-02  7.227E-02  8.153E-02  9.251E-02  1.073E-01  1.214E-01  1.380E-01  1.581E-01  1.795E-01  2.030E-01  2.291E-01  2.600E-01  2.908E-01  3.210E-01  3.639E-01  4.027E-01  4.501E-01  4.958E-01  5.567E-01  6.034E-01  6.654E-01  7.324E-01  8.060E-01  8.840E-01  9.582E-01  1.047E+00  1.133E+00  1.226E+00  1.330E+00  1.433E+00  1.547E+00  1.661E+00  1.786E+00  1.908E+00  2.043E+00  2.177E+00  2.315E+00  2.453E+00  2.617E+00  2.764E+00  2.931E+00  3.089E+00  3.259E+00  3.414E+00  3.585E+00  3.761E+00  3.936E+00  4.110E+00  4.295E+00  4.467E+00  4.648E+00  4.809E+00  4.993E+00  5.175E+00  5.334E+00  5.509E+00  5.669E+00  5.822E+00  5.983E+00  6.132E+00  6.270E+00  6.399E+00  6.507E+00  6.623E+00  6.708E+00  6.826E+00  6.902E+00  6.968E+00  7.017E+00  7.044E+00  7.065E+00  7.070E+00  7.065E+00  7.030E+00  6.987E+00  6.930E+00  6.858E+00  6.777E+00  6.662E+00  6.539E+00  6.402E+00  6.258E+00  6.105E+00  5.933E+00  5.757E+00  5.567E+00  5.364E+00  5.163E+00  4.952E+00  4.753E+00  4.545E+00  4.329E+00  4.105E+00  3.887E+00  3.680E+00  3.475E+00  3.264E+00  3.073E+00  2.875E+00  2.699E+00  2.512E+00  2.346E+00  2.190E+00  2.038E+00  1.890E+00  1.762E+00  1.632E+00  1.515E+00  1.403E+00  1.307E+00  1.215E+00  1.133E+00  1.060E+00  9.951E-01  9.319E-01  8.743E-01  8.292E-01  7.886E-01  7.511E-01  7.168E-01  6.887E-01  6.619E-01  6.448E-01  6.230E-01  6.064E-01  5.943E-01  5.758E-01  5.652E-01  5.538E-01  5.457E-01  5.367E-01  5.232E-01  5.167E-01  5.021E-01  4.901E-01  4.808E-01  4.704E-01  4.577E-01  4.434E-01  4.286E-01  4.147E-01  3.989E-01  3.807E-01  3.641E-01  3.445E-01  3.299E-01  3.108E-01  2.906E-01  2.750E-01  2.555E-01  2.370E-01  2.192E-01  2.016E-01  1.865E-01  1.710E-01  1.551E-01  1.415E-01  1.271E-01  1.167E-01  1.047E-01  9.390E-02  8.345E-02  7.397E-02  6.721E-02  6.083E-02  5.258E-02  4.772E-02  4.206E-02  3.603E-02  3.207E-02  2.842E-02  2.582E-02  2.234E-02  1.960E-02  1.725E-02  1.474E-02  1.382E-02  1.142E-02  9.726E-03  8.970E-03  7.496E-03  6.499E-03  5.814E-03  5.239E-03  4.307E-03  3.835E-03  3.375E-03  2.985E-03  1.155E-02  Z
 0.000E+00  0.000E+00  0.000E+00  0.000E+00  0.000E+00  0.000E+00  0.000E+00  0.000E+00  0.000E+00  0.000E+00  0.000E+00  0.000E+00  0.000E+00  0.000E+00  0.000E+00  0.000E+00  0.000E+00  0.000E+00  0.000E+00  1.850E-05  0.000E+00  0.000E+00  1.699E-05  1.709E-05  1.677E-05  4.908E-05  3.179E-05  1.251E-04  2.299E-04  2.106E-04  2.070E-04  3.787E-04  3.285E-04  5.503E-04  7.786E-04  6.566E-04  9.331E-04  1.227E-03  1.526E-03  1.949E-03  2.185E-03  2.723E-03  3.086E-03  3.850E-03  4.726E-03  5.040E-03  6.205E-03  7.468E-03  8.910E-03  1.066E-02  1.238E-02  1.461E-02  1.729E-02  2.176E-02  2.496E-02  2.830E-02  3.357E-02  3.933E-02  4.452E-02  5.191E-02  6.079E-02  6.975E-02  8.046E-02  9.141E-02  1.042E-01  1.215E-01  1.390E-01  1.553E-01  1.766E-01  2.024E-01  2.264E-01  2.538E-01  2.852E-01  3.207E-01  3.588E-01  4.008E-01  4.433E-01  4.949E-01  5.442E-01  6.026E-01  6.633E-01  7.290E-01  7.971E-01  8.652E-01  9.515E-01  1.038E+00  1.124E+00  1.221E+00  1.320E+00  1.430E+00  1.535E+00  1.648E+00  1.776E+00  1.894E+00  2.026E+00  2.162E+00  2.301E+00  2.453E+00  2.598E+00  2.747E+00  2.911E+00  3.070E+00  3.244E+00  3.408E+00  3.586E+00  3.762E+00  3.937E+00  4.116E+00  4.297E+00  4.469E+00  4.655E+00  4.829E+00  5.010E+00  5.183E+00  5.367E+00  5.531E+00  5.695E+00  5.871E+00  6.018E+00  6.172E+00  6.316E+00  6.453E+00  6.598E+00  6.700E+00  6.818E+00  6.918E+00  7.010E+00  7.077E+00  7.134E+00  7.189E+00  7.218E+00  7.228E+00  7.245E+00  7.223E+00  7.201E+00  7.158E+00  7.074E+00  6.991E+00  6.894E+00  6.800E+00  6.661E+00  6.530E+00  6.374E+00  6.219E+00  6.030E+00  5.846E+00  5.646E+00  5.446E+00  5.253E+00  5.036E+00  4.819E+00  4.600E+00  4.383E+00  4.159E+00  3.952E+00  3.728E+00  3.527E+00  3.315E+00  3.114E+00  2.922E+00  2.730E+00  2.553E+00  2.379E+00  2.214E+00  2.063E+00  1.917E+00  1.784E+00  1.654E+00  1.541E+00  1.438E+00  1.332E+00  1.241E+00  1.160E+00  1.087E+00  1.014E+00  9.564E-01  9.012E-01  8.514E-01  8.063E-01  7.713E-01  7.381E-01  7.091E-01  6.843E-01  6.578E-01  6.387E-01  6.197E-01  6.105E-01  5.903E-01  5.766E-01  5.681E-01  5.570E-01  5.474E-01  5.340E-01  5.267E-01  5.122E-01  5.005E-01  4.891E-01  4.750E-01  4.646E-01  4.474E-01  4.317E-01  4.181E-01  3.993E-01  3.826E-01  3.661E-01  3.495E-01  3.289E-01  3.093E-01  2.904E-01  2.731E-01  2.539E-01  2.341E-01  2.169E-01  2.003E-01  1.842E-01  1.694E-01  1.536E-01  1.392E-01  1.278E-01  1.147E-01  1.032E-01  9.330E-02  8.175E-02  7.325E-02  6.706E-02  5.914E-02  5.219E-02  4.660E-02  3.999E-02  3.612E-02  3.148E-02  2.756E-02  2.462E-02  2.145E-02  1.948E-02  1.701E-02  1.445E-02  1.265E-02  1.123E-02  9.751E-03  8.529E-03  7.348E-03  6.607E-03  5.645E-03  4.707E-03  4.206E-03  3.557E-03  3.104E-03  1.305E-02  Z
 0.000E+00  0.000E+00  0.000E+00  0.000E+00  0.000E+00  0.000E+00  0.000E+00  0.000E+00  0.000E+00  0.000E+00  0.000E+00  0.000E+00  0.000E+00  0.000E+00  0.000E+00  0.000E+00  0.000E+00  0.000E+00  0.000E+00  1.855E-05  0.000E+00  0.000E+00  0.000E+00  1.666E-05  0.000E+00  6.478E-05  9.488E-05  4.710E-05  9.144E-05  2.853E-04  2.214E-04  3.929E-04  4.435E-04  5.507E-04  6.114E-04  8.097E-04  1.054E-03  1.293E-03  1.525E-03  1.752E-03  1.874E-03  2.686E-03  2.985E-03  3.850E-03  4.519E-03  5.223E-03  6.221E-03  7.423E-03  8.963E-03  9.782E-03  1.222E-02  1.446E-02  1.798E-02  2.040E-02  2.414E-02  2.810E-02  3.198E-02  3.898E-02  4.334E-02  5.075E-02  5.990E-02  6.846E-02  7.898E-02  9.164E-02  1.058E-01  1.209E-01  1.356E-01  1.566E-01  1.732E-01  1.993E-01  2.234E-01  2.522E-01  2.844E-01  3.156E-01  3.560E-01  3.969E-01  4.368E-01  4.900E-01  5.408E-01  5.948E-01  6.517E-01  7.144E-01  7.889E-01  8.667E-01  9.415E-01  1.025E+00  1.111E+00  1.208E+00  1.311E+00  1.412E+00  1.514E+00  1.637E+00  1.753E+00  1.889E+00  2.015E+00  2.149E+00  2.296E+00  2.441E+00  2.574E+00  2.742E+00  2.895E+00  3.062E+00  3.241E+00  3.399E+00  3.571E+00  3.753E+00  3.927E+00  4.113E+00  4.297E+00  4.477E+00  4.644E+00  4.849E+00  5.029E+00  5.204E+00  5.386E+00  5.558E+00  5.726E+00  5.894E+00  6.062E+00  6.227E+00  6.371E+00  6.512E+00  6.642E+00  6.778E+00  6.893E+00  7.004E+00  7.084E+00  7.189E+00  7.263E+00  7.309E+00  7.348E+00  7.378E+00  7.399E+00  7.391E+00  7.363E+00  7.336E+00  7.284E+00  7.221E+00  7.119E+00  7.010E+00  6.917E+00  6.770E+00  6.635E+00  6.466E+00  6.311E+00  6.139E+00  5.933E+00  5.728E+00  5.530E+00  5.308E+00  5.099E+00  4.883E+00  4.637E+00  4.419E+00  4.210E+00  3.980E+00  3.757E+00  3.557E+00  3.341E+00  3.131E+00  2.942E+00  2.756E+00  2.569E+00  2.402E+00  2.239E+00  2.078E+00  1.937E+00  1.803E+00  1.679E+00  1.563E+00  1.450E+00  1.354E+00  1.259E+00  1.179E+00  1.093E+00  1.029E+00  9.692E-01  9.128E-01  8.683E-01  8.263E-01  7.852E-01  7.504E-01  7.218E-01  6.962E-01  6.713E-01  6.560E-01  6.344E-01  6.214E-01  6.059E-01  5.923E-01  5.817E-01  5.668E-01  5.529E-01  5.435E-01  5.292E-01  5.159E-01  5.075E-01  4.934E-01  4.816E-01  4.648E-01  4.516E-01  4.356E-01  4.178E-01  4.011E-01  3.840E-01  3.660E-01  3.476E-01  3.265E-01  3.096E-01  2.902E-01  2.709E-01  2.522E-01  2.340E-01  2.156E-01  1.982E-01  1.807E-01  1.665E-01  1.515E-01  1.362E-01  1.243E-01  1.135E-01  1.005E-01  9.013E-02  8.183E-02  7.218E-02  6.450E-02  5.704E-02  5.124E-02  4.491E-02  3.972E-02  3.496E-02  3.134E-02  2.698E-02  2.424E-02  2.106E-02  1.799E-02  1.615E-02  1.413E-02  1.208E-02  1.099E-02  9.540E-03  8.160E-03  7.134E-03  6.370E-03  5.578E-03  4.739E-03  4.331E-03  3.453E-03  1.433E-02  Z
 0.000E+00  0.000E+00  0.000E+00  0.000E+00  0.000E+00  0.000E+00  0.000E+00  0.000E+00  0.000E+00  0.000E+00  0.000E+00  0.000E+00  0.000E+00  0.000E+00  0.000E+00  0.000E+00  0.000E+00  0.000E+00  0.000E+00  0.000E+00  0.000E+00  0.000E+00  1.715E-05  3.382E-05  1.645E-05  6.482E-05  9.569E-05  7.737E-05  2.437E-04  2.410E-04  2.067E-04  4.077E-04  5.025E-04  5.355E-04  4.723E-04  7.121E-04  1.014E-03  1.150E-03  1.369E-03  1.926E-03  2.093E-03  2.560E-03  3.184E-03  3.828E-03  4.142E-03  5.385E-03  5.917E-03  7.492E-03  9.381E-03  1.032E-02  1.198E-02  1.441E-02  1.735E-02  2.033E-02  2.256E-02  2.780E-02  3.276E-02  3.669E-02  4.256E-02  5.088E-02  5.863E-02  6.702E-02  7.737E-02  8.862E-02  1.002E-01  1.157E-01  1.304E-01  1.479E-01  1.696E-01  1.930E-01  2.143E-01  2.429E-01  2.748E-01  3.085E-01  3.445E-01  3.826E-01  4.243E-01  4.734E-01  5.270E-01  5.796E-01  6.387E-01  7.024E-01  7.648E-01  8.381E-01  9.186E-01  1.004E+00  1.094E+00  1.183E+00  1.287E+00  1.391E+00  1.495E+00  1.614E+00  1.735E+00  1.851E+00  1.981E+00  2.124E+00  2.262E+00  2.409E+00  2.562E+00  2.714E+00  2.873E+00  3.047E+00  3.204E+00  3.385E+00  3.562E+00  3.735E+00  3.917E+00  4.106E+00  4.296E+00  4.485E+00  4.657E+00  4.847E+00  5.036E+00  5.240E+00  5.407E+00  5.604E+00  5.772E+00  5.971E+00  6.147E+00  6.296E+00  6.481E+00  6.616E+00  6.780E+00  6.931E+00  7.061E+00  7.186E+00  7.323E+00  7.416E+00  7.510E+00  7.586E+00  7.648E+00  7.698E+00  7.744E+00  7.769E+00  7.776E+00  7.779E+00  7.729E+00  7.695E+00  7.624E+00  7.551E+00  7.459E+00  7.336E+00  7.213E+00  7.083E+00  6.936E+00  6.763E+00  6.572E+00  6.379E+00  6.178E+00  5.982E+00  5.741E+00  5.542E+00  5.305E+00  5.067E+00  4.836E+00  4.598E+00  4.368E+00  4.140E+00  3.911E+00  3.695E+00  3.481E+00  3.258E+00  3.060E+00  2.874E+00  2.681E+00  2.511E+00  2.330E+00  2.182E+00  2.023E+00  1.886E+00  1.755E+00  1.635E+00  1.521E+00  1.423E+00  1.330E+00  1.244E+00  1.163E+00  1.093E+00  1.032E+00  9.712E-01  9.191E-01  8.734E-01  8.336E-01  8.041E-01  7.690E-01  7.387E-01  7.149E-01  6.950E-01  6.737E-01  6.582E-01  6.388E-01  6.226E-01  6.100E-01  5.962E-01  5.837E-01  5.661E-01  5.545E-01  5.422E-01  5.240E-01  5.141E-01  4.952E-01  4.832E-01  4.615E-01  4.477E-01  4.281E-01  4.111E-01  3.935E-01  3.708E-01  3.527E-01  3.301E-01  3.106E-01  2.924E-01  2.713E-01  2.532E-01  2.331E-01  2.146E-01  1.974E-01  1.825E-01  1.662E-01  1.517E-01  1.351E-01  1.226E-01  1.113E-01  1.003E-01  8.903E-02  8.154E-02  7.059E-02  6.287E-02  5.538E-02  4.959E-02  4.359E-02  3.769E-02  3.436E-02  3.034E-02  2.631E-02  2.359E-02  2.069E-02  1.793E-02  1.553E-02  1.384E-02  1.165E-02  1.043E-02  8.986E-03  8.000E-03  6.727E-03  6.033E-03  4.929E-03  4.586E-03  1.857E-02  Z
 0.000E+00  0.000E+00  0.000E+00  0.000E+00  0.000E+00  0.000E+00  0.000E+00  0.000E+00  0.000E+00  0.000E+00  0.000E+00  0.000E+00  0.000E+00  0.000E+00  0.000E+00  0.000E+00  0.000E+00  0.000E+00  1.902E-05  0.000E+00  1.823E-05  3.537E-05  1.706E-05  1.687E-05  4.920E-05  4.813E-05  1.274E-04  1.556E-04  1.384E-04  1.053E-04  1.625E-04  2.180E-04  3.281E-04  5.363E-04  7.089E-04  8.231E-04  1.041E-03  1.175E-03  1.436E-03  1.739E-03  2.063E-03  2.435E-03  3.020E-03  3.715E-03  3.668E-03  4.856E-03  6.073E-03  7.073E-03  8.799E-03  1.052E-02  1.245E-02  1.399E-02  1.618E-02  1.905E-02  2.239E-02  2.668E-02  3.113E-02  3.584E-02  4.155E-02  4.802E-02  5.665E-02  6.524E-02  7.544E-02  8.642E-02  9.862E-02  1.130E-01  1.302E-01  1.459E-01  1.661E-01  1.889E-01  2.152E-01  2.406E-01  2.697E-01  3.013E-01  3.392E-01  3.758E-01  4.177E-01  4.617E-01  5.174E-01  5.658E-01  6.264E-01  6.910E-01  7.547E-01  8.290E-01  9.100E-01  9.841E-01  1.075E+00  1.169E+00  1.269E+00  1.364E+00  1.476E+00  1.595E+00  1.713E+00  1.830E+00  1.968E+00  2.102E+00  2.239E+00  2.387E+00  2.538E+00  2.692E+00  2.860E+00  3.019E+00  3.191E+00  3.373E+00  3.542E+00  3.731E+00  3.903E+00  4.105E+00  4.291E+00  4.475E+00  4.655E+00  4.859E+00  5.058E+00  5.245E+00  5.441E+00  5.632E+00  5.829E+00  6.015E+00  6.192E+00  6.363E+00  6.538E+00  6.718E+00  6.881E+00  7.032E+00  7.175E+00  7.316E+00  7.463E+00  7.582E+00  7.679E+00  7.788E+00  7.885E+00  7.949E+00  8.007E+00  8.048E+00  8.065E+00  8.078E+00  8.076E+00  8.064E+00  8.009E+00  7.951E+00  7.875E+00  7.800E+00  7.671E+00  7.569E+00  7.419E+00  7.248E+00  7.085E+00  6.909E+00  6.705E+00  6.513E+00  6.292E+00  6.073E+00  5.840E+00  5.610E+00  5.374E+00  5.123E+00  4.888E+00  4.643E+00  4.412E+00  4.180E+00  3.946E+00  3.712E+00  3.498E+00  3.288E+00  3.075E+00  2.885E+00  2.703E+00  2.519E+00  2.349E+00  2.197E+00  2.043E+00  1.903E+00  1.773E+00  1.654E+00  1.540E+00  1.439E+00  1.345E+00  1.263E+00  1.183E+00  1.108E+00  1.051E+00  9.952E-01  9.444E-01  8.995E-01  8.518E-01  8.214E-01  7.935E-01  7.552E-01  7.341E-01  7.128E-01  6.925E-01  6.734E-01  6.556E-01  6.403E-01  6.227E-01  6.112E-01  5.918E-01  5.804E-01  5.650E-01  5.513E-01  5.363E-01  5.180E-01  5.046E-01  4.865E-01  4.650E-01  4.476E-01  4.275E-01  4.091E-01  3.880E-01  3.670E-01  3.498E-01  3.255E-01  3.064E-01  2.872E-01  2.616E-01  2.450E-01  2.254E-01  2.064E-01  1.910E-01  1.726E-01  1.575E-01  1.414E-01  1.272E-01  1.174E-01  1.055E-01  9.444E-02  8.387E-02  7.455E-02  6.615E-02  5.988E-02  5.204E-02  4.706E-02  3.960E-02  3.581E-02  3.116E-02  2.721E-02  2.448E-02  2.205E-02  1.897E-02  1.616E-02  1.431E-02  1.242E-02  1.109E-02  9.828E-03  7.994E-03  7.121E-03  6.305E-03  5.476E-03  2.195E-02  Z
 0.000E+00  0.000E+00  0.000E+00  0.000E+00  0.000E+00  0.000E+00  0.000E+00  0.000E+00  0.000E+00  0.000E+00  0.000E+00  0.000E+00  0.000E+00  0.000E+00  0.000E+00  0.000E+00  0.000E+00  0.000E+00  0.000E+00  0.000E+00  1.825E-05  0.000E+00  3.465E-05  1.710E-05  1.666E-05  8.100E-05  0.000E+00  3.145E-05  1.230E-04  9.029E-05  2.364E-04  3.346E-04  4.421E-04  4.523E-04  6.555E-04  7.002E-04  1.015E-03  1.122E-03  1.447E-03  1.808E-03  2.053E-03  2.512E-03  2.721E-03  3.693E-03  4.301E-03  5.268E-03  5.761E-03  7.565E-03  8.561E-03  1.008E-02  1.213E-02  1.305E-02  1.613E-02  1.932E-02  2.252E-02  2.591E-02  3.083E-02  3.452E-02  4.055E-02  4.699E-02  5.482E-02  6.361E-02  7.265E-02  8.286E-02  9.487E-02  1.086E-01  1.255E-01  1.426E-01  1.612E-01  1.843E-01  2.071E-01  2.299E-01  2.617E-01  2.903E-01  3.235E-01  3.648E-01  4.062E-01  4.475E-01  4.974E-01  5.496E-01  6.049E-01  6.705E-01  7.316E-01  8.014E-01  8.788E-01  9.575E-01  1.039E+00  1.138E+00  1.235E+00  1.333E+00  1.450E+00  1.556E+00  1.683E+00  1.802E+00  1.922E+00  2.065E+00  2.207E+00  2.351E+00  2.497E+00  2.656E+00  2.823E+00  2.984E+00  3.161E+00  3.337E+00  3.528E+00  3.698E+00  3.889E+00  4.080E+00  4.276E+00  4.479E+00  4.678E+00  4.865E+00  5.064E+00  5.279E+00  5.497E+00  5.679E+00  5.889E+00  6.083E+00  6.273E+00  6.484E+00  6.661E+00  6.844E+00  7.031E+00  7.209E+00  7.374E+00  7.548E+00  7.694E+00  7.854E+00  7.990E+00  8.107E+00  8.228E+00  8.321E+00  8.419E+00  8.498E+00  8.539E+00  8.594E+00  8.630E+00  8.628E+00  8.641E+00  8.634E+00  8.580E+00  8.518E+00  8.445E+00  8.356E+00  8.236E+00  8.140E+00  7.985E+00  7.823E+00  7.643E+00  7.451E+00  7.263E+00  7.033E+00  6.815E+00  6.587E+00  6.358E+00  6.102E+00  5.861E+00  5.591E+00  5.344E+00  5.096E+00  4.840E+00  4.593E+00  4.347E+00  4.110E+00  3.870E+00  3.636E+00  3.416E+00  3.214E+00  3.002E+00  2.822E+00  2.622E+00  2.457E+00  2.295E+00  2.136E+00  1.983E+00  1.861E+00  1.732E+00  1.621E+00  1.514E+00  1.419E+00  1.336E+00  1.248E+00  1.177E+00  1.113E+00  1.059E+00  1.005E+00  9.553E-01  9.148E-01  8.781E-01  8.445E-01  8.119E-01  7.854E-01  7.614E-01  7.380E-01  7.117E-01  6.969E-01  6.770E-01  6.620E-01  6.445E-01  6.263E-01  6.076E-01  5.891E-01  5.696E-01  5.492E-01  5.342E-01  5.206E-01  4.953E-01  4.788E-01  4.551E-01  4.342E-01  4.121E-01  3.882E-01  3.677E-01  3.446E-01  3.260E-01  3.009E-01  2.824E-01  2.593E-01  2.394E-01  2.198E-01  2.015E-01  1.817E-01  1.684E-01  1.515E-01  1.378E-01  1.237E-01  1.120E-01  1.007E-01  8.839E-02  7.880E-02  7.099E-02  6.246E-02  5.591E-02  4.937E-02  4.341E-02  3.796E-02  3.353E-02  2.953E-02  2.612E-02  2.318E-02  2.008E-02  1.784E-02  1.490E-02  1.350E-02  1.167E-02  9.877E-03  9.016E-03  7.520E-03  3.166E-02  Z
 0.000E+00  0.000E+00  0.000E+00  0.000E+00  0.000E+00  0.000E+00  0.000E+00  0.000E+00  0.000E+00  0.000E+00  0.000E+00  0.000E+00  0.000E+00  0.000E+00  0.000E+00  0.000E+00  0.000E+00  0.000E+00  1.879E-05  0.000E+00  0.000E+00  0.000E+00  0.000E+00  5.105E-05  4.952E-05  3.225E-05  0.000E+00  6.251E-05  9.197E-05  1.655E-04  2.064E-04  3.643E-04  3.005E-04  3.942E-04  5.423E-04  7.684E-04  9.982E-04  1.028E-03  1.117E-03  1.546E-03  1.915E-03  2.499E-03  3.271E-03  3.458E-03  4.090E-03  4.493E-03  5.343E-03  6.783E-03  8.148E-03  9.194E-03  1.078E-02  1.402E-02  1.529E-02  1.777E-02  2.078E-02  2.478E-02  2.826E-02  3.343E-02  3.833E-02  4.500E-02  5.113E-02  5.871E-02  6.976E-02  7.887E-02  8.962E-02  1.019E-01  1.170E-01  1.342E-01  1.512E-01  1.721E-01  1.956E-01  2.174E-01  2.452E-01  2.756E-01  3.101E-01  3.412E-01  3.871E-01  4.266E-01  4.758E-01  5.213E-01  5.816E-01  6.423E-01  6.985E-01  7.707E-01  8.430E-01  9.268E-01  1.008E+00  1.100E+00  1.186E+00  1.291E+00  1.394E+00  1.504E+00  1.621E+00  1.744E+00  1.877E+00  2.010E+00  2.148E+00  2.296E+00  2.445E+00  2.608E+00  2.783E+00  2.945E+00  3.120E+00  3.303E+00  3.485E+00  3.664E+00  3.876E+00  4.073E+00  4.272E+00  4.473E+00  4.684E+00  4.893E+00  5.100E+00  5.313E+00  5.538E+00  5.746E+00  5.957E+00  6.169E+00  6.403E+00  6.607E+00  6.823E+00  7.029E+00  7.243E+00  7.437E+00  7.644E+00  7.828E+00  8.015E+00  8.190E+00  8.389E+00  8.542E+00  8.695E+00  8.828E+00  8.970E+00  9.097E+00  9.190E+00  9.286E+00  9.377E+00  9.445E+00  9.497E+00  9.546E+00  9.551E+00  9.562E+00  9.527E+00  9.488E+00  9.446E+00  9.364E+00  9.281E+00  9.171E+00  9.033E+00  8.891E+00  8.723E+00  8.543E+00  8.345E+00  8.134E+00  7.915E+00  7.681E+00  7.433E+00  7.179E+00  6.916E+00  6.647E+00  6.382E+00  6.106E+00  5.823E+00  5.554E+00  5.273E+00  5.008E+00  4.749E+00  4.482E+00  4.233E+00  3.979E+00  3.750E+00  3.510E+00  3.298E+00  3.094E+00  2.892E+00  2.705E+00  2.525E+00  2.362E+00  2.199E+00  2.064E+00  1.929E+00  1.799E+00  1.687E+00  1.583E+00  1.489E+00  1.398E+00  1.315E+00  1.244E+00  1.177E+00  1.121E+00  1.065E+00  1.020E+00  9.771E-01  9.397E-01  9.008E-01  8.732E-01  8.396E-01  8.131E-01  7.920E-01  7.677E-01  7.423E-01  7.201E-01  6.948E-01  6.740E-01  6.519E-01  6.377E-01  6.141E-01  5.891E-01  5.674E-01  5.454E-01  5.260E-01  5.007E-01  4.749E-01  4.524E-01  4.273E-01  4.052E-01  3.801E-01  3.555E-01  3.326E-01  3.075E-01  2.858E-01  2.634E-01  2.422E-01  2.209E-01  2.023E-01  1.854E-01  1.672E-01  1.505E-01  1.350E-01  1.225E-01  1.088E-01  9.908E-02  8.710E-02  7.709E-02  6.798E-02  6.081E-02  5.421E-02  4.751E-02  4.194E-02  3.696E-02  3.282E-02  2.843E-02  2.450E-02  2.160E-02  1.930E-02  1.669E-02  1.476E-02  1.228E-02  5.309E-02  Z
 0.000E+00  0.000E+00  0.000E+00  0.000E+00  0.000E+00  0.000E+00  0.000E+00  0.000E+00  0.000E+00  0.000E+00  0.000E+00  0.000E+00  0.000E+00  0.000E+00  0.000E+00  0.000E+00  0.000E+00  0.000E+00  0.000E+00  1.847E-05  1.790E-05  0.000E+00  1.700E-05  3.340E-05  3.292E-05  4.863E-05  1.110E-04  6.264E-05  6.107E-05  1.355E-04  2.815E-04  4.219E-04  2.718E-04  5.516E-04  9.174E-04  6.575E-04  8.786E-04  8.676E-04  1.279E-03  1.628E-03  2.224E-03  2.308E-03  2.454E-03  2.876E-03  3.834E-03  4.615E-03  5.043E-03  5.848E-03  8.199E-03  8.770E-03  9.929E-03  1.194E-02  1.463E-02  1.681E-02  1.970E-02  2.316E-02  2.784E-02  3.149E-02  3.645E-02  4.165E-02  4.920E-02  5.672E-02  6.506E-02  7.363E-02  8.475E-02  9.921E-02  1.120E-01  1.279E-01  1.439E-01  1.637E-01  1.858E-01  2.085E-01  2.315E-01  2.630E-01  2.936E-01  3.306E-01  3.665E-01  4.091E-01  4.531E-01  5.005E-01  5.507E-01  6.086E-01  6.701E-01  7.458E-01  8.052E-01  8.880E-01  9.710E-01  1.058E+00  1.143E+00  1.242E+00  1.344E+00  1.454E+00  1.576E+00  1.694E+00  1.820E+00  1.956E+00  2.103E+00  2.240E+00  2.395E+00  2.556E+00  2.723E+00  2.887E+00  3.065E+00  3.261E+00  3.439E+00  3.634E+00  3.829E+00  4.031E+00  4.239E+00  4.443E+00  4.679E+00  4.879E+00  5.115E+00  5.341E+00  5.554E+00  5.794E+00  6.027E+00  6.267E+00  6.495E+00  6.733E+00  6.955E+00  7.191E+00  7.424E+00  7.650E+00  7.874E+00  8.111E+00  8.307E+00  8.514E+00  8.730E+00  8.926E+00  9.115E+00  9.298E+00  9.476E+00  9.645E+00  9.809E+00  9.935E+00  1.008E+01  1.019E+01  1.030E+01  1.039E+01  1.045E+01  1.053E+01  1.057E+01  1.058E+01  1.060E+01  1.060E+01  1.056E+01  1.050E+01  1.042E+01  1.034E+01  1.023E+01  1.011E+01  9.951E+00  9.781E+00  9.616E+00  9.394E+00  9.189E+00  8.956E+00  8.701E+00  8.443E+00  8.175E+00  7.896E+00  7.615E+00  7.328E+00  7.025E+00  6.735E+00  6.422E+00  6.123E+00  5.828E+00  5.531E+00  5.238E+00  4.965E+00  4.682E+00  4.422E+00  4.154E+00  3.907E+00  3.679E+00  3.448E+00  3.226E+00  3.020E+00  2.834E+00  2.649E+00  2.466E+00  2.313E+00  2.167E+00  2.025E+00  1.896E+00  1.781E+00  1.672E+00  1.569E+00  1.485E+00  1.402E+00  1.328E+00  1.259E+00  1.205E+00  1.147E+00  1.096E+00  1.051E+00  1.009E+00  9.675E-01  9.366E-01  9.006E-01  8.723E-01  8.404E-01  8.163E-01  7.923E-01  7.614E-01  7.379E-01  7.104E-01  6.849E-01  6.595E-01  6.315E-01  6.081E-01  5.796E-01  5.526E-01  5.284E-01  5.018E-01  4.766E-01  4.492E-01  4.220E-01  3.973E-01  3.700E-01  3.425E-01  3.170E-01  2.948E-01  2.696E-01  2.491E-01  2.260E-01  2.047E-01  1.881E-01  1.692E-01  1.515E-01  1.375E-01  1.232E-01  1.099E-01  9.784E-02  8.744E-02  7.759E-02  6.840E-02  6.047E-02  5.321E-02  4.642E-02  4.186E-02  3.622E-02  3.158E-02  2.721E-02  2.466E-02  2.182E-02  9.007E-02  Z
 0.000E+00  0.000E+00  0.000E+00  0.000E+00  0.000E+00  0.000E+00  0.000E+00  0.000E+00  0.000E+00  0.000E+00  0.000E+00  0.000E+00  0.000E+00  0.000E+00  0.000E+00  0.000E+00  0.000E+00  0.000E+00  0.000E+00  0.000E+00  1.803E-05  0.000E+00  3.423E-05  3.353E-05  4.928E-05  1.597E-05  6.286E-05  1.090E-04  1.227E-04  1.506E-04  3.117E-04  2.472E-04  3.005E-04  4.663E-04  6.527E-04  6.013E-04  7.308E-04  8.812E-04  1.065E-03  1.584E-03  2.041E-03  2.337E-03  2.692E-03  3.274E-03  3.712E-03  4.436E-03  5.473E-03  6.426E-03  7.299E-03  9.043E-03  9.879E-03  1.238E-02  1.366E-02  1.656E-02  1.908E-02  2.267E-02  2.559E-02  3.037E-02  3.465E-02  3.946E-02  4.764E-02  5.343E-02  6.105E-02  7.094E-02  8.151E-02  9.092E-02  1.063E-01  1.202E-01  1.364E-01  1.530E-01  1.728E-01  1.963E-01  2.183E-01  2.480E-01  2.778E-01  3.117E-01  3.473E-01  3.897E-01  4.324E-01  4.799E-01  5.264E-01  5.862E-01  6.394E-01  7.069E-01  7.755E-01  8.479E-01  9.268E-01  1.018E+00  1.103E+00  1.193E+00  1.302E+00  1.412E+00  1.521E+00  1.638E+00  1.766E+00  1.897E+00  2.045E+00  2.188E+00  2.348E+00  2.493E+00  2.659E+00  2.832E+00  3.001E+00  3.201E+00  3.390E+00  3.582E+00  3.789E+00  3.983E+00  4.208E+00  4.429E+00  4.658E+00  4.890E+00  5.107E+00  5.355E+00  5.593E+00  5.848E+00  6.087E+00  6.332E+00  6.576E+00  6.841E+00  7.098E+00  7.346E+00  7.596E+00  7.853E+00  8.100E+00  8.354E+00  8.603E+00  8.840E+00  9.086E+00  9.311E+00  9.564E+00  9.766E+00  9.989E+00  1.020E+01  1.040E+01  1.058E+01  1.077E+01  1.093E+01  1.110E+01  1.124E+01  1.137E+01  1.150E+01  1.162E+01  1.168E+01  1.177E+01  1.182E+01  1.187E+01  1.188E+01  1.188E+01  1.186E+01  1.182E+01  1.177E+01  1.168E+01  1.161E+01  1.149E+01  1.134E+01  1.117E+01  1.100E+01  1.080E+01  1.056E+01  1.035E+01  1.009E+01  9.836E+00  9.526E+00  9.243E+00  8.938E+00  8.634E+00  8.315E+00  7.988E+00  7.676E+00  7.335E+00  7.007E+00  6.678E+00  6.356E+00  6.027E+00  5.718E+00  5.405E+00  5.111E+00  4.812E+00  4.530E+00  4.261E+00  3.997E+00  3.754E+00  3.526E+00  3.298E+00  3.087E+00  2.887E+00  2.706E+00  2.534E+00  2.380E+00  2.228E+00  2.084E+00  1.965E+00  1.845E+00  1.737E+00  1.640E+00  1.546E+00  1.467E+00  1.391E+00  1.328E+00  1.271E+00  1.209E+00  1.160E+00  1.113E+00  1.067E+00  1.024E+00  9.874E-01  9.572E-01  9.157E-01  8.840E-01  8.561E-01  8.208E-01  7.955E-01  7.587E-01  7.305E-01  6.977E-01  6.702E-01  6.416E-01  6.064E-01  5.770E-01  5.450E-01  5.168E-01  4.894E-01  4.590E-01  4.294E-01  3.964E-01  3.682E-01  3.435E-01  3.174E-01  2.893E-01  2.653E-01  2.434E-01  2.191E-01  1.974E-01  1.781E-01  1.629E-01  1.460E-01  1.305E-01  1.179E-01  1.029E-01  9.253E-02  8.246E-02  7.317E-02  6.363E-02  5.732E-02  4.939E-02  4.413E-02  3.787E-02  1.620E-01  Z
 0.000E+00  0.000E+00  0.000E+00  0.000E+00  0.000E+00  0.000E+00  0.000E+00  0.000E+00  0.000E+00  0.000E+00  0.000E+00  0.000E+00  0.000E+00  0.000E+00  0.000E+00  0.000E+00  0.000E+00  0.000E+00  0.000E+00  0.000E+00  0.000E+00  0.000E+00  1.714E-05  3.357E-05  4.933E-05  1.617E-05  3.136E-05  6.268E-05  1.075E-04  1.965E-04  1.632E-04  3.632E-04  2.441E-04  4.672E-04  4.871E-04  6.854E-04  8.806E-04  8.279E-04  1.132E-03  1.393E-03  1.860E-03  2.030E-03  2.396E-03  3.195E-03  3.391E-03  4.189E-03  5.192E-03  5.765E-03  6.414E-03  8.645E-03  9.535E-03  1.104E-02  1.398E-02  1.564E-02  1.785E-02  2.158E-02  2.475E-02  2.912E-02  3.241E-02  3.798E-02  4.488E-02  5.039E-02  5.807E-02  6.800E-02  7.769E-02  8.819E-02  1.035E-01  1.132E-01  1.313E-01  1.472E-01  1.673E-01  1.896E-01  2.113E-01  2.438E-01  2.679E-01  2.975E-01  3.347E-01  3.741E-01  4.157E-01  4.637E-01  5.106E-01  5.641E-01  6.201E-01  6.837E-01  7.455E-01  8.190E-01  9.038E-01  9.834E-01  1.074E+00  1.164E+00  1.267E+00  1.376E+00  1.487E+00  1.603E+00  1.725E+00  1.864E+00  2.009E+00  2.142E+00  2.301E+00  2.455E+00  2.617E+00  2.804E+00  2.977E+00  3.165E+00  3.355E+00  3.548E+00  3.746E+00  3.966E+00  4.188E+00  4.409E+00  4.647E+00  4.871E+00  5.120E+00  5.360E+00  5.591E+00  5.860E+00  6.120E+00  6.377E+00  6.640E+00  6.913E+00  7.181E+00  7.442E+00  7.716E+00  7.982E+00  8.253E+00  8.514E+00  8.798E+00  9.059E+00  9.308E+00  9.575E+00  9.842E+00  1.007E+01  1.032E+01  1.057E+01  1.079E+01  1.101E+01  1.123E+01  1.143E+01  1.161E+01  1.183E+01  1.198E+01  1.216E+01  1.229E+01  1.244E+01  1.254E+01  1.264E+01  1.274E+01  1.280E+01  1.285E+01  1.289E+01  1.291E+01  1.290E+01  1.286E+01  1.283E+01  1.276E+01  1.266E+01  1.254E+01  1.241E+01  1.226E+01  1.209E+01  1.188E+01  1.166E+01  1.143E+01  1.119E+01  1.093E+01  1.063E+01  1.034E+01  1.002E+01  9.688E+00  9.371E+00  9.024E+00  8.677E+00  8.315E+00  7.982E+00  7.621E+00  7.263E+00  6.911E+00  6.573E+00  6.240E+00  5.901E+00  5.586E+00  5.264E+00  4.962E+00  4.676E+00  4.386E+00  4.120E+00  3.869E+00  3.622E+00  3.395E+00  3.176E+00  2.980E+00  2.789E+00  2.615E+00  2.451E+00  2.297E+00  2.157E+00  2.033E+00  1.914E+00  1.807E+00  1.707E+00  1.612E+00  1.537E+00  1.453E+00  1.380E+00  1.320E+00  1.268E+00  1.211E+00  1.161E+00  1.111E+00  1.070E+00  1.028E+00  9.874E-01  9.551E-01  9.176E-01  8.791E-01  8.445E-01  8.109E-01  7.793E-01  7.411E-01  7.066E-01  6.753E-01  6.417E-01  6.103E-01  5.759E-01  5.411E-01  5.126E-01  4.776E-01  4.462E-01  4.135E-01  3.828E-01  3.560E-01  3.276E-01  3.012E-01  2.718E-01  2.498E-01  2.290E-01  2.085E-01  1.878E-01  1.692E-01  1.496E-01  1.342E-01  1.194E-01  1.061E-01  9.349E-02  8.281E-02  7.432E-02  6.520E-02  5.809E-02  2.463E-01  Z
 0.000E+00  0.000E+00  0.000E+00  0.000E+00  0.000E+00  0.000E+00  0.000E+00  0.000E+00  0.000E+00  0.000E+00  0.000E+00  0.000E+00  0.000E+00  0.000E+00  0.000E+00  0.000E+00  0.000E+00  0.000E+00  0.000E+00  0.000E+00  0.000E+00  0.000E+00  3.410E-05  1.703E-05  3.319E-05  3.210E-05  4.763E-05  7.816E-05  6.142E-05  1.810E-04  1.479E-04  1.887E-04  2.870E-04  2.829E-04  6.683E-04  5.764E-04  9.485E-04  9.615E-04  9.868E-04  1.458E-03  1.720E-03  2.042E-03  2.504E-03  2.987E-03  3.196E-03  4.459E-03  5.069E-03  5.834E-03  7.097E-03  7.652E-03  8.497E-03  1.109E-02  1.252E-02  1.552E-02  1.812E-02  1.983E-02  2.350E-02  2.893E-02  3.022E-02  3.703E-02  4.165E-02  4.790E-02  5.608E-02  6.365E-02  7.361E-02  8.389E-02  9.711E-02  1.089E-01  1.243E-01  1.389E-01  1.589E-01  1.802E-01  2.040E-01  2.288E-01  2.577E-01  2.850E-01  3.193E-01  3.571E-01  3.963E-01  4.414E-01  4.926E-01  5.417E-01  5.962E-01  6.559E-01  7.214E-01  7.895E-01  8.633E-01  9.456E-01  1.035E+00  1.128E+00  1.224E+00  1.332E+00  1.436E+00  1.556E+00  1.685E+00  1.802E+00  1.947E+00  2.084E+00  2.238E+00  2.396E+00  2.570E+00  2.741E+00  2.928E+00  3.104E+00  3.299E+00  3.504E+00  3.715E+00  3.929E+00  4.140E+00  4.383E+00  4.605E+00  4.865E+00  5.107E+00  5.346E+00  5.616E+00  5.886E+00  6.138E+00  6.417E+00  6.692E+00  6.982E+00  7.276E+00  7.549E+00  7.852E+00  8.124E+00  8.418E+00  8.730E+00  9.010E+00  9.314E+00  9.619E+00  9.898E+00  1.018E+01  1.048E+01  1.077E+01  1.103E+01  1.131E+01  1.157E+01  1.184E+01  1.207E+01  1.233E+01  1.256E+01  1.279E+01  1.299E+01  1.320E+01  1.337E+01  1.356E+01  1.371E+01  1.390E+01  1.402E+01  1.412E+01  1.421E+01  1.431E+01  1.436E+01  1.441E+01  1.444E+01  1.443E+01  1.442E+01  1.439E+01  1.432E+01  1.425E+01  1.414E+01  1.401E+01  1.386E+01  1.370E+01  1.351E+01  1.330E+01  1.304E+01  1.278E+01  1.252E+01  1.221E+01  1.191E+01  1.160E+01  1.125E+01  1.088E+01  1.054E+01  1.017E+01  9.805E+00  9.403E+00  9.011E+00  8.618E+00  8.225E+00  7.858E+00  7.480E+00  7.098E+00  6.728E+00  6.366E+00  6.016E+00  5.676E+00  5.339E+00  5.040E+00  4.722E+00  4.440E+00  4.157E+00  3.898E+00  3.662E+00  3.431E+00  3.215E+00  3.015E+00  2.826E+00  2.657E+00  2.488E+00  2.342E+00  2.199E+00  2.077E+00  1.954E+00  1.853E+00  1.752E+00  1.665E+00  1.583E+00  1.506E+00  1.435E+00  1.374E+00  1.312E+00  1.256E+00  1.208E+00  1.155E+00  1.110E+00  1.065E+00  1.016E+00  9.736E-01  9.306E-01  8.927E-01  8.564E-01  8.123E-01  7.748E-01  7.367E-01  7.025E-01  6.614E-01  6.234E-01  5.874E-01  5.505E-01  5.167E-01  4.796E-01  4.443E-01  4.132E-01  3.799E-01  3.502E-01  3.224E-01  2.914E-01  2.698E-01  2.436E-01  2.196E-01  1.955E-01  1.772E-01  1.589E-01  1.422E-01  1.255E-01  1.119E-01  9.973E-02  4.355E-01  Z
 0.000E+00  0.000E+00  0.000E+00  0.000E+00  0.000E+00  0.000E+00  0.000E+00  0.000E+00  0.000E+00  0.000E+00  0.000E+00  0.000E+00  0.000E+00  0.000E+00  0.000E+00  0.000E+00  0.000E+00  0.000E+00  0.000E+00  0.000E+00  1.810E-05  1.762E-05  5.184E-05  1.683E-05  4.961E-05  3.196E-05  1.571E-05  6.164E-05  1.378E-04  1.957E-04  2.813E-04  2.616E-04  2.870E-04  4.375E-04  4.866E-04  8.085E-04  7.722E-04  9.312E-04  1.106E-03  1.509E-03  1.731E-03  2.182E-03  2.380E-03  2.829E-03  3.477E-03  4.241E-03  4.971E-03  5.342E-03  6.208E-03  7.893E-03  9.048E-03  1.012E-02  1.155E-02  1.523E-02  1.677E-02  2.027E-02  2.413E-02  2.667E-02  3.092E-02  3.607E-02  4.109E-02  4.851E-02  5.475E-02  6.134E-02  7.039E-02  7.970E-02  9.306E-02  1.046E-01  1.180E-01  1.374E-01  1.532E-01  1.721E-01  1.978E-01  2.214E-01  2.459E-01  2.744E-01  3.100E-01  3.443E-01  3.876E-01  4.272E-01  4.759E-01  5.271E-01  5.814E-01  6.385E-01  6.995E-01  7.687E-01  8.435E-01  9.207E-01  1.009E+00  1.099E+00  1.198E+00  1.297E+00  1.407E+00  1.520E+00  1.647E+00  1.771E+00  1.915E+00  2.061E+00  2.207E+00  2.365E+00  2.532E+00  2.700E+00  2.883E+00  3.065E+00  3.274E+00  3.472E+00  3.668E+00  3.894E+00  4.122E+00  4.349E+00  4.593E+00  4.830E+00  5.091E+00  5.345E+00  5.619E+00  5.896E+00  6.162E+00  6.432E+00  6.723E+00  7.032E+00  7.312E+00  7.626E+00  7.918E+00  8.232E+00  8.539E+00  8.837E+00  9.156E+00  9.472E+00  9.784E+00  1.009E+01  1.040E+01  1.072E+01  1.102E+01  1.133E+01  1.163E+01  1.192E+01  1.222E+01  1.250E+01  1.277E+01  1.304E+01  1.331E+01  1.355E+01  1.379E+01  1.403E+01  1.425E+01  1.445E+01  1.461E+01  1.481E+01  1.497E+01  1.511E+01  1.524E+01  1.535E+01  1.545E+01  1.551E+01  1.559E+01  1.559E+01  1.564E+01  1.562E+01  1.559E+01  1.555E+01  1.547E+01  1.538E+01  1.524E+01  1.511E+01  1.495E+01  1.477E+01  1.452E+01  1.433E+01  1.404E+01  1.378E+01  1.348E+01  1.318E+01  1.286E+01  1.250E+01  1.213E+01  1.175E+01  1.137E+01  1.096E+01  1.056E+01  1.013E+01  9.729E+00  9.312E+00  8.889E+00  8.487E+00  8.069E+00  7.679E+00  7.270E+00  6.886E+00  6.506E+00  6.138E+00  5.807E+00  5.466E+00  5.134E+00  4.817E+00  4.528E+00  4.246E+00  3.989E+00  3.738E+00  3.495E+00  3.279E+00  3.075E+00  2.883E+00  2.707E+00  2.542E+00  2.395E+00  2.254E+00  2.129E+00  2.017E+00  1.905E+00  1.805E+00  1.714E+00  1.631E+00  1.555E+00  1.483E+00  1.420E+00  1.353E+00  1.292E+00  1.239E+00  1.184E+00  1.134E+00  1.083E+00  1.036E+00  9.921E-01  9.507E-01  9.058E-01  8.582E-01  8.151E-01  7.741E-01  7.390E-01  6.934E-01  6.522E-01  6.144E-01  5.732E-01  5.383E-01  4.958E-01  4.623E-01  4.265E-01  3.931E-01  3.601E-01  3.313E-01  3.017E-01  2.749E-01  2.485E-01  2.245E-01  2.011E-01  1.808E-01  1.605E-01  1.447E-01  6.483E-01  Z
 0.000E+00  0.000E+00  0.000E+00  0.000E+00  0.000E+00  0.000E+00  0.000E+00  0.000E+00  0.000E+00  0.000E+00  0.000E+00  0.000E+00  0.000E+00  0.000E+00  0.000E+00  2.071E-05  0.000E+00  0.000E+00  0.000E+00  0.000E+00  0.000E+00  0.000E+00  0.000E+00  3.366E-05  1.643E-05  3.256E-05  7.962E-05  1.581E-05  1.067E-04  1.050E-04  2.354E-04  1.753E-04  3.011E-04  3.949E-04  4.183E-04  6.578E-04  5.154E-04  8.130E-04  1.028E-03  1.522E-03  1.682E-03  1.750E-03  2.282E-03  2.817E-03  3.150E-03  3.522E-03  4.697E-03  5.148E-03  5.934E-03  7.117E-03  8.805E-03  1.027E-02  1.169E-02  1.430E-02  1.722E-02  1.880E-02  2.180E-02  2.492E-02  2.933E-02  3.411E-02  3.917E-02  4.449E-02  5.178E-02  5.952E-02  6.800E-02  7.752E-02  8.919E-02  1.004E-01  1.157E-01  1.293E-01  1.469E-01  1.671E-01  1.898E-01  2.112E-01  2.376E-01  2.640E-01  2.957E-01  3.308E-01  3.691E-01  4.097E-01  4.506E-01  5.017E-01  5.535E-01  6.162E-01  6.783E-01  7.455E-01  8.132E-01  8.883E-01  9.778E-01  1.067E+00  1.158E+00  1.263E+00  1.367E+00  1.484E+00  1.596E+00  1.730E+00  1.862E+00  2.007E+00  2.156E+00  2.312E+00  2.477E+00  2.640E+00  2.832E+00  3.023E+00  3.201E+00  3.422E+00  3.629E+00  3.856E+00  4.075E+00  4.305E+00  4.565E+00  4.808E+00  5.068E+00  5.343E+00  5.611E+00  5.882E+00  6.170E+00  6.466E+00  6.771E+00  7.072E+00  7.390E+00  7.698E+00  8.025E+00  8.334E+00  8.669E+00  9.011E+00  9.345E+00  9.687E+00  1.001E+01  1.036E+01  1.071E+01  1.103E+01  1.138E+01  1.173E+01  1.208E+01  1.241E+01  1.272E+01  1.307E+01  1.335E+01  1.369E+01  1.398E+01  1.429E+01  1.457E+01  1.487E+01  1.512E+01  1.540E+01  1.563E+01  1.588E+01  1.612E+01  1.630E+01  1.652E+01  1.668E+01  1.686E+01  1.700E+01  1.713E+01  1.724E+01  1.734E+01  1.739E+01  1.743E+01  1.746E+01  1.747E+01  1.744E+01  1.741E+01  1.732E+01  1.726E+01  1.712E+01  1.700E+01  1.682E+01  1.663E+01  1.642E+01  1.621E+01  1.593E+01  1.566E+01  1.537E+01  1.501E+01  1.466E+01  1.429E+01  1.392E+01  1.354E+01  1.312E+01  1.270E+01  1.227E+01  1.181E+01  1.136E+01  1.091E+01  1.046E+01  9.999E+00  9.532E+00  9.091E+00  8.634E+00  8.194E+00  7.778E+00  7.356E+00  6.942E+00  6.558E+00  6.177E+00  5.808E+00  5.473E+00  5.138E+00  4.825E+00  4.521E+00  4.242E+00  3.985E+00  3.734E+00  3.501E+00  3.286E+00  3.077E+00  2.896E+00  2.721E+00  2.561E+00  2.411E+00  2.279E+00  2.160E+00  2.034E+00  1.928E+00  1.833E+00  1.743E+00  1.660E+00  1.581E+00  1.508E+00  1.441E+00  1.371E+00  1.312E+00  1.254E+00  1.199E+00  1.142E+00  1.089E+00  1.041E+00  9.900E-01  9.357E-01  8.916E-01  8.384E-01  7.942E-01  7.507E-01  7.055E-01  6.589E-01  6.142E-01  5.720E-01  5.319E-01  4.934E-01  4.526E-01  4.206E-01  3.846E-01  3.498E-01  3.187E-01  2.890E-01  2.628E-01  2.360E-01  1.103E+00  Z
 0.000E+00  0.000E+00  0.000E+00  0.000E+00  0.000E+00  0.000E+00  0.000E+00  0.000E+00  0.000E+00  0.000E+00  0.000E+00  0.000E+00  0.000E+00  0.000E+00  0.000E+00  0.000E+00  0.000E+00  0.000E+00  0.000E+00  0.000E+00  1.811E-05  0.000E+00  1.727E-05  3.354E-05  3.303E-05  4.874E-05  3.146E-05  4.661E-05  4.584E-05  1.054E-04  1.325E-04  2.905E-04  2.433E-04  2.399E-04  5.427E-04  3.421E-04  6.907E-04  1.041E-03  1.053E-03  1.303E-03  1.450E-03  1.967E-03  2.244E-03  2.489E-03  3.099E-03  3.477E-03  4.205E-03  5.057E-03  6.068E-03  6.868E-03  8.031E-03  9.757E-03  1.094E-02  1.380E-02  1.480E-02  1.772E-02  2.151E-02  2.503E-02  2.778E-02  3.343E-02  3.697E-02  4.391E-02  4.848E-02  5.527E-02  6.400E-02  7.264E-02  8.401E-02  9.481E-02  1.075E-01  1.230E-01  1.405E-01  1.562E-01  1.776E-01  2.027E-01  2.258E-01  2.530E-01  2.849E-01  3.127E-01  3.487E-01  3.882E-01  4.329E-01  4.803E-01  5.301E-01  5.853E-01  6.437E-01  7.075E-01  7.774E-01  8.531E-01  9.336E-01  1.018E+00  1.114E+00  1.206E+00  1.319E+00  1.422E+00  1.548E+00  1.677E+00  1.803E+00  1.950E+00  2.088E+00  2.250E+00  2.412E+00  2.576E+00  2.764E+00  2.951E+00  3.146E+00  3.355E+00  3.570E+00  3.785E+00  4.017E+00  4.258E+00  4.509E+00  4.762E+00  5.040E+00  5.309E+00  5.589E+00  5.882E+00  6.185E+00  6.492E+00  6.793E+00  7.131E+00  7.447E+00  7.784E+00  8.110E+00  8.462E+00  8.817E+00  9.181E+00  9.542E+00  9.912E+00  1.027E+01  1.066E+01  1.103E+01  1.141E+01  1.179E+01  1.217E+01  1.255E+01  1.294E+01  1.332E+01  1.369E+01  1.405E+01  1.443E+01  1.479E+01  1.516E+01  1.552E+01  1.587E+01  1.624E+01  1.655E+01  1.686E+01  1.717E+01  1.747E+01  1.776E+01  1.804E+01  1.828E+01  1.855E+01  1.879E+01  1.898E+01  1.919E+01  1.935E+01  1.952E+01  1.967E+01  1.979E+01  1.989E+01  1.997E+01  2.002E+01  2.004E+01  2.004E+01  2.007E+01  2.001E+01  1.995E+01  1.985E+01  1.973E+01  1.961E+01  1.941E+01  1.923E+01  1.901E+01  1.876E+01  1.851E+01  1.821E+01  1.788E+01  1.752E+01  1.715E+01  1.678E+01  1.637E+01  1.595E+01  1.548E+01  1.503E+01  1.456E+01  1.406E+01  1.356E+01  1.305E+01  1.254E+01  1.202E+01  1.152E+01  1.100E+01  1.049E+01  9.991E+00  9.495E+00  9.002E+00  8.532E+00  8.063E+00  7.615E+00  7.179E+00  6.750E+00  6.373E+00  5.996E+00  5.620E+00  5.282E+00  4.947E+00  4.650E+00  4.359E+00  4.097E+00  3.839E+00  3.606E+00  3.381E+00  3.182E+00  2.991E+00  2.817E+00  2.651E+00  2.504E+00  2.366E+00  2.237E+00  2.115E+00  2.008E+00  1.901E+00  1.811E+00  1.719E+00  1.644E+00  1.561E+00  1.483E+00  1.416E+00  1.347E+00  1.282E+00  1.219E+00  1.157E+00  1.098E+00  1.043E+00  9.842E-01  9.300E-01  8.759E-01  8.195E-01  7.716E-01  7.200E-01  6.726E-01  6.234E-01  5.787E-01  5.343E-01  4.934E-01  4.522E-01  4.128E-01  2.062E+00  Z
