e+
Z
Z
Z
Z
Z
Z
Z
Z
Z
 0.000E+00  0.000E+00  0.000E+00  0.000E+00  0.000E+00  0.000E+00  0.000E+00  0.000E+00  0.000E+00  0.000E+00  0.000E+00  0.000E+00  0.000E+00  0.000E+00  0.000E+00  0.000E+00  0.000E+00  0.000E+00  3.804E-05  0.000E+00  1.820E-05  0.000E+00  1.733E-05  3.348E-05  6.530E-05  3.235E-05  4.784E-05  7.763E-05  2.139E-04  1.049E-04  3.840E-04  5.978E-04  5.878E-04  9.169E-04  1.195E-03  1.466E-03  2.041E-03  2.078E-03  2.871E-03  3.986E-03  4.936E-03  6.643E-03  8.584E-03  1.129E-02  1.371E-02  1.662E-02  2.150E-02  2.582E-02  3.134E-02  4.080E-02  4.917E-02  5.967E-02  7.081E-02  8.286E-02  1.005E-01  1.155E-01  1.347E-01  1.588E-01  1.813E-01  2.088E-01  2.381E-01  2.699E-01  3.071E-01  3.438E-01  3.852E-01  4.280E-01  4.756E-01  5.302E-01  5.828E-01  6.353E-01  6.992E-01  7.541E-01  8.169E-01  8.799E-01  9.347E-01  1.008E+00  1.064E+00  1.124E+00  1.185E+00  1.246E+00  1.306E+00  1.355E+00  1.415E+00  1.468E+00  1.506E+00  1.543E+00  1.578E+00  1.611E+00  1.635E+00  1.665E+00  1.680E+00  1.691E+00  1.688E+00  1.691E+00  1.695E+00  1.679E+00  1.665E+00  1.653E+00  1.621E+00  1.594E+00  1.561E+00  1.518E+00  1.487E+00  1.441E+00  1.397E+00  1.351E+00  1.301E+00  1.251E+00  1.198E+00  1.147E+00  1.094E+00  1.041E+00  9.859E-01  9.269E-01  8.806E-01  8.291E-01  7.749E-01  7.207E-01  6.759E-01  6.298E-01  5.845E-01  5.369E-01  4.962E-01  4.552E-01  4.178E-01  3.862E-01  3.469E-01  3.191E-01  2.877E-01  2.585E-01  2.364E-01  2.112E-01  1.869E-01  1.666E-01  1.476E-01  1.306E-01  1.161E-01  1.024E-01  8.956E-02  7.873E-02  6.847E-02  5.942E-02  5.166E-02  4.420E-02  3.939E-02  3.426E-02  3.044E-02  2.725E-02  2.556E-02  2.518E-02  2.559E-02  2.509E-02  2.853E-02  3.225E-02  3.605E-02  4.120E-02  4.667E-02  5.400E-02  6.127E-02  6.834E-02  7.710E-02  8.357E-02  9.189E-02  9.814E-02  1.027E-01  1.091E-01  1.133E-01  1.147E-01  1.176E-01  1.165E-01  1.172E-01  1.168E-01  1.131E-01  1.093E-01  1.069E-01  1.006E-01  9.733E-02  9.183E-02  8.629E-02  8.150E-02  7.478E-02  6.852E-02  6.383E-02  5.805E-02  5.333E-02  4.919E-02  4.600E-02  4.118E-02  3.663E-02  3.351E-02  2.970E-02  2.750E-02  2.450E-02  2.128E-02  1.939E-02  1.748E-02  1.548E-02  1.389E-02  1.250E-02  1.117E-02  9.869E-03  8.464E-03  7.596E-03  6.811E-03  5.912E-03  5.012E-03  4.605E-03  4.143E-03  3.394E-03  3.372E-03  2.780E-03  2.386E-03  2.083E-03  2.006E-03  1.736E-03  1.463E-03  1.207E-03  1.031E-03  9.372E-04  9.432E-04  7.326E-04  6.654E-04  5.547E-04  4.982E-04  3.434E-04  3.808E-04  3.415E-04  2.723E-04  2.162E-04  2.208E-04  1.908E-04  1.819E-04  7.994E-05  9.639E-05  9.745E-05  9.006E-05  1.058E-04  6.402E-05  7.388E-05  6.353E-05  4.178E-05  2.702E-05  2.094E-05  4.769E-05  2.082E-05  1.588E-05  1.555E-05  5.348E-06  6.414E-05  Z
 0.000E+00  0.000E+00  0.000E+00  0.000E+00  0.000E+00  0.000E+00  0.000E+00  0.000E+00  0.000E+00  0.000E+00  2.524E-05  2.428E-05  2.293E-05  1.334E-04  2.361E-04  2.280E-04  3.022E-04  5.852E-04  7.034E-04  1.626E-03  2.869E-03  3.977E-03  6.394E-03  9.454E-03  1.115E-02  1.506E-02  1.901E-02  2.224E-02  2.675E-02  3.124E-02  3.508E-02  3.931E-02  4.487E-02  4.880E-02  5.070E-02  5.543E-02  6.087E-02  6.541E-02  6.997E-02  7.275E-02  7.821E-02  8.121E-02  8.782E-02  9.274E-02  9.789E-02  1.035E-01  1.099E-01  1.160E-01  1.249E-01  1.309E-01  1.375E-01  1.479E-01  1.590E-01  1.724E-01  1.827E-01  1.967E-01  2.130E-01  2.273E-01  2.460E-01  2.644E-01  2.848E-01  3.085E-01  3.351E-01  3.655E-01  3.944E-01  4.250E-01  4.594E-01  4.966E-01  5.404E-01  5.801E-01  6.253E-01  6.790E-01  7.298E-01  7.826E-01  8.390E-01  9.010E-01  9.632E-01  1.025E+00  1.094E+00  1.157E+00  1.232E+00  1.306E+00  1.380E+00  1.450E+00  1.516E+00  1.596E+00  1.667E+00  1.734E+00  1.793E+00  1.862E+00  1.929E+00  1.975E+00  2.034E+00  2.086E+00  2.134E+00  2.185E+00  2.205E+00  2.241E+00  2.272E+00  2.299E+00  2.316E+00  2.311E+00  2.322E+00  2.314E+00  2.301E+00  2.287E+00  2.271E+00  2.242E+00  2.208E+00  2.173E+00  2.123E+00  2.070E+00  2.026E+00  1.957E+00  1.897E+00  1.832E+00  1.763E+00  1.697E+00  1.618E+00  1.540E+00  1.468E+00  1.393E+00  1.322E+00  1.245E+00  1.173E+00  1.101E+00  1.032E+00  9.612E-01  8.964E-01  8.269E-01  7.676E-01  7.107E-01  6.520E-01  5.986E-01  5.467E-01  4.987E-01  4.502E-01  4.122E-01  3.693E-01  3.306E-01  2.987E-01  2.649E-01  2.368E-01  2.141E-01  1.875E-01  1.679E-01  1.479E-01  1.317E-01  1.129E-01  1.000E-01  8.958E-02  7.815E-02  7.129E-02  6.323E-02  5.727E-02  5.291E-02  4.956E-02  4.724E-02  4.677E-02  4.357E-02  4.514E-02  4.463E-02  4.761E-02  4.815E-02  5.001E-02  5.094E-02  5.278E-02  5.451E-02  5.479E-02  5.582E-02  5.619E-02  5.624E-02  5.748E-02  5.562E-02  5.493E-02  5.403E-02  5.259E-02  5.078E-02  4.849E-02  4.591E-02  4.418E-02  4.186E-02  4.023E-02  3.737E-02  3.556E-02  3.324E-02  2.938E-02  2.813E-02  2.611E-02  2.454E-02  2.181E-02  1.979E-02  1.826E-02  1.625E-02  1.510E-02  1.353E-02  1.220E-02  1.068E-02  9.860E-03  8.945E-03  7.807E-03  7.183E-03  5.917E-03  5.315E-03  5.170E-03  4.199E-03  3.593E-03  3.196E-03  2.808E-03  2.464E-03  2.248E-03  1.998E-03  1.881E-03  1.521E-03  1.476E-03  1.236E-03  1.134E-03  8.632E-04  8.221E-04  7.063E-04  7.596E-04  5.614E-04  5.122E-04  4.724E-04  3.985E-04  3.477E-04  2.841E-04  2.223E-04  2.264E-04  1.952E-04  2.046E-04  1.122E-04  1.336E-04  1.443E-04  1.017E-04  9.066E-05  5.329E-05  5.263E-05  6.417E-05  5.791E-05  4.856E-05  3.648E-05  1.015E-05  3.724E-05  2.067E-05  3.174E-05  1.026E-05  0.000E+00  Z
 0.000E+00  0.000E+00  0.000E+00  0.000E+00  0.000E+00  0.000E+00  0.000E+00  0.000E+00  0.000E+00  0.000E+00  2.528E-05  0.000E+00  1.153E-04  8.914E-05  1.071E-04  2.286E-04  3.415E-04  6.052E-04  1.008E-03  1.388E-03  2.452E-03  3.609E-03  5.062E-03  6.554E-03  8.254E-03  1.137E-02  1.370E-02  1.644E-02  1.970E-02  2.333E-02  2.662E-02  3.042E-02  3.191E-02  3.763E-02  4.094E-02  4.454E-02  4.935E-02  5.164E-02  5.618E-02  6.015E-02  6.245E-02  7.013E-02  7.229E-02  7.770E-02  7.933E-02  8.547E-02  9.093E-02  9.837E-02  1.034E-01  1.113E-01  1.156E-01  1.219E-01  1.350E-01  1.420E-01  1.533E-01  1.665E-01  1.772E-01  1.918E-01  2.076E-01  2.206E-01  2.413E-01  2.621E-01  2.813E-01  3.073E-01  3.272E-01  3.595E-01  3.884E-01  4.214E-01  4.568E-01  4.959E-01  5.355E-01  5.811E-01  6.251E-01  6.774E-01  7.214E-01  7.831E-01  8.373E-01  9.034E-01  9.592E-01  1.027E+00  1.101E+00  1.169E+00  1.241E+00  1.317E+00  1.396E+00  1.474E+00  1.547E+00  1.630E+00  1.714E+00  1.792E+00  1.878E+00  1.956E+00  2.031E+00  2.118E+00  2.201E+00  2.270E+00  2.351E+00  2.423E+00  2.494E+00  2.551E+00  2.623E+00  2.674E+00  2.720E+00  2.757E+00  2.819E+00  2.838E+00  2.868E+00  2.897E+00  2.910E+00  2.918E+00  2.919E+00  2.903E+00  2.893E+00  2.867E+00  2.829E+00  2.803E+00  2.756E+00  2.712E+00  2.654E+00  2.598E+00  2.529E+00  2.462E+00  2.388E+00  2.307E+00  2.233E+00  2.145E+00  2.070E+00  1.977E+00  1.898E+00  1.813E+00  1.728E+00  1.642E+00  1.555E+00  1.465E+00  1.387E+00  1.310E+00  1.226E+00  1.147E+00  1.075E+00  9.979E-01  9.318E-01  8.612E-01  8.003E-01  7.404E-01  6.850E-01  6.266E-01  5.770E-01  5.246E-01  4.836E-01  4.398E-01  3.996E-01  3.648E-01  3.324E-01  2.997E-01  2.742E-01  2.501E-01  2.267E-01  2.077E-01  1.900E-01  1.758E-01  1.622E-01  1.531E-01  1.439E-01  1.346E-01  1.287E-01  1.245E-01  1.208E-01  1.167E-01  1.132E-01  1.108E-01  1.103E-01  1.087E-01  1.061E-01  1.055E-01  1.068E-01  1.054E-01  1.052E-01  1.063E-01  1.049E-01  1.035E-01  1.036E-01  1.026E-01  1.012E-01  1.012E-01  9.772E-02  9.566E-02  9.472E-02  9.130E-02  8.689E-02  8.379E-02  8.079E-02  7.626E-02  7.138E-02  6.729E-02  6.380E-02  5.914E-02  5.446E-02  5.071E-02  4.662E-02  4.224E-02  3.862E-02  3.506E-02  3.235E-02  2.886E-02  2.654E-02  2.320E-02  2.081E-02  1.898E-02  1.691E-02  1.464E-02  1.349E-02  1.210E-02  1.028E-02  9.563E-03  8.468E-03  7.247E-03  6.480E-03  5.891E-03  5.068E-03  4.425E-03  4.135E-03  3.211E-03  3.329E-03  2.716E-03  2.403E-03  1.934E-03  1.681E-03  1.635E-03  1.364E-03  1.204E-03  1.039E-03  9.558E-04  7.359E-04  6.223E-04  6.042E-04  5.140E-04  4.855E-04  3.706E-04  2.695E-04  3.383E-04  2.223E-04  2.269E-04  2.165E-04  1.518E-04  1.457E-04  1.169E-04  1.081E-04  8.225E-05  2.591E-04  Z
 0.000E+00  0.000E+00  0.000E+00  0.000E+00  0.000E+00  0.000E+00  0.000E+00  0.000E+00  0.000E+00  0.000E+00  2.533E-05  2.388E-05  0.000E+00  2.206E-05  1.507E-04  2.073E-04  1.399E-04  2.926E-04  8.341E-04  1.093E-03  1.786E-03  2.729E-03  3.545E-03  5.525E-03  6.717E-03  8.641E-03  1.113E-02  1.376E-02  1.599E-02  2.060E-02  2.220E-02  2.579E-02  2.865E-02  3.260E-02  3.489E-02  3.797E-02  4.348E-02  4.630E-02  5.060E-02  5.417E-02  5.652E-02  6.089E-02  6.384E-02  6.720E-02  7.205E-02  7.702E-02  8.300E-02  8.663E-02  9.390E-02  1.007E-01  1.074E-01  1.147E-01  1.222E-01  1.308E-01  1.389E-01  1.501E-01  1.637E-01  1.758E-01  1.894E-01  2.052E-01  2.235E-01  2.361E-01  2.610E-01  2.778E-01  3.017E-01  3.265E-01  3.586E-01  3.873E-01  4.159E-01  4.545E-01  4.913E-01  5.291E-01  5.767E-01  6.234E-01  6.681E-01  7.221E-01  7.706E-01  8.329E-01  8.947E-01  9.544E-01  1.024E+00  1.092E+00  1.163E+00  1.238E+00  1.317E+00  1.390E+00  1.470E+00  1.548E+00  1.634E+00  1.722E+00  1.800E+00  1.883E+00  1.973E+00  2.065E+00  2.145E+00  2.236E+00  2.316E+00  2.403E+00  2.490E+00  2.567E+00  2.657E+00  2.730E+00  2.796E+00  2.872E+00  2.949E+00  3.023E+00  3.068E+00  3.133E+00  3.187E+00  3.240E+00  3.282E+00  3.312E+00  3.335E+00  3.374E+00  3.384E+00  3.397E+00  3.400E+00  3.395E+00  3.392E+00  3.376E+00  3.333E+00  3.312E+00  3.271E+00  3.228E+00  3.179E+00  3.128E+00  3.062E+00  2.987E+00  2.925E+00  2.839E+00  2.762E+00  2.683E+00  2.583E+00  2.490E+00  2.402E+00  2.301E+00  2.197E+00  2.102E+00  2.013E+00  1.915E+00  1.820E+00  1.718E+00  1.619E+00  1.530E+00  1.439E+00  1.349E+00  1.262E+00  1.179E+00  1.098E+00  1.026E+00  9.475E-01  8.814E-01  8.180E-01  7.536E-01  6.908E-01  6.386E-01  5.857E-01  5.379E-01  4.953E-01  4.567E-01  4.178E-01  3.889E-01  3.566E-01  3.304E-01  3.060E-01  2.849E-01  2.663E-01  2.512E-01  2.341E-01  2.227E-01  2.071E-01  1.993E-01  1.926E-01  1.847E-01  1.800E-01  1.755E-01  1.706E-01  1.640E-01  1.649E-01  1.621E-01  1.619E-01  1.608E-01  1.604E-01  1.574E-01  1.560E-01  1.548E-01  1.530E-01  1.497E-01  1.485E-01  1.472E-01  1.437E-01  1.399E-01  1.362E-01  1.335E-01  1.284E-01  1.215E-01  1.173E-01  1.108E-01  1.049E-01  9.883E-02  9.248E-02  8.717E-02  8.037E-02  7.521E-02  6.817E-02  6.348E-02  5.810E-02  5.204E-02  4.671E-02  4.330E-02  3.974E-02  3.534E-02  3.229E-02  2.802E-02  2.569E-02  2.351E-02  2.074E-02  1.748E-02  1.616E-02  1.370E-02  1.243E-02  1.093E-02  9.613E-03  8.700E-03  7.611E-03  6.820E-03  5.819E-03  5.141E-03  4.660E-03  4.123E-03  3.780E-03  3.013E-03  2.716E-03  2.359E-03  1.909E-03  1.771E-03  1.678E-03  1.381E-03  1.196E-03  9.834E-04  8.586E-04  8.159E-04  5.718E-04  5.574E-04  4.477E-04  4.830E-04  3.761E-04  2.862E-04  1.367E-03  Z
 0.000E+00  0.000E+00  0.000E+00  0.000E+00  0.000E+00  0.000E+00  0.000E+00  0.000E+00  0.000E+00  0.000E+00  5.035E-05  2.388E-05  4.635E-05  1.113E-04  8.579E-05  1.455E-04  3.216E-04  3.514E-04  5.134E-04  8.496E-04  1.859E-03  2.378E-03  3.376E-03  4.094E-03  6.316E-03  7.688E-03  9.498E-03  1.265E-02  1.421E-02  1.768E-02  1.905E-02  2.335E-02  2.566E-02  2.900E-02  3.315E-02  3.587E-02  3.932E-02  4.165E-02  4.663E-02  4.826E-02  5.484E-02  5.726E-02  6.216E-02  6.418E-02  6.825E-02  7.450E-02  7.766E-02  8.266E-02  8.873E-02  9.455E-02  1.000E-01  1.062E-01  1.140E-01  1.245E-01  1.326E-01  1.426E-01  1.537E-01  1.670E-01  1.760E-01  1.935E-01  2.092E-01  2.261E-01  2.430E-01  2.667E-01  2.860E-01  3.109E-01  3.350E-01  3.675E-01  3.948E-01  4.307E-01  4.655E-01  5.058E-01  5.507E-01  5.931E-01  6.388E-01  6.947E-01  7.450E-01  8.055E-01  8.557E-01  9.195E-01  9.848E-01  1.054E+00  1.121E+00  1.193E+00  1.276E+00  1.346E+00  1.431E+00  1.505E+00  1.589E+00  1.675E+00  1.766E+00  1.848E+00  1.942E+00  2.030E+00  2.117E+00  2.210E+00  2.302E+00  2.387E+00  2.475E+00  2.564E+00  2.656E+00  2.745E+00  2.821E+00  2.906E+00  2.989E+00  3.084E+00  3.138E+00  3.217E+00  3.282E+00  3.353E+00  3.420E+00  3.464E+00  3.517E+00  3.572E+00  3.612E+00  3.642E+00  3.686E+00  3.717E+00  3.722E+00  3.744E+00  3.753E+00  3.754E+00  3.752E+00  3.738E+00  3.723E+00  3.706E+00  3.664E+00  3.640E+00  3.580E+00  3.537E+00  3.480E+00  3.423E+00  3.342E+00  3.263E+00  3.187E+00  3.109E+00  3.008E+00  2.912E+00  2.821E+00  2.726E+00  2.626E+00  2.517E+00  2.405E+00  2.299E+00  2.196E+00  2.088E+00  1.976E+00  1.875E+00  1.776E+00  1.670E+00  1.572E+00  1.476E+00  1.382E+00  1.291E+00  1.197E+00  1.119E+00  1.041E+00  9.636E-01  8.920E-01  8.313E-01  7.662E-01  7.071E-01  6.580E-01  6.065E-01  5.590E-01  5.201E-01  4.825E-01  4.472E-01  4.126E-01  3.844E-01  3.578E-01  3.357E-01  3.164E-01  2.973E-01  2.795E-01  2.703E-01  2.567E-01  2.467E-01  2.373E-01  2.294E-01  2.255E-01  2.198E-01  2.162E-01  2.107E-01  2.078E-01  2.043E-01  2.035E-01  2.008E-01  1.992E-01  1.964E-01  1.934E-01  1.882E-01  1.856E-01  1.826E-01  1.779E-01  1.712E-01  1.679E-01  1.612E-01  1.563E-01  1.486E-01  1.436E-01  1.354E-01  1.287E-01  1.214E-01  1.129E-01  1.060E-01  9.892E-02  9.233E-02  8.529E-02  7.773E-02  7.094E-02  6.439E-02  5.942E-02  5.394E-02  4.897E-02  4.420E-02  3.878E-02  3.462E-02  3.127E-02  2.781E-02  2.503E-02  2.223E-02  1.908E-02  1.755E-02  1.529E-02  1.324E-02  1.189E-02  1.043E-02  9.044E-03  7.856E-03  6.976E-03  6.210E-03  5.791E-03  4.754E-03  4.226E-03  3.567E-03  3.111E-03  2.848E-03  2.513E-03  2.093E-03  1.790E-03  1.725E-03  1.362E-03  1.269E-03  1.018E-03  9.682E-04  8.211E-04  6.827E-04  2.774E-03  Z
 0.000E+00  0.000E+00  0.000E+00  0.000E+00  0.000E+00  0.000E+00  0.000E+00  0.000E+00  2.819E-05  0.000E+00  0.000E+00  7.209E-05  4.650E-05  2.241E-05  2.150E-04  1.241E-04  2.212E-04  3.719E-04  4.747E-04  1.090E-03  1.261E-03  2.572E-03  3.423E-03  4.383E-03  5.993E-03  7.318E-03  9.380E-03  1.072E-02  1.512E-02  1.634E-02  2.050E-02  2.280E-02  2.633E-02  3.001E-02  3.246E-02  3.483E-02  3.855E-02  4.324E-02  4.563E-02  4.934E-02  5.411E-02  5.625E-02  6.064E-02  6.447E-02  6.941E-02  7.300E-02  7.738E-02  8.096E-02  8.920E-02  9.277E-02  1.002E-01  1.058E-01  1.143E-01  1.227E-01  1.345E-01  1.414E-01  1.531E-01  1.632E-01  1.770E-01  1.918E-01  2.073E-01  2.225E-01  2.444E-01  2.622E-01  2.831E-01  3.098E-01  3.375E-01  3.658E-01  3.967E-01  4.291E-01  4.672E-01  5.037E-01  5.429E-01  5.892E-01  6.361E-01  6.875E-01  7.394E-01  7.904E-01  8.511E-01  9.157E-01  9.791E-01  1.050E+00  1.120E+00  1.193E+00  1.266E+00  1.351E+00  1.423E+00  1.502E+00  1.589E+00  1.671E+00  1.759E+00  1.841E+00  1.927E+00  2.018E+00  2.111E+00  2.202E+00  2.296E+00  2.386E+00  2.483E+00  2.561E+00  2.660E+00  2.738E+00  2.829E+00  2.912E+00  2.988E+00  3.072E+00  3.148E+00  3.232E+00  3.280E+00  3.357E+00  3.422E+00  3.478E+00  3.539E+00  3.590E+00  3.629E+00  3.666E+00  3.711E+00  3.739E+00  3.760E+00  3.793E+00  3.789E+00  3.812E+00  3.798E+00  3.791E+00  3.782E+00  3.764E+00  3.733E+00  3.706E+00  3.665E+00  3.608E+00  3.569E+00  3.500E+00  3.426E+00  3.359E+00  3.280E+00  3.202E+00  3.111E+00  3.025E+00  2.930E+00  2.835E+00  2.731E+00  2.610E+00  2.515E+00  2.407E+00  2.300E+00  2.198E+00  2.081E+00  1.981E+00  1.863E+00  1.764E+00  1.660E+00  1.562E+00  1.461E+00  1.368E+00  1.276E+00  1.190E+00  1.108E+00  1.028E+00  9.585E-01  8.860E-01  8.228E-01  7.626E-01  7.034E-01  6.527E-01  6.022E-01  5.576E-01  5.188E-01  4.781E-01  4.433E-01  4.108E-01  3.837E-01  3.618E-01  3.336E-01  3.153E-01  3.003E-01  2.846E-01  2.713E-01  2.612E-01  2.510E-01  2.413E-01  2.341E-01  2.282E-01  2.248E-01  2.188E-01  2.170E-01  2.142E-01  2.103E-01  2.078E-01  2.059E-01  2.017E-01  1.967E-01  1.975E-01  1.938E-01  1.866E-01  1.830E-01  1.791E-01  1.748E-01  1.700E-01  1.623E-01  1.560E-01  1.493E-01  1.417E-01  1.343E-01  1.276E-01  1.199E-01  1.137E-01  1.049E-01  9.736E-02  8.977E-02  8.184E-02  7.617E-02  6.844E-02  6.291E-02  5.835E-02  5.210E-02  4.681E-02  4.269E-02  3.689E-02  3.325E-02  2.988E-02  2.760E-02  2.344E-02  2.142E-02  1.903E-02  1.714E-02  1.509E-02  1.296E-02  1.160E-02  9.818E-03  8.593E-03  8.039E-03  7.038E-03  5.656E-03  4.939E-03  4.601E-03  3.876E-03  3.350E-03  3.109E-03  2.533E-03  2.401E-03  1.916E-03  1.636E-03  1.740E-03  1.315E-03  1.142E-03  1.071E-03  9.620E-04  8.103E-04  3.044E-03  Z
 0.000E+00  0.000E+00  0.000E+00  0.000E+00  0.000E+00  0.000E+00  0.000E+00  0.000E+00  2.798E-05  2.663E-05  0.000E+00  0.000E+00  4.667E-05  1.334E-04  1.293E-04  1.039E-04  2.413E-04  3.719E-04  4.179E-04  1.054E-03  1.463E-03  2.061E-03  3.252E-03  4.113E-03  5.149E-03  7.653E-03  9.232E-03  1.061E-02  1.314E-02  1.601E-02  1.881E-02  2.089E-02  2.558E-02  2.868E-02  3.097E-02  3.568E-02  3.843E-02  4.107E-02  4.510E-02  5.006E-02  5.328E-02  5.643E-02  6.123E-02  6.435E-02  6.808E-02  7.125E-02  7.793E-02  8.250E-02  8.660E-02  9.213E-02  1.000E-01  1.059E-01  1.118E-01  1.198E-01  1.301E-01  1.396E-01  1.522E-01  1.636E-01  1.764E-01  1.897E-01  2.041E-01  2.222E-01  2.397E-01  2.650E-01  2.858E-01  3.060E-01  3.331E-01  3.616E-01  3.950E-01  4.252E-01  4.610E-01  4.981E-01  5.392E-01  5.848E-01  6.341E-01  6.836E-01  7.323E-01  7.859E-01  8.522E-01  9.069E-01  9.737E-01  1.042E+00  1.110E+00  1.188E+00  1.259E+00  1.342E+00  1.416E+00  1.496E+00  1.580E+00  1.662E+00  1.759E+00  1.842E+00  1.929E+00  2.024E+00  2.114E+00  2.199E+00  2.289E+00  2.381E+00  2.469E+00  2.560E+00  2.648E+00  2.739E+00  2.837E+00  2.920E+00  3.001E+00  3.082E+00  3.151E+00  3.235E+00  3.300E+00  3.378E+00  3.435E+00  3.502E+00  3.570E+00  3.606E+00  3.661E+00  3.709E+00  3.741E+00  3.780E+00  3.809E+00  3.828E+00  3.850E+00  3.857E+00  3.856E+00  3.855E+00  3.848E+00  3.838E+00  3.809E+00  3.785E+00  3.752E+00  3.709E+00  3.668E+00  3.606E+00  3.540E+00  3.465E+00  3.401E+00  3.330E+00  3.232E+00  3.139E+00  3.055E+00  2.965E+00  2.856E+00  2.748E+00  2.644E+00  2.532E+00  2.431E+00  2.315E+00  2.208E+00  2.100E+00  1.983E+00  1.881E+00  1.776E+00  1.677E+00  1.574E+00  1.471E+00  1.378E+00  1.293E+00  1.201E+00  1.118E+00  1.040E+00  9.664E-01  8.939E-01  8.285E-01  7.718E-01  7.118E-01  6.547E-01  6.128E-01  5.640E-01  5.185E-01  4.847E-01  4.497E-01  4.171E-01  3.893E-01  3.655E-01  3.414E-01  3.243E-01  3.079E-01  2.924E-01  2.774E-01  2.656E-01  2.531E-01  2.477E-01  2.410E-01  2.380E-01  2.312E-01  2.267E-01  2.252E-01  2.202E-01  2.154E-01  2.150E-01  2.108E-01  2.080E-01  2.040E-01  2.009E-01  1.975E-01  1.915E-01  1.865E-01  1.830E-01  1.769E-01  1.707E-01  1.639E-01  1.580E-01  1.510E-01  1.436E-01  1.348E-01  1.281E-01  1.187E-01  1.125E-01  1.067E-01  9.770E-02  8.896E-02  8.174E-02  7.602E-02  6.905E-02  6.205E-02  5.649E-02  5.186E-02  4.515E-02  4.181E-02  3.749E-02  3.407E-02  2.965E-02  2.649E-02  2.312E-02  2.121E-02  1.860E-02  1.652E-02  1.443E-02  1.245E-02  1.133E-02  1.016E-02  8.640E-03  7.382E-03  6.577E-03  5.624E-03  5.158E-03  4.259E-03  4.030E-03  3.567E-03  3.047E-03  2.755E-03  2.244E-03  1.893E-03  1.587E-03  1.559E-03  1.253E-03  9.180E-04  9.247E-04  8.077E-04  3.409E-03  Z
 0.000E+00  0.000E+00  0.000E+00  0.000E+00  0.000E+00  0.000E+00  0.000E+00  0.000E+00  0.000E+00  0.000E+00  0.000E+00  0.000E+00  2.337E-05  2.209E-05  4.275E-05  1.249E-04  1.612E-04  4.502E-04  5.125E-04  9.985E-04  1.444E-03  2.326E-03  3.324E-03  4.433E-03  5.333E-03  7.988E-03  9.349E-03  1.159E-02  1.298E-02  1.686E-02  1.960E-02  2.218E-02  2.591E-02  2.795E-02  3.116E-02  3.497E-02  3.739E-02  4.158E-02  4.695E-02  4.838E-02  5.249E-02  5.638E-02  6.109E-02  6.311E-02  6.601E-02  7.287E-02  7.661E-02  7.975E-02  8.752E-02  9.306E-02  9.678E-02  1.067E-01  1.126E-01  1.213E-01  1.283E-01  1.386E-01  1.502E-01  1.627E-01  1.740E-01  1.886E-01  2.087E-01  2.213E-01  2.414E-01  2.616E-01  2.858E-01  3.066E-01  3.312E-01  3.598E-01  3.901E-01  4.297E-01  4.623E-01  4.981E-01  5.399E-01  5.839E-01  6.349E-01  6.793E-01  7.333E-01  7.882E-01  8.458E-01  9.121E-01  9.760E-01  1.044E+00  1.111E+00  1.186E+00  1.265E+00  1.335E+00  1.417E+00  1.500E+00  1.580E+00  1.664E+00  1.753E+00  1.838E+00  1.925E+00  2.021E+00  2.109E+00  2.199E+00  2.294E+00  2.381E+00  2.466E+00  2.557E+00  2.667E+00  2.740E+00  2.829E+00  2.917E+00  3.000E+00  3.076E+00  3.156E+00  3.233E+00  3.308E+00  3.385E+00  3.439E+00  3.509E+00  3.554E+00  3.613E+00  3.660E+00  3.706E+00  3.735E+00  3.788E+00  3.810E+00  3.839E+00  3.850E+00  3.859E+00  3.879E+00  3.867E+00  3.859E+00  3.849E+00  3.824E+00  3.806E+00  3.758E+00  3.721E+00  3.670E+00  3.606E+00  3.554E+00  3.489E+00  3.412E+00  3.332E+00  3.250E+00  3.168E+00  3.069E+00  2.972E+00  2.871E+00  2.768E+00  2.655E+00  2.552E+00  2.441E+00  2.332E+00  2.223E+00  2.114E+00  2.005E+00  1.893E+00  1.790E+00  1.682E+00  1.583E+00  1.487E+00  1.391E+00  1.298E+00  1.209E+00  1.130E+00  1.054E+00  9.697E-01  9.047E-01  8.396E-01  7.802E-01  7.156E-01  6.686E-01  6.163E-01  5.683E-01  5.290E-01  4.901E-01  4.530E-01  4.226E-01  3.929E-01  3.686E-01  3.477E-01  3.262E-01  3.082E-01  2.950E-01  2.787E-01  2.710E-01  2.599E-01  2.518E-01  2.459E-01  2.387E-01  2.351E-01  2.296E-01  2.249E-01  2.200E-01  2.167E-01  2.150E-01  2.111E-01  2.083E-01  2.052E-01  2.018E-01  1.984E-01  1.944E-01  1.904E-01  1.841E-01  1.778E-01  1.722E-01  1.639E-01  1.602E-01  1.521E-01  1.440E-01  1.353E-01  1.283E-01  1.194E-01  1.137E-01  1.030E-01  9.875E-02  9.034E-02  8.331E-02  7.574E-02  6.940E-02  6.349E-02  5.699E-02  5.179E-02  4.655E-02  4.175E-02  3.802E-02  3.449E-02  3.050E-02  2.632E-02  2.457E-02  2.131E-02  1.855E-02  1.625E-02  1.463E-02  1.257E-02  1.110E-02  9.971E-03  8.868E-03  7.582E-03  6.777E-03  6.197E-03  5.166E-03  4.399E-03  3.735E-03  3.499E-03  3.023E-03  2.703E-03  2.356E-03  2.108E-03  1.722E-03  1.455E-03  1.175E-03  1.105E-03  9.258E-04  9.299E-04  3.445E-03  Z
 0.000E+00  0.000E+00  0.000E+00  0.000E+00  0.000E+00  0.000E+00  0.000E+00  0.000E+00  0.000E+00  2.644E-05  0.000E+00  0.000E+00  2.337E-05  1.109E-04  6.422E-05  2.072E-04  3.020E-04  4.098E-04  5.126E-04  1.035E-03  1.352E-03  1.815E-03  3.201E-03  4.350E-03  4.934E-03  7.876E-03  9.097E-03  1.116E-02  1.447E-02  1.550E-02  1.913E-02  2.212E-02  2.603E-02  2.915E-02  3.138E-02  3.410E-02  3.880E-02  4.186E-02  4.467E-02  4.921E-02  5.192E-02  5.520E-02  6.044E-02  6.426E-02  6.906E-02  7.131E-02  7.693E-02  8.171E-02  8.599E-02  9.498E-02  9.951E-02  1.076E-01  1.119E-01  1.199E-01  1.294E-01  1.396E-01  1.491E-01  1.626E-01  1.730E-01  1.900E-01  2.056E-01  2.238E-01  2.421E-01  2.578E-01  2.862E-01  3.065E-01  3.272E-01  3.591E-01  3.925E-01  4.248E-01  4.584E-01  4.988E-01  5.383E-01  5.832E-01  6.297E-01  6.789E-01  7.382E-01  7.867E-01  8.412E-01  9.057E-01  9.752E-01  1.038E+00  1.105E+00  1.181E+00  1.256E+00  1.335E+00  1.409E+00  1.493E+00  1.586E+00  1.665E+00  1.745E+00  1.837E+00  1.926E+00  2.008E+00  2.104E+00  2.205E+00  2.291E+00  2.378E+00  2.470E+00  2.565E+00  2.652E+00  2.740E+00  2.828E+00  2.921E+00  2.996E+00  3.076E+00  3.164E+00  3.244E+00  3.312E+00  3.389E+00  3.452E+00  3.512E+00  3.574E+00  3.627E+00  3.683E+00  3.721E+00  3.766E+00  3.797E+00  3.827E+00  3.852E+00  3.881E+00  3.883E+00  3.889E+00  3.893E+00  3.890E+00  3.874E+00  3.854E+00  3.842E+00  3.805E+00  3.770E+00  3.709E+00  3.661E+00  3.600E+00  3.543E+00  3.464E+00  3.382E+00  3.319E+00  3.224E+00  3.131E+00  3.028E+00  2.939E+00  2.825E+00  2.723E+00  2.618E+00  2.505E+00  2.389E+00  2.287E+00  2.171E+00  2.051E+00  1.951E+00  1.849E+00  1.738E+00  1.636E+00  1.530E+00  1.440E+00  1.345E+00  1.250E+00  1.170E+00  1.088E+00  1.009E+00  9.424E-01  8.708E-01  8.052E-01  7.481E-01  6.932E-01  6.426E-01  5.928E-01  5.511E-01  5.071E-01  4.732E-01  4.380E-01  4.103E-01  3.841E-01  3.597E-01  3.388E-01  3.195E-01  3.021E-01  2.880E-01  2.769E-01  2.645E-01  2.590E-01  2.495E-01  2.433E-01  2.381E-01  2.350E-01  2.298E-01  2.256E-01  2.227E-01  2.204E-01  2.161E-01  2.127E-01  2.078E-01  2.045E-01  1.992E-01  1.963E-01  1.930E-01  1.874E-01  1.846E-01  1.755E-01  1.683E-01  1.623E-01  1.555E-01  1.493E-01  1.418E-01  1.321E-01  1.241E-01  1.167E-01  1.079E-01  1.005E-01  9.357E-02  8.614E-02  7.814E-02  7.309E-02  6.632E-02  5.904E-02  5.379E-02  4.770E-02  4.350E-02  3.900E-02  3.501E-02  3.215E-02  2.902E-02  2.481E-02  2.273E-02  1.962E-02  1.726E-02  1.551E-02  1.397E-02  1.221E-02  1.082E-02  9.076E-03  7.932E-03  6.904E-03  6.189E-03  5.576E-03  4.773E-03  4.226E-03  3.537E-03  3.246E-03  2.700E-03  2.404E-03  2.018E-03  1.801E-03  1.586E-03  1.545E-03  1.212E-03  9.720E-04  9.216E-04  3.580E-03  Z
 0.000E+00  0.000E+00  0.000E+00  0.000E+00  0.000E+00  0.000E+00  0.000E+00  0.000E+00  0.000E+00  2.654E-05  2.537E-05  4.836E-05  0.000E+00  4.433E-05  8.585E-05  1.042E-04  8.058E-05  3.712E-04  6.266E-04  1.092E-03  1.389E-03  2.342E-03  2.843E-03  3.890E-03  5.270E-03  7.082E-03  8.970E-03  1.069E-02  1.357E-02  1.729E-02  1.866E-02  2.126E-02  2.345E-02  2.769E-02  3.223E-02  3.605E-02  3.776E-02  4.099E-02  4.533E-02  4.948E-02  5.145E-02  5.565E-02  5.909E-02  6.305E-02  6.694E-02  7.203E-02  7.710E-02  8.081E-02  8.583E-02  9.250E-02  9.673E-02  1.063E-01  1.124E-01  1.197E-01  1.290E-01  1.389E-01  1.455E-01  1.622E-01  1.747E-01  1.889E-01  2.047E-01  2.185E-01  2.397E-01  2.587E-01  2.818E-01  3.010E-01  3.312E-01  3.597E-01  3.911E-01  4.224E-01  4.612E-01  4.928E-01  5.390E-01  5.749E-01  6.264E-01  6.803E-01  7.311E-01  7.826E-01  8.438E-01  9.037E-01  9.660E-01  1.033E+00  1.105E+00  1.178E+00  1.262E+00  1.330E+00  1.411E+00  1.491E+00  1.575E+00  1.663E+00  1.743E+00  1.838E+00  1.916E+00  2.018E+00  2.100E+00  2.189E+00  2.292E+00  2.389E+00  2.463E+00  2.560E+00  2.649E+00  2.746E+00  2.832E+00  2.919E+00  3.010E+00  3.093E+00  3.164E+00  3.262E+00  3.324E+00  3.386E+00  3.456E+00  3.520E+00  3.574E+00  3.638E+00  3.687E+00  3.747E+00  3.778E+00  3.820E+00  3.849E+00  3.884E+00  3.903E+00  3.921E+00  3.930E+00  3.936E+00  3.942E+00  3.927E+00  3.916E+00  3.894E+00  3.868E+00  3.841E+00  3.783E+00  3.742E+00  3.686E+00  3.613E+00  3.553E+00  3.473E+00  3.396E+00  3.311E+00  3.214E+00  3.130E+00  3.037E+00  2.933E+00  2.824E+00  2.712E+00  2.602E+00  2.489E+00  2.388E+00  2.265E+00  2.157E+00  2.038E+00  1.931E+00  1.828E+00  1.715E+00  1.614E+00  1.518E+00  1.420E+00  1.326E+00  1.237E+00  1.155E+00  1.076E+00  9.980E-01  9.249E-01  8.627E-01  8.001E-01  7.331E-01  6.823E-01  6.329E-01  5.864E-01  5.467E-01  5.056E-01  4.659E-01  4.384E-01  4.081E-01  3.818E-01  3.571E-01  3.373E-01  3.203E-01  3.039E-01  2.905E-01  2.793E-01  2.696E-01  2.601E-01  2.552E-01  2.480E-01  2.433E-01  2.354E-01  2.344E-01  2.302E-01  2.266E-01  2.218E-01  2.181E-01  2.151E-01  2.114E-01  2.063E-01  2.033E-01  1.988E-01  1.934E-01  1.879E-01  1.824E-01  1.754E-01  1.672E-01  1.618E-01  1.540E-01  1.468E-01  1.382E-01  1.311E-01  1.225E-01  1.138E-01  1.073E-01  9.908E-02  9.009E-02  8.431E-02  7.633E-02  6.977E-02  6.257E-02  5.728E-02  5.249E-02  4.709E-02  4.096E-02  3.764E-02  3.326E-02  2.978E-02  2.655E-02  2.464E-02  2.100E-02  1.895E-02  1.645E-02  1.426E-02  1.252E-02  1.145E-02  1.028E-02  8.633E-03  7.801E-03  6.556E-03  6.003E-03  5.062E-03  4.390E-03  4.183E-03  3.446E-03  3.007E-03  2.645E-03  2.262E-03  2.004E-03  1.785E-03  1.507E-03  1.236E-03  1.088E-03  9.331E-04  3.780E-03  Z
 0.000E+00  0.000E+00  0.000E+00  0.000E+00  0.000E+00  0.000E+00  0.000E+00  0.000E+00  5.622E-05  0.000E+00  2.542E-05  2.436E-05  6.947E-05  4.449E-05  1.285E-04  1.863E-04  3.622E-04  3.309E-04  4.935E-04  8.321E-04  1.244E-03  2.076E-03  3.325E-03  3.776E-03  5.743E-03  7.295E-03  8.386E-03  1.071E-02  1.343E-02  1.584E-02  1.781E-02  2.123E-02  2.464E-02  2.770E-02  2.975E-02  3.420E-02  3.697E-02  3.994E-02  4.437E-02  4.760E-02  5.088E-02  5.641E-02  5.933E-02  6.149E-02  6.675E-02  7.102E-02  7.337E-02  7.965E-02  8.667E-02  9.014E-02  9.841E-02  1.054E-01  1.100E-01  1.202E-01  1.283E-01  1.363E-01  1.473E-01  1.586E-01  1.740E-01  1.853E-01  1.989E-01  2.195E-01  2.382E-01  2.542E-01  2.799E-01  3.024E-01  3.252E-01  3.545E-01  3.854E-01  4.177E-01  4.522E-01  4.931E-01  5.318E-01  5.757E-01  6.179E-01  6.713E-01  7.258E-01  7.751E-01  8.377E-01  9.007E-01  9.629E-01  1.030E+00  1.098E+00  1.170E+00  1.253E+00  1.320E+00  1.400E+00  1.481E+00  1.564E+00  1.651E+00  1.734E+00  1.830E+00  1.916E+00  2.004E+00  2.101E+00  2.196E+00  2.287E+00  2.374E+00  2.469E+00  2.563E+00  2.652E+00  2.743E+00  2.835E+00  2.913E+00  3.007E+00  3.091E+00  3.177E+00  3.264E+00  3.331E+00  3.410E+00  3.480E+00  3.541E+00  3.608E+00  3.666E+00  3.723E+00  3.772E+00  3.819E+00  3.851E+00  3.910E+00  3.937E+00  3.965E+00  3.981E+00  4.004E+00  4.015E+00  4.027E+00  4.023E+00  4.015E+00  3.995E+00  3.979E+00  3.948E+00  3.912E+00  3.873E+00  3.815E+00  3.763E+00  3.721E+00  3.631E+00  3.555E+00  3.476E+00  3.392E+00  3.299E+00  3.209E+00  3.096E+00  3.003E+00  2.889E+00  2.782E+00  2.676E+00  2.553E+00  2.439E+00  2.334E+00  2.220E+00  2.106E+00  1.990E+00  1.883E+00  1.770E+00  1.670E+00  1.568E+00  1.467E+00  1.372E+00  1.280E+00  1.197E+00  1.112E+00  1.036E+00  9.637E-01  8.929E-01  8.249E-01  7.654E-01  7.113E-01  6.570E-01  6.085E-01  5.659E-01  5.270E-01  4.849E-01  4.554E-01  4.226E-01  3.980E-01  3.763E-01  3.527E-01  3.356E-01  3.181E-01  3.052E-01  2.924E-01  2.837E-01  2.733E-01  2.656E-01  2.571E-01  2.526E-01  2.495E-01  2.453E-01  2.402E-01  2.369E-01  2.316E-01  2.282E-01  2.237E-01  2.205E-01  2.135E-01  2.114E-01  2.049E-01  1.997E-01  1.960E-01  1.869E-01  1.808E-01  1.743E-01  1.654E-01  1.569E-01  1.504E-01  1.401E-01  1.342E-01  1.234E-01  1.161E-01  1.088E-01  1.002E-01  9.236E-02  8.442E-02  7.800E-02  7.111E-02  6.440E-02  5.823E-02  5.287E-02  4.834E-02  4.317E-02  3.858E-02  3.459E-02  2.981E-02  2.711E-02  2.422E-02  2.119E-02  1.884E-02  1.723E-02  1.501E-02  1.320E-02  1.153E-02  1.009E-02  8.864E-03  7.498E-03  6.858E-03  6.022E-03  5.517E-03  4.590E-03  4.013E-03  3.492E-03  2.955E-03  2.553E-03  2.198E-03  1.896E-03  1.831E-03  1.451E-03  1.391E-03  1.035E-03  4.669E-03  Z
 0.000E+00  0.000E+00  0.000E+00  0.000E+00  0.000E+00  0.000E+00  0.000E+00  0.000E+00  0.000E+00  0.000E+00  0.000E+00  2.415E-05  6.917E-05  4.414E-05  8.539E-05  8.301E-05  1.403E-04  2.347E-04  5.507E-04  8.510E-04  1.138E-03  1.779E-03  2.775E-03  4.330E-03  5.616E-03  6.960E-03  8.555E-03  1.100E-02  1.348E-02  1.597E-02  1.812E-02  2.106E-02  2.447E-02  2.718E-02  3.060E-02  3.436E-02  3.574E-02  4.021E-02  4.310E-02  4.808E-02  5.078E-02  5.536E-02  5.795E-02  6.416E-02  6.407E-02  7.007E-02  7.529E-02  7.993E-02  8.307E-02  8.877E-02  9.762E-02  1.038E-01  1.097E-01  1.174E-01  1.271E-01  1.358E-01  1.477E-01  1.569E-01  1.701E-01  1.849E-01  2.024E-01  2.166E-01  2.358E-01  2.510E-01  2.755E-01  3.018E-01  3.252E-01  3.512E-01  3.823E-01  4.182E-01  4.486E-01  4.864E-01  5.275E-01  5.737E-01  6.195E-01  6.664E-01  7.203E-01  7.751E-01  8.248E-01  8.862E-01  9.584E-01  1.024E+00  1.095E+00  1.153E+00  1.239E+00  1.312E+00  1.394E+00  1.485E+00  1.560E+00  1.642E+00  1.731E+00  1.823E+00  1.917E+00  1.997E+00  2.098E+00  2.186E+00  2.280E+00  2.375E+00  2.461E+00  2.548E+00  2.649E+00  2.738E+00  2.825E+00  2.927E+00  2.997E+00  3.101E+00  3.180E+00  3.269E+00  3.336E+00  3.420E+00  3.493E+00  3.564E+00  3.632E+00  3.694E+00  3.746E+00  3.806E+00  3.842E+00  3.892E+00  3.941E+00  3.975E+00  4.017E+00  4.036E+00  4.058E+00  4.068E+00  4.081E+00  4.097E+00  4.095E+00  4.087E+00  4.075E+00  4.049E+00  4.018E+00  3.990E+00  3.936E+00  3.889E+00  3.833E+00  3.767E+00  3.712E+00  3.635E+00  3.542E+00  3.457E+00  3.367E+00  3.258E+00  3.166E+00  3.069E+00  2.959E+00  2.844E+00  2.730E+00  2.612E+00  2.495E+00  2.379E+00  2.259E+00  2.152E+00  2.033E+00  1.925E+00  1.813E+00  1.713E+00  1.607E+00  1.502E+00  1.403E+00  1.312E+00  1.226E+00  1.145E+00  1.064E+00  9.855E-01  9.160E-01  8.461E-01  7.872E-01  7.293E-01  6.771E-01  6.280E-01  5.845E-01  5.433E-01  5.040E-01  4.679E-01  4.400E-01  4.126E-01  3.850E-01  3.656E-01  3.479E-01  3.304E-01  3.162E-01  3.033E-01  2.916E-01  2.854E-01  2.776E-01  2.695E-01  2.641E-01  2.592E-01  2.542E-01  2.481E-01  2.431E-01  2.397E-01  2.361E-01  2.311E-01  2.263E-01  2.230E-01  2.165E-01  2.102E-01  2.041E-01  1.978E-01  1.919E-01  1.827E-01  1.754E-01  1.692E-01  1.609E-01  1.527E-01  1.440E-01  1.357E-01  1.268E-01  1.163E-01  1.102E-01  1.020E-01  9.347E-02  8.386E-02  7.786E-02  7.071E-02  6.426E-02  5.986E-02  5.177E-02  4.706E-02  4.251E-02  3.920E-02  3.350E-02  3.046E-02  2.762E-02  2.457E-02  2.127E-02  1.894E-02  1.651E-02  1.495E-02  1.284E-02  1.134E-02  9.948E-03  8.864E-03  7.872E-03  6.687E-03  6.006E-03  5.182E-03  4.601E-03  3.971E-03  3.256E-03  3.074E-03  2.735E-03  2.120E-03  1.887E-03  1.699E-03  1.606E-03  1.235E-03  5.170E-03  Z
 0.000E+00  0.000E+00  0.000E+00  0.000E+00  0.000E+00  0.000E+00  0.000E+00  0.000E+00  0.000E+00  0.000E+00  2.498E-05  0.000E+00  9.263E-05  4.446E-05  6.458E-05  1.862E-04  1.810E-04  2.937E-04  4.926E-04  8.307E-04  1.334E-03  1.954E-03  2.652E-03  3.789E-03  5.067E-03  6.842E-03  8.511E-03  1.047E-02  1.309E-02  1.560E-02  1.853E-02  2.064E-02  2.473E-02  2.611E-02  3.118E-02  3.355E-02  3.639E-02  4.063E-02  4.334E-02  4.667E-02  5.063E-02  5.381E-02  5.877E-02  6.124E-02  6.519E-02  7.025E-02  7.459E-02  7.872E-02  8.436E-02  8.831E-02  9.511E-02  1.026E-01  1.114E-01  1.193E-01  1.281E-01  1.355E-01  1.451E-01  1.588E-01  1.715E-01  1.821E-01  1.986E-01  2.170E-01  2.320E-01  2.507E-01  2.753E-01  2.985E-01  3.234E-01  3.504E-01  3.801E-01  4.154E-01  4.482E-01  4.844E-01  5.277E-01  5.686E-01  6.137E-01  6.601E-01  7.148E-01  7.700E-01  8.278E-01  8.891E-01  9.557E-01  1.022E+00  1.083E+00  1.157E+00  1.240E+00  1.308E+00  1.389E+00  1.474E+00  1.547E+00  1.640E+00  1.729E+00  1.814E+00  1.910E+00  1.997E+00  2.092E+00  2.181E+00  2.278E+00  2.373E+00  2.462E+00  2.566E+00  2.655E+00  2.740E+00  2.842E+00  2.933E+00  3.011E+00  3.105E+00  3.191E+00  3.277E+00  3.358E+00  3.421E+00  3.509E+00  3.563E+00  3.632E+00  3.705E+00  3.770E+00  3.820E+00  3.867E+00  3.927E+00  3.964E+00  4.000E+00  4.029E+00  4.062E+00  4.101E+00  4.116E+00  4.116E+00  4.129E+00  4.131E+00  4.135E+00  4.112E+00  4.095E+00  4.065E+00  4.042E+00  3.997E+00  3.958E+00  3.904E+00  3.838E+00  3.784E+00  3.703E+00  3.617E+00  3.536E+00  3.449E+00  3.346E+00  3.248E+00  3.136E+00  3.028E+00  2.928E+00  2.813E+00  2.703E+00  2.579E+00  2.460E+00  2.347E+00  2.231E+00  2.115E+00  1.998E+00  1.880E+00  1.772E+00  1.668E+00  1.569E+00  1.469E+00  1.371E+00  1.282E+00  1.199E+00  1.114E+00  1.037E+00  9.622E-01  8.908E-01  8.288E-01  7.731E-01  7.103E-01  6.557E-01  6.115E-01  5.674E-01  5.289E-01  4.918E-01  4.620E-01  4.338E-01  4.048E-01  3.826E-01  3.623E-01  3.456E-01  3.295E-01  3.175E-01  3.062E-01  2.948E-01  2.867E-01  2.759E-01  2.697E-01  2.656E-01  2.592E-01  2.555E-01  2.502E-01  2.461E-01  2.418E-01  2.373E-01  2.324E-01  2.283E-01  2.226E-01  2.173E-01  2.095E-01  2.032E-01  1.967E-01  1.894E-01  1.805E-01  1.737E-01  1.679E-01  1.578E-01  1.499E-01  1.396E-01  1.313E-01  1.225E-01  1.151E-01  1.053E-01  9.773E-02  8.949E-02  8.180E-02  7.433E-02  6.905E-02  6.156E-02  5.584E-02  5.079E-02  4.452E-02  4.050E-02  3.590E-02  3.254E-02  2.837E-02  2.566E-02  2.298E-02  1.955E-02  1.715E-02  1.579E-02  1.373E-02  1.244E-02  1.082E-02  9.369E-03  8.323E-03  7.238E-03  6.377E-03  5.721E-03  4.701E-03  4.261E-03  3.796E-03  3.101E-03  2.815E-03  2.402E-03  2.087E-03  1.742E-03  1.711E-03  1.171E-03  5.585E-03  Z
 0.000E+00  0.000E+00  0.000E+00  0.000E+00  0.000E+00  0.000E+00  0.000E+00  0.000E+00  2.814E-05  0.000E+00  0.000E+00  4.786E-05  6.960E-05  4.477E-05  1.297E-04  4.190E-05  3.225E-04  2.734E-04  4.365E-04  9.817E-04  1.224E-03  1.603E-03  2.565E-03  3.642E-03  5.647E-03  6.761E-03  8.302E-03  9.880E-03  1.259E-02  1.543E-02  1.776E-02  2.055E-02  2.285E-02  2.656E-02  3.074E-02  3.167E-02  3.653E-02  3.949E-02  4.275E-02  4.817E-02  5.080E-02  5.401E-02  5.827E-02  5.942E-02  6.441E-02  6.905E-02  7.370E-02  7.868E-02  8.574E-02  8.988E-02  9.384E-02  1.033E-01  1.086E-01  1.186E-01  1.248E-01  1.354E-01  1.457E-01  1.579E-01  1.708E-01  1.830E-01  1.978E-01  2.157E-01  2.331E-01  2.538E-01  2.732E-01  2.964E-01  3.208E-01  3.530E-01  3.778E-01  4.129E-01  4.475E-01  4.841E-01  5.211E-01  5.656E-01  6.138E-01  6.621E-01  7.102E-01  7.658E-01  8.220E-01  8.861E-01  9.534E-01  1.013E+00  1.084E+00  1.158E+00  1.228E+00  1.313E+00  1.384E+00  1.475E+00  1.549E+00  1.636E+00  1.727E+00  1.810E+00  1.910E+00  1.996E+00  2.086E+00  2.182E+00  2.275E+00  2.365E+00  2.461E+00  2.561E+00  2.650E+00  2.745E+00  2.833E+00  2.927E+00  3.011E+00  3.099E+00  3.187E+00  3.277E+00  3.362E+00  3.434E+00  3.523E+00  3.580E+00  3.649E+00  3.721E+00  3.775E+00  3.834E+00  3.880E+00  3.930E+00  3.984E+00  4.015E+00  4.063E+00  4.090E+00  4.116E+00  4.143E+00  4.161E+00  4.172E+00  4.171E+00  4.161E+00  4.148E+00  4.145E+00  4.117E+00  4.096E+00  4.055E+00  4.012E+00  3.962E+00  3.899E+00  3.839E+00  3.769E+00  3.685E+00  3.602E+00  3.514E+00  3.427E+00  3.327E+00  3.216E+00  3.110E+00  3.008E+00  2.898E+00  2.779E+00  2.658E+00  2.541E+00  2.419E+00  2.307E+00  2.193E+00  2.067E+00  1.953E+00  1.841E+00  1.741E+00  1.634E+00  1.525E+00  1.434E+00  1.333E+00  1.252E+00  1.163E+00  1.086E+00  1.007E+00  9.332E-01  8.698E-01  8.033E-01  7.455E-01  6.900E-01  6.417E-01  5.980E-01  5.570E-01  5.179E-01  4.790E-01  4.492E-01  4.232E-01  3.981E-01  3.762E-01  3.587E-01  3.420E-01  3.258E-01  3.171E-01  3.032E-01  2.946E-01  2.857E-01  2.802E-01  2.710E-01  2.681E-01  2.631E-01  2.571E-01  2.527E-01  2.462E-01  2.426E-01  2.369E-01  2.316E-01  2.266E-01  2.218E-01  2.145E-01  2.096E-01  2.010E-01  1.924E-01  1.885E-01  1.794E-01  1.716E-01  1.611E-01  1.547E-01  1.455E-01  1.375E-01  1.290E-01  1.192E-01  1.090E-01  1.005E-01  9.440E-02  8.684E-02  7.853E-02  7.051E-02  6.404E-02  5.874E-02  5.226E-02  4.768E-02  4.210E-02  3.838E-02  3.363E-02  3.076E-02  2.685E-02  2.404E-02  2.120E-02  1.837E-02  1.629E-02  1.464E-02  1.248E-02  1.149E-02  9.620E-03  8.699E-03  7.594E-03  6.886E-03  5.853E-03  5.260E-03  4.252E-03  3.753E-03  3.561E-03  2.861E-03  2.556E-03  2.257E-03  1.928E-03  1.656E-03  1.663E-03  6.022E-03  Z
 0.000E+00  0.000E+00  0.000E+00  0.000E+00  0.000E+00  0.000E+00  0.000E+00  0.000E+00  0.000E+00  0.000E+00  0.000E+00  4.830E-05  4.595E-05  1.109E-04  8.575E-05  1.245E-04  1.608E-04  2.925E-04  5.119E-04  5.367E-04  1.498E-03  2.394E-03  2.684E-03  3.385E-03  4.802E-03  6.599E-03  8.504E-03  1.030E-02  1.238E-02  1.535E-02  1.854E-02  2.015E-02  2.397E-02  2.529E-02  2.927E-02  3.251E-02  3.594E-02  3.935E-02  4.274E-02  4.691E-02  4.847E-02  5.442E-02  5.747E-02  5.908E-02  6.537E-02  6.843E-02  7.378E-02  7.871E-02  8.370E-02  8.933E-02  9.461E-02  1.016E-01  1.108E-01  1.161E-01  1.260E-01  1.349E-01  1.448E-01  1.551E-01  1.655E-01  1.820E-01  1.949E-01  2.137E-01  2.277E-01  2.489E-01  2.721E-01  2.951E-01  3.186E-01  3.494E-01  3.777E-01  4.075E-01  4.414E-01  4.777E-01  5.200E-01  5.622E-01  6.090E-01  6.563E-01  7.082E-01  7.621E-01  8.256E-01  8.786E-01  9.401E-01  1.005E+00  1.085E+00  1.150E+00  1.225E+00  1.306E+00  1.379E+00  1.468E+00  1.545E+00  1.635E+00  1.717E+00  1.815E+00  1.895E+00  1.986E+00  2.077E+00  2.180E+00  2.270E+00  2.373E+00  2.466E+00  2.565E+00  2.642E+00  2.743E+00  2.846E+00  2.938E+00  3.021E+00  3.116E+00  3.191E+00  3.287E+00  3.366E+00  3.446E+00  3.529E+00  3.597E+00  3.662E+00  3.733E+00  3.787E+00  3.856E+00  3.923E+00  3.966E+00  4.014E+00  4.066E+00  4.111E+00  4.135E+00  4.158E+00  4.184E+00  4.214E+00  4.231E+00  4.234E+00  4.244E+00  4.224E+00  4.216E+00  4.212E+00  4.185E+00  4.152E+00  4.120E+00  4.075E+00  4.012E+00  3.962E+00  3.892E+00  3.826E+00  3.736E+00  3.659E+00  3.567E+00  3.480E+00  3.377E+00  3.265E+00  3.147E+00  3.048E+00  2.922E+00  2.804E+00  2.684E+00  2.566E+00  2.448E+00  2.331E+00  2.213E+00  2.092E+00  1.984E+00  1.869E+00  1.760E+00  1.652E+00  1.549E+00  1.449E+00  1.351E+00  1.266E+00  1.178E+00  1.097E+00  1.019E+00  9.454E-01  8.796E-01  8.161E-01  7.609E-01  7.044E-01  6.473E-01  6.074E-01  5.644E-01  5.246E-01  4.910E-01  4.589E-01  4.348E-01  4.067E-01  3.854E-01  3.693E-01  3.515E-01  3.385E-01  3.226E-01  3.135E-01  3.028E-01  2.973E-01  2.869E-01  2.804E-01  2.739E-01  2.710E-01  2.618E-01  2.594E-01  2.536E-01  2.487E-01  2.416E-01  2.370E-01  2.312E-01  2.240E-01  2.184E-01  2.108E-01  2.063E-01  1.958E-01  1.889E-01  1.797E-01  1.712E-01  1.642E-01  1.533E-01  1.444E-01  1.353E-01  1.264E-01  1.183E-01  1.093E-01  1.016E-01  9.223E-02  8.391E-02  7.755E-02  6.997E-02  6.360E-02  5.754E-02  5.242E-02  4.600E-02  4.182E-02  3.761E-02  3.340E-02  2.987E-02  2.631E-02  2.390E-02  2.009E-02  1.838E-02  1.618E-02  1.504E-02  1.250E-02  1.130E-02  9.567E-03  8.228E-03  7.524E-03  6.587E-03  5.660E-03  5.055E-03  4.500E-03  3.992E-03  3.222E-03  2.883E-03  2.558E-03  2.279E-03  1.885E-03  1.525E-03  6.195E-03  Z
 0.000E+00  0.000E+00  0.000E+00  0.000E+00  0.000E+00  0.000E+00  0.000E+00  0.000E+00  2.780E-05  0.000E+00  0.000E+00  0.000E+00  0.000E+00  2.217E-05  6.382E-05  1.660E-04  1.403E-04  3.121E-04  5.131E-04  6.667E-04  1.172E-03  1.656E-03  2.824E-03  3.723E-03  4.797E-03  6.175E-03  7.727E-03  9.749E-03  1.273E-02  1.459E-02  1.796E-02  2.009E-02  2.353E-02  2.598E-02  2.793E-02  3.265E-02  3.561E-02  3.955E-02  4.222E-02  4.533E-02  4.904E-02  5.302E-02  5.663E-02  6.128E-02  6.507E-02  7.036E-02  7.372E-02  7.704E-02  8.170E-02  8.840E-02  9.678E-02  1.027E-01  1.091E-01  1.149E-01  1.227E-01  1.323E-01  1.443E-01  1.551E-01  1.658E-01  1.814E-01  1.974E-01  2.110E-01  2.319E-01  2.524E-01  2.663E-01  2.940E-01  3.178E-01  3.422E-01  3.761E-01  4.106E-01  4.390E-01  4.790E-01  5.189E-01  5.566E-01  6.043E-01  6.549E-01  7.034E-01  7.582E-01  8.121E-01  8.781E-01  9.457E-01  1.006E+00  1.075E+00  1.146E+00  1.225E+00  1.294E+00  1.376E+00  1.460E+00  1.540E+00  1.622E+00  1.716E+00  1.802E+00  1.897E+00  1.997E+00  2.077E+00  2.183E+00  2.273E+00  2.366E+00  2.469E+00  2.553E+00  2.646E+00  2.744E+00  2.840E+00  2.936E+00  3.024E+00  3.108E+00  3.192E+00  3.294E+00  3.383E+00  3.451E+00  3.533E+00  3.609E+00  3.684E+00  3.749E+00  3.812E+00  3.875E+00  3.942E+00  3.987E+00  4.048E+00  4.090E+00  4.139E+00  4.182E+00  4.209E+00  4.241E+00  4.265E+00  4.280E+00  4.294E+00  4.307E+00  4.307E+00  4.296E+00  4.289E+00  4.264E+00  4.233E+00  4.210E+00  4.169E+00  4.127E+00  4.062E+00  4.014E+00  3.943E+00  3.869E+00  3.788E+00  3.689E+00  3.605E+00  3.508E+00  3.403E+00  3.290E+00  3.182E+00  3.071E+00  2.960E+00  2.834E+00  2.710E+00  2.590E+00  2.469E+00  2.346E+00  2.227E+00  2.108E+00  1.990E+00  1.883E+00  1.773E+00  1.657E+00  1.557E+00  1.461E+00  1.362E+00  1.270E+00  1.187E+00  1.105E+00  1.026E+00  9.498E-01  8.875E-01  8.204E-01  7.627E-01  7.093E-01  6.592E-01  6.148E-01  5.719E-01  5.314E-01  4.970E-01  4.648E-01  4.400E-01  4.127E-01  3.940E-01  3.784E-01  3.588E-01  3.432E-01  3.310E-01  3.212E-01  3.107E-01  3.003E-01  2.969E-01  2.880E-01  2.808E-01  2.751E-01  2.692E-01  2.626E-01  2.605E-01  2.526E-01  2.477E-01  2.405E-01  2.343E-01  2.285E-01  2.232E-01  2.149E-01  2.060E-01  1.961E-01  1.904E-01  1.798E-01  1.717E-01  1.642E-01  1.542E-01  1.460E-01  1.342E-01  1.256E-01  1.162E-01  1.089E-01  1.007E-01  9.254E-02  8.375E-02  7.743E-02  6.982E-02  6.390E-02  5.759E-02  5.105E-02  4.560E-02  4.117E-02  3.641E-02  3.254E-02  2.941E-02  2.541E-02  2.308E-02  2.026E-02  1.760E-02  1.568E-02  1.369E-02  1.204E-02  1.071E-02  9.586E-03  8.422E-03  7.377E-03  6.070E-03  5.435E-03  5.056E-03  4.301E-03  3.664E-03  3.134E-03  2.585E-03  2.392E-03  2.071E-03  1.746E-03  7.357E-03  Z
 0.000E+00  0.000E+00  0.000E+00  0.000E+00  0.000E+00  0.000E+00  0.000E+00  0.000E+00  0.000E+00  0.000E+00  2.515E-05  7.270E-05  2.290E-05  2.213E-05  8.547E-05  1.035E-04  2.806E-04  3.118E-04  5.895E-04  9.254E-04  1.064E-03  1.637E-03  2.565E-03  3.469E-03  4.720E-03  6.007E-03  7.620E-03  9.501E-03  1.214E-02  1.489E-02  1.735E-02  2.068E-02  2.277E-02  2.584E-02  2.839E-02  3.026E-02  3.405E-02  3.771E-02  4.133E-02  4.432E-02  4.865E-02  5.113E-02  5.510E-02  5.818E-02  6.276E-02  6.736E-02  7.198E-02  7.418E-02  8.220E-02  8.501E-02  9.289E-02  1.002E-01  1.074E-01  1.121E-01  1.221E-01  1.330E-01  1.404E-01  1.551E-01  1.652E-01  1.780E-01  1.895E-01  2.071E-01  2.249E-01  2.459E-01  2.638E-01  2.913E-01  3.156E-01  3.405E-01  3.679E-01  3.993E-01  4.364E-01  4.687E-01  5.093E-01  5.576E-01  5.933E-01  6.422E-01  6.959E-01  7.505E-01  8.065E-01  8.665E-01  9.274E-01  9.961E-01  1.068E+00  1.141E+00  1.211E+00  1.283E+00  1.370E+00  1.449E+00  1.527E+00  1.617E+00  1.702E+00  1.791E+00  1.883E+00  1.978E+00  2.074E+00  2.164E+00  2.260E+00  2.355E+00  2.458E+00  2.551E+00  2.640E+00  2.737E+00  2.837E+00  2.935E+00  3.037E+00  3.123E+00  3.217E+00  3.300E+00  3.384E+00  3.475E+00  3.565E+00  3.635E+00  3.706E+00  3.802E+00  3.867E+00  3.940E+00  3.997E+00  4.063E+00  4.109E+00  4.167E+00  4.221E+00  4.261E+00  4.313E+00  4.345E+00  4.362E+00  4.406E+00  4.421E+00  4.442E+00  4.458E+00  4.464E+00  4.460E+00  4.454E+00  4.450E+00  4.414E+00  4.390E+00  4.369E+00  4.310E+00  4.266E+00  4.214E+00  4.145E+00  4.081E+00  4.000E+00  3.925E+00  3.827E+00  3.730E+00  3.624E+00  3.520E+00  3.398E+00  3.298E+00  3.173E+00  3.051E+00  2.928E+00  2.813E+00  2.667E+00  2.557E+00  2.428E+00  2.303E+00  2.184E+00  2.055E+00  1.950E+00  1.836E+00  1.721E+00  1.612E+00  1.510E+00  1.413E+00  1.321E+00  1.227E+00  1.144E+00  1.065E+00  9.906E-01  9.198E-01  8.560E-01  7.944E-01  7.377E-01  6.894E-01  6.386E-01  5.970E-01  5.588E-01  5.205E-01  4.940E-01  4.633E-01  4.394E-01  4.154E-01  3.954E-01  3.818E-01  3.654E-01  3.523E-01  3.406E-01  3.304E-01  3.193E-01  3.148E-01  3.053E-01  2.969E-01  2.916E-01  2.846E-01  2.780E-01  2.725E-01  2.661E-01  2.557E-01  2.518E-01  2.453E-01  2.360E-01  2.291E-01  2.210E-01  2.116E-01  2.025E-01  1.931E-01  1.849E-01  1.745E-01  1.660E-01  1.557E-01  1.458E-01  1.359E-01  1.276E-01  1.177E-01  1.091E-01  9.858E-02  9.001E-02  8.223E-02  7.492E-02  6.899E-02  6.201E-02  5.691E-02  5.028E-02  4.571E-02  4.114E-02  3.568E-02  3.145E-02  2.931E-02  2.560E-02  2.220E-02  1.997E-02  1.749E-02  1.538E-02  1.361E-02  1.210E-02  1.033E-02  8.972E-03  8.120E-03  7.031E-03  5.723E-03  5.254E-03  4.581E-03  4.326E-03  3.337E-03  3.138E-03  2.729E-03  2.249E-03  9.400E-03  Z
 0.000E+00  0.000E+00  0.000E+00  0.000E+00  0.000E+00  0.000E+00  0.000E+00  2.977E-05  0.000E+00  0.000E+00  2.508E-05  0.000E+00  2.320E-05  2.218E-05  1.071E-04  1.665E-04  1.003E-04  3.519E-04  3.793E-04  7.408E-04  9.729E-04  1.742E-03  2.428E-03  3.134E-03  4.920E-03  6.143E-03  7.521E-03  9.195E-03  1.195E-02  1.378E-02  1.675E-02  1.964E-02  2.155E-02  2.555E-02  2.811E-02  3.078E-02  3.311E-02  3.494E-02  4.139E-02  4.595E-02  4.552E-02  5.186E-02  5.414E-02  5.820E-02  6.357E-02  6.552E-02  7.004E-02  7.775E-02  8.032E-02  8.570E-02  9.142E-02  9.762E-02  1.040E-01  1.143E-01  1.200E-01  1.298E-01  1.422E-01  1.512E-01  1.638E-01  1.767E-01  1.895E-01  2.028E-01  2.215E-01  2.423E-01  2.648E-01  2.858E-01  3.069E-01  3.361E-01  3.643E-01  3.951E-01  4.270E-01  4.616E-01  5.047E-01  5.477E-01  5.922E-01  6.413E-01  6.914E-01  7.469E-01  7.985E-01  8.580E-01  9.193E-01  9.905E-01  1.053E+00  1.127E+00  1.193E+00  1.280E+00  1.359E+00  1.428E+00  1.524E+00  1.612E+00  1.692E+00  1.787E+00  1.888E+00  1.968E+00  2.062E+00  2.162E+00  2.259E+00  2.360E+00  2.449E+00  2.552E+00  2.648E+00  2.747E+00  2.843E+00  2.936E+00  3.045E+00  3.131E+00  3.219E+00  3.317E+00  3.410E+00  3.496E+00  3.586E+00  3.660E+00  3.744E+00  3.818E+00  3.894E+00  3.962E+00  4.037E+00  4.103E+00  4.170E+00  4.227E+00  4.282E+00  4.329E+00  4.373E+00  4.430E+00  4.455E+00  4.496E+00  4.520E+00  4.552E+00  4.571E+00  4.584E+00  4.589E+00  4.601E+00  4.595E+00  4.581E+00  4.561E+00  4.545E+00  4.512E+00  4.465E+00  4.422E+00  4.365E+00  4.300E+00  4.231E+00  4.161E+00  4.076E+00  3.989E+00  3.891E+00  3.784E+00  3.685E+00  3.563E+00  3.449E+00  3.331E+00  3.208E+00  3.083E+00  2.963E+00  2.831E+00  2.702E+00  2.572E+00  2.443E+00  2.311E+00  2.191E+00  2.071E+00  1.945E+00  1.837E+00  1.722E+00  1.617E+00  1.511E+00  1.414E+00  1.320E+00  1.237E+00  1.146E+00  1.066E+00  9.899E-01  9.239E-01  8.571E-01  7.954E-01  7.396E-01  6.920E-01  6.436E-01  6.041E-01  5.629E-01  5.314E-01  5.017E-01  4.744E-01  4.499E-01  4.306E-01  4.097E-01  3.890E-01  3.767E-01  3.634E-01  3.532E-01  3.417E-01  3.300E-01  3.242E-01  3.148E-01  3.073E-01  2.987E-01  2.955E-01  2.875E-01  2.800E-01  2.713E-01  2.640E-01  2.569E-01  2.486E-01  2.398E-01  2.331E-01  2.230E-01  2.139E-01  2.014E-01  1.944E-01  1.835E-01  1.772E-01  1.625E-01  1.554E-01  1.429E-01  1.335E-01  1.228E-01  1.148E-01  1.049E-01  9.488E-02  8.691E-02  7.895E-02  7.262E-02  6.456E-02  5.828E-02  5.311E-02  4.761E-02  4.289E-02  3.783E-02  3.409E-02  3.027E-02  2.637E-02  2.416E-02  2.058E-02  1.794E-02  1.590E-02  1.412E-02  1.309E-02  1.092E-02  9.528E-03  8.290E-03  7.885E-03  6.406E-03  5.261E-03  4.762E-03  4.444E-03  3.625E-03  3.365E-03  2.877E-03  1.121E-02  Z
 0.000E+00  0.000E+00  0.000E+00  0.000E+00  0.000E+00  0.000E+00  0.000E+00  0.000E+00  0.000E+00  0.000E+00  0.000E+00  7.177E-05  0.000E+00  4.425E-05  2.147E-05  1.039E-04  2.016E-04  1.567E-04  4.741E-04  6.274E-04  8.473E-04  1.760E-03  2.584E-03  2.964E-03  4.261E-03  5.357E-03  6.426E-03  9.537E-03  1.186E-02  1.342E-02  1.568E-02  1.843E-02  2.085E-02  2.438E-02  2.638E-02  3.031E-02  3.224E-02  3.641E-02  4.000E-02  4.345E-02  4.600E-02  4.917E-02  5.244E-02  5.713E-02  5.858E-02  6.465E-02  7.082E-02  7.458E-02  7.898E-02  8.300E-02  8.849E-02  9.579E-02  1.028E-01  1.098E-01  1.168E-01  1.263E-01  1.383E-01  1.494E-01  1.593E-01  1.717E-01  1.843E-01  2.015E-01  2.189E-01  2.357E-01  2.602E-01  2.798E-01  2.998E-01  3.290E-01  3.603E-01  3.896E-01  4.256E-01  4.539E-01  4.980E-01  5.348E-01  5.805E-01  6.235E-01  6.798E-01  7.283E-01  7.839E-01  8.489E-01  9.106E-01  9.783E-01  1.040E+00  1.115E+00  1.188E+00  1.260E+00  1.330E+00  1.425E+00  1.510E+00  1.593E+00  1.682E+00  1.772E+00  1.861E+00  1.958E+00  2.056E+00  2.144E+00  2.245E+00  2.351E+00  2.445E+00  2.544E+00  2.644E+00  2.748E+00  2.845E+00  2.945E+00  3.043E+00  3.141E+00  3.245E+00  3.332E+00  3.429E+00  3.526E+00  3.606E+00  3.707E+00  3.788E+00  3.863E+00  3.947E+00  4.024E+00  4.099E+00  4.170E+00  4.250E+00  4.314E+00  4.383E+00  4.453E+00  4.483E+00  4.555E+00  4.598E+00  4.651E+00  4.679E+00  4.726E+00  4.770E+00  4.792E+00  4.806E+00  4.825E+00  4.820E+00  4.847E+00  4.832E+00  4.823E+00  4.803E+00  4.796E+00  4.759E+00  4.731E+00  4.680E+00  4.624E+00  4.574E+00  4.508E+00  4.430E+00  4.344E+00  4.253E+00  4.165E+00  4.045E+00  3.939E+00  3.827E+00  3.707E+00  3.588E+00  3.462E+00  3.331E+00  3.195E+00  3.062E+00  2.936E+00  2.803E+00  2.659E+00  2.531E+00  2.392E+00  2.269E+00  2.146E+00  2.014E+00  1.901E+00  1.784E+00  1.671E+00  1.565E+00  1.462E+00  1.370E+00  1.275E+00  1.187E+00  1.105E+00  1.028E+00  9.579E-01  8.912E-01  8.333E-01  7.746E-01  7.232E-01  6.767E-01  6.360E-01  5.943E-01  5.661E-01  5.329E-01  5.079E-01  4.783E-01  4.603E-01  4.401E-01  4.208E-01  4.062E-01  3.913E-01  3.789E-01  3.699E-01  3.566E-01  3.442E-01  3.385E-01  3.291E-01  3.175E-01  3.118E-01  3.015E-01  2.920E-01  2.852E-01  2.775E-01  2.683E-01  2.573E-01  2.465E-01  2.398E-01  2.264E-01  2.163E-01  2.061E-01  1.964E-01  1.848E-01  1.716E-01  1.629E-01  1.502E-01  1.426E-01  1.311E-01  1.220E-01  1.126E-01  1.016E-01  9.382E-02  8.462E-02  7.776E-02  6.981E-02  6.299E-02  5.679E-02  5.036E-02  4.649E-02  3.988E-02  3.568E-02  3.187E-02  2.869E-02  2.431E-02  2.244E-02  1.923E-02  1.728E-02  1.540E-02  1.346E-02  1.162E-02  1.050E-02  8.951E-03  8.077E-03  6.944E-03  6.034E-03  5.125E-03  4.495E-03  3.818E-03  1.596E-02  Z
 0.000E+00  0.000E+00  0.000E+00  0.000E+00  0.000E+00  3.503E-05  0.000E+00  0.000E+00  0.000E+00  2.668E-05  2.515E-05  0.000E+00  2.291E-05  8.946E-05  1.289E-04  2.054E-05  8.027E-05  9.751E-05  5.119E-04  5.169E-04  9.207E-04  1.478E-03  1.879E-03  3.386E-03  3.798E-03  5.713E-03  6.892E-03  8.314E-03  1.070E-02  1.242E-02  1.477E-02  1.734E-02  2.044E-02  2.199E-02  2.560E-02  2.944E-02  3.210E-02  3.510E-02  3.744E-02  4.076E-02  4.469E-02  4.863E-02  5.230E-02  5.459E-02  5.777E-02  6.237E-02  6.675E-02  7.184E-02  7.503E-02  8.125E-02  8.771E-02  9.272E-02  1.008E-01  1.063E-01  1.146E-01  1.237E-01  1.326E-01  1.445E-01  1.537E-01  1.682E-01  1.835E-01  1.965E-01  2.125E-01  2.285E-01  2.512E-01  2.700E-01  2.978E-01  3.207E-01  3.448E-01  3.805E-01  4.052E-01  4.464E-01  4.823E-01  5.243E-01  5.648E-01  6.115E-01  6.578E-01  7.093E-01  7.670E-01  8.266E-01  8.837E-01  9.498E-01  1.023E+00  1.092E+00  1.161E+00  1.239E+00  1.316E+00  1.402E+00  1.474E+00  1.573E+00  1.657E+00  1.749E+00  1.843E+00  1.936E+00  2.035E+00  2.129E+00  2.235E+00  2.332E+00  2.429E+00  2.529E+00  2.647E+00  2.743E+00  2.844E+00  2.953E+00  3.053E+00  3.154E+00  3.268E+00  3.363E+00  3.459E+00  3.559E+00  3.656E+00  3.754E+00  3.846E+00  3.943E+00  4.028E+00  4.122E+00  4.191E+00  4.290E+00  4.369E+00  4.430E+00  4.513E+00  4.595E+00  4.669E+00  4.720E+00  4.780E+00  4.862E+00  4.903E+00  4.963E+00  5.006E+00  5.058E+00  5.107E+00  5.144E+00  5.171E+00  5.182E+00  5.223E+00  5.230E+00  5.243E+00  5.248E+00  5.245E+00  5.233E+00  5.209E+00  5.200E+00  5.153E+00  5.117E+00  5.065E+00  5.009E+00  4.936E+00  4.864E+00  4.792E+00  4.689E+00  4.596E+00  4.488E+00  4.385E+00  4.256E+00  4.138E+00  4.009E+00  3.870E+00  3.737E+00  3.596E+00  3.453E+00  3.313E+00  3.178E+00  3.021E+00  2.879E+00  2.738E+00  2.598E+00  2.460E+00  2.326E+00  2.194E+00  2.065E+00  1.937E+00  1.813E+00  1.710E+00  1.600E+00  1.491E+00  1.393E+00  1.303E+00  1.214E+00  1.134E+00  1.058E+00  9.850E-01  9.232E-01  8.616E-01  8.069E-01  7.579E-01  7.125E-01  6.648E-01  6.344E-01  5.970E-01  5.676E-01  5.374E-01  5.175E-01  4.926E-01  4.729E-01  4.567E-01  4.378E-01  4.252E-01  4.099E-01  3.963E-01  3.822E-01  3.728E-01  3.606E-01  3.498E-01  3.378E-01  3.294E-01  3.168E-01  3.078E-01  2.957E-01  2.871E-01  2.736E-01  2.617E-01  2.510E-01  2.402E-01  2.263E-01  2.155E-01  2.050E-01  1.923E-01  1.786E-01  1.657E-01  1.548E-01  1.436E-01  1.346E-01  1.214E-01  1.116E-01  1.047E-01  9.287E-02  8.305E-02  7.679E-02  6.725E-02  6.055E-02  5.516E-02  4.895E-02  4.452E-02  4.008E-02  3.476E-02  3.105E-02  2.766E-02  2.431E-02  2.149E-02  1.935E-02  1.618E-02  1.480E-02  1.263E-02  1.134E-02  1.005E-02  8.667E-03  7.519E-03  6.300E-03  2.578E-02  Z
 0.000E+00  0.000E+00  0.000E+00  0.000E+00  0.000E+00  0.000E+00  0.000E+00  0.000E+00  0.000E+00  0.000E+00  0.000E+00  2.425E-05  4.609E-05  2.207E-05  2.156E-05  8.290E-05  2.007E-04  1.367E-04  4.553E-04  5.551E-04  9.740E-04  1.548E-03  1.826E-03  2.694E-03  3.699E-03  4.579E-03  6.431E-03  7.492E-03  1.030E-02  1.200E-02  1.395E-02  1.720E-02  1.839E-02  2.162E-02  2.374E-02  2.738E-02  3.022E-02  3.267E-02  3.564E-02  3.931E-02  4.253E-02  4.517E-02  4.862E-02  5.330E-02  5.508E-02  6.063E-02  6.651E-02  6.948E-02  7.362E-02  7.954E-02  8.449E-02  8.895E-02  9.457E-02  1.044E-01  1.103E-01  1.191E-01  1.284E-01  1.411E-01  1.513E-01  1.637E-01  1.779E-01  1.868E-01  2.070E-01  2.240E-01  2.450E-01  2.650E-01  2.860E-01  3.105E-01  3.368E-01  3.668E-01  3.962E-01  4.332E-01  4.681E-01  5.080E-01  5.523E-01  6.021E-01  6.452E-01  6.966E-01  7.506E-01  8.033E-01  8.684E-01  9.277E-01  9.996E-01  1.071E+00  1.140E+00  1.210E+00  1.302E+00  1.377E+00  1.459E+00  1.545E+00  1.633E+00  1.723E+00  1.824E+00  1.917E+00  2.019E+00  2.108E+00  2.205E+00  2.305E+00  2.431E+00  2.524E+00  2.626E+00  2.737E+00  2.843E+00  2.955E+00  3.060E+00  3.170E+00  3.276E+00  3.382E+00  3.488E+00  3.591E+00  3.696E+00  3.810E+00  3.906E+00  4.008E+00  4.103E+00  4.207E+00  4.285E+00  4.384E+00  4.480E+00  4.569E+00  4.654E+00  4.742E+00  4.832E+00  4.906E+00  4.984E+00  5.058E+00  5.132E+00  5.203E+00  5.256E+00  5.330E+00  5.394E+00  5.454E+00  5.505E+00  5.557E+00  5.591E+00  5.631E+00  5.669E+00  5.689E+00  5.706E+00  5.722E+00  5.724E+00  5.734E+00  5.716E+00  5.715E+00  5.689E+00  5.669E+00  5.625E+00  5.581E+00  5.520E+00  5.458E+00  5.395E+00  5.309E+00  5.222E+00  5.127E+00  5.014E+00  4.903E+00  4.780E+00  4.643E+00  4.530E+00  4.386E+00  4.243E+00  4.095E+00  3.952E+00  3.790E+00  3.624E+00  3.485E+00  3.331E+00  3.162E+00  3.004E+00  2.854E+00  2.706E+00  2.561E+00  2.416E+00  2.282E+00  2.140E+00  2.016E+00  1.884E+00  1.773E+00  1.659E+00  1.548E+00  1.449E+00  1.351E+00  1.263E+00  1.186E+00  1.107E+00  1.036E+00  9.669E-01  9.078E-01  8.553E-01  8.036E-01  7.542E-01  7.133E-01  6.783E-01  6.415E-01  6.096E-01  5.810E-01  5.571E-01  5.315E-01  5.100E-01  4.937E-01  4.733E-01  4.608E-01  4.433E-01  4.258E-01  4.138E-01  3.975E-01  3.840E-01  3.720E-01  3.581E-01  3.436E-01  3.304E-01  3.189E-01  3.057E-01  2.927E-01  2.801E-01  2.658E-01  2.508E-01  2.371E-01  2.244E-01  2.114E-01  1.997E-01  1.845E-01  1.722E-01  1.601E-01  1.475E-01  1.371E-01  1.235E-01  1.149E-01  1.043E-01  9.524E-02  8.573E-02  7.874E-02  7.020E-02  6.223E-02  5.547E-02  5.008E-02  4.463E-02  3.920E-02  3.533E-02  3.036E-02  2.808E-02  2.414E-02  2.105E-02  1.839E-02  1.623E-02  1.451E-02  1.239E-02  1.120E-02  4.584E-02  Z
 0.000E+00  0.000E+00  0.000E+00  0.000E+00  0.000E+00  0.000E+00  0.000E+00  3.006E-05  0.000E+00  0.000E+00  0.000E+00  2.391E-05  2.331E-05  6.656E-05  6.414E-05  4.164E-05  1.005E-04  1.362E-04  3.235E-04  4.449E-04  7.749E-04  9.154E-04  1.755E-03  2.427E-03  3.106E-03  4.658E-03  5.364E-03  7.526E-03  8.876E-03  1.126E-02  1.271E-02  1.646E-02  1.718E-02  2.024E-02  2.177E-02  2.487E-02  2.863E-02  3.087E-02  3.449E-02  3.783E-02  3.927E-02  4.313E-02  4.648E-02  5.147E-02  5.307E-02  6.002E-02  6.371E-02  6.531E-02  7.069E-02  7.630E-02  8.159E-02  8.849E-02  9.425E-02  9.876E-02  1.067E-01  1.158E-01  1.248E-01  1.355E-01  1.447E-01  1.586E-01  1.694E-01  1.811E-01  2.005E-01  2.188E-01  2.350E-01  2.584E-01  2.783E-01  3.031E-01  3.234E-01  3.582E-01  3.870E-01  4.155E-01  4.580E-01  4.945E-01  5.335E-01  5.784E-01  6.266E-01  6.747E-01  7.321E-01  7.878E-01  8.443E-01  9.153E-01  9.704E-01  1.043E+00  1.116E+00  1.190E+00  1.269E+00  1.350E+00  1.432E+00  1.512E+00  1.610E+00  1.704E+00  1.795E+00  1.883E+00  1.990E+00  2.084E+00  2.190E+00  2.296E+00  2.406E+00  2.513E+00  2.624E+00  2.730E+00  2.836E+00  2.947E+00  3.061E+00  3.171E+00  3.291E+00  3.404E+00  3.520E+00  3.625E+00  3.739E+00  3.848E+00  3.959E+00  4.080E+00  4.184E+00  4.281E+00  4.393E+00  4.485E+00  4.600E+00  4.696E+00  4.795E+00  4.899E+00  4.994E+00  5.082E+00  5.173E+00  5.282E+00  5.367E+00  5.440E+00  5.531E+00  5.623E+00  5.703E+00  5.767E+00  5.843E+00  5.904E+00  5.981E+00  6.040E+00  6.098E+00  6.153E+00  6.206E+00  6.242E+00  6.282E+00  6.297E+00  6.325E+00  6.339E+00  6.346E+00  6.342E+00  6.356E+00  6.329E+00  6.315E+00  6.284E+00  6.242E+00  6.203E+00  6.127E+00  6.068E+00  5.985E+00  5.907E+00  5.817E+00  5.709E+00  5.611E+00  5.479E+00  5.352E+00  5.213E+00  5.070E+00  4.920E+00  4.775E+00  4.611E+00  4.456E+00  4.279E+00  4.108E+00  3.946E+00  3.769E+00  3.595E+00  3.433E+00  3.263E+00  3.098E+00  2.928E+00  2.774E+00  2.622E+00  2.470E+00  2.328E+00  2.182E+00  2.059E+00  1.924E+00  1.797E+00  1.693E+00  1.580E+00  1.478E+00  1.381E+00  1.300E+00  1.212E+00  1.139E+00  1.067E+00  1.005E+00  9.408E-01  8.896E-01  8.342E-01  7.936E-01  7.536E-01  7.153E-01  6.754E-01  6.479E-01  6.173E-01  5.889E-01  5.660E-01  5.443E-01  5.233E-01  5.018E-01  4.828E-01  4.622E-01  4.465E-01  4.320E-01  4.147E-01  3.975E-01  3.817E-01  3.667E-01  3.532E-01  3.376E-01  3.239E-01  3.040E-01  2.919E-01  2.762E-01  2.631E-01  2.441E-01  2.293E-01  2.155E-01  2.017E-01  1.867E-01  1.720E-01  1.596E-01  1.469E-01  1.335E-01  1.227E-01  1.117E-01  1.021E-01  9.194E-02  8.271E-02  7.430E-02  6.686E-02  5.855E-02  5.359E-02  4.807E-02  4.209E-02  3.686E-02  3.293E-02  2.880E-02  2.525E-02  2.212E-02  1.943E-02  8.264E-02  Z
 0.000E+00  0.000E+00  0.000E+00  0.000E+00  0.000E+00  0.000E+00  0.000E+00  0.000E+00  2.806E-05  0.000E+00  2.498E-05  2.405E-05  0.000E+00  8.952E-05  0.000E+00  1.247E-04  1.417E-04  2.145E-04  1.707E-04  4.257E-04  7.390E-04  7.576E-04  1.431E-03  2.525E-03  2.802E-03  4.417E-03  5.650E-03  7.214E-03  8.400E-03  1.031E-02  1.259E-02  1.438E-02  1.684E-02  1.920E-02  2.321E-02  2.431E-02  2.643E-02  2.969E-02  3.314E-02  3.605E-02  3.884E-02  4.184E-02  4.558E-02  4.943E-02  5.446E-02  5.805E-02  6.018E-02  6.641E-02  6.981E-02  7.391E-02  7.943E-02  8.475E-02  9.117E-02  9.707E-02  1.060E-01  1.125E-01  1.220E-01  1.314E-01  1.421E-01  1.533E-01  1.662E-01  1.816E-01  1.966E-01  2.137E-01  2.338E-01  2.513E-01  2.705E-01  2.956E-01  3.189E-01  3.492E-01  3.784E-01  4.102E-01  4.446E-01  4.828E-01  5.240E-01  5.667E-01  6.180E-01  6.624E-01  7.156E-01  7.777E-01  8.332E-01  8.938E-01  9.576E-01  1.022E+00  1.103E+00  1.174E+00  1.257E+00  1.333E+00  1.420E+00  1.501E+00  1.598E+00  1.686E+00  1.789E+00  1.878E+00  1.976E+00  2.071E+00  2.185E+00  2.287E+00  2.396E+00  2.501E+00  2.609E+00  2.709E+00  2.840E+00  2.955E+00  3.074E+00  3.178E+00  3.294E+00  3.415E+00  3.531E+00  3.643E+00  3.761E+00  3.875E+00  3.995E+00  4.113E+00  4.227E+00  4.335E+00  4.444E+00  4.573E+00  4.665E+00  4.774E+00  4.887E+00  5.001E+00  5.105E+00  5.215E+00  5.314E+00  5.423E+00  5.505E+00  5.615E+00  5.710E+00  5.807E+00  5.896E+00  5.991E+00  6.059E+00  6.153E+00  6.228E+00  6.318E+00  6.390E+00  6.464E+00  6.515E+00  6.570E+00  6.635E+00  6.671E+00  6.710E+00  6.762E+00  6.781E+00  6.808E+00  6.840E+00  6.835E+00  6.844E+00  6.822E+00  6.828E+00  6.800E+00  6.762E+00  6.715E+00  6.664E+00  6.612E+00  6.524E+00  6.456E+00  6.368E+00  6.259E+00  6.152E+00  6.031E+00  5.907E+00  5.773E+00  5.634E+00  5.466E+00  5.311E+00  5.168E+00  4.999E+00  4.819E+00  4.645E+00  4.455E+00  4.278E+00  4.096E+00  3.916E+00  3.726E+00  3.542E+00  3.367E+00  3.200E+00  3.019E+00  2.857E+00  2.698E+00  2.543E+00  2.393E+00  2.241E+00  2.107E+00  1.978E+00  1.860E+00  1.738E+00  1.625E+00  1.525E+00  1.428E+00  1.336E+00  1.256E+00  1.180E+00  1.110E+00  1.042E+00  9.781E-01  9.269E-01  8.721E-01  8.274E-01  7.833E-01  7.443E-01  7.114E-01  6.725E-01  6.439E-01  6.169E-01  5.900E-01  5.646E-01  5.434E-01  5.187E-01  5.012E-01  4.795E-01  4.598E-01  4.420E-01  4.274E-01  4.067E-01  3.900E-01  3.714E-01  3.563E-01  3.406E-01  3.218E-01  3.087E-01  2.876E-01  2.720E-01  2.582E-01  2.402E-01  2.257E-01  2.109E-01  1.962E-01  1.789E-01  1.665E-01  1.538E-01  1.393E-01  1.268E-01  1.163E-01  1.041E-01  9.382E-02  8.460E-02  7.596E-02  6.863E-02  6.128E-02  5.324E-02  4.862E-02  4.286E-02  3.722E-02  3.393E-02  2.952E-02  1.254E-01  Z
 0.000E+00  0.000E+00  0.000E+00  0.000E+00  0.000E+00  0.000E+00  0.000E+00  0.000E+00  0.000E+00  0.000E+00  0.000E+00  2.419E-05  4.615E-05  4.452E-05  0.000E+00  1.248E-04  8.034E-05  7.824E-05  2.653E-04  4.999E-04  8.474E-04  8.807E-04  1.650E-03  2.158E-03  2.938E-03  3.805E-03  4.918E-03  6.228E-03  7.650E-03  8.963E-03  1.141E-02  1.344E-02  1.625E-02  1.860E-02  2.049E-02  2.281E-02  2.551E-02  2.982E-02  3.242E-02  3.531E-02  3.918E-02  4.177E-02  4.477E-02  4.796E-02  5.196E-02  5.403E-02  5.887E-02  6.196E-02  6.748E-02  7.143E-02  7.713E-02  8.178E-02  8.915E-02  9.509E-02  1.009E-01  1.099E-01  1.195E-01  1.267E-01  1.390E-01  1.488E-01  1.630E-01  1.761E-01  1.919E-01  2.064E-01  2.236E-01  2.466E-01  2.641E-01  2.834E-01  3.109E-01  3.400E-01  3.668E-01  4.011E-01  4.334E-01  4.697E-01  5.077E-01  5.490E-01  5.985E-01  6.448E-01  6.967E-01  7.581E-01  8.150E-01  8.745E-01  9.406E-01  1.004E+00  1.081E+00  1.152E+00  1.238E+00  1.304E+00  1.389E+00  1.486E+00  1.565E+00  1.662E+00  1.749E+00  1.848E+00  1.948E+00  2.055E+00  2.161E+00  2.264E+00  2.372E+00  2.484E+00  2.608E+00  2.715E+00  2.834E+00  2.955E+00  3.068E+00  3.190E+00  3.306E+00  3.427E+00  3.549E+00  3.669E+00  3.791E+00  3.914E+00  4.039E+00  4.164E+00  4.294E+00  4.414E+00  4.533E+00  4.660E+00  4.770E+00  4.889E+00  5.015E+00  5.127E+00  5.244E+00  5.381E+00  5.485E+00  5.601E+00  5.702E+00  5.830E+00  5.943E+00  6.049E+00  6.164E+00  6.272E+00  6.381E+00  6.477E+00  6.583E+00  6.678E+00  6.779E+00  6.856E+00  6.951E+00  7.043E+00  7.126E+00  7.192E+00  7.267E+00  7.325E+00  7.381E+00  7.424E+00  7.469E+00  7.526E+00  7.539E+00  7.575E+00  7.582E+00  7.600E+00  7.593E+00  7.590E+00  7.562E+00  7.535E+00  7.500E+00  7.449E+00  7.411E+00  7.336E+00  7.267E+00  7.180E+00  7.089E+00  6.969E+00  6.858E+00  6.722E+00  6.587E+00  6.431E+00  6.286E+00  6.125E+00  5.947E+00  5.775E+00  5.593E+00  5.387E+00  5.213E+00  5.010E+00  4.805E+00  4.606E+00  4.425E+00  4.214E+00  4.016E+00  3.822E+00  3.623E+00  3.435E+00  3.254E+00  3.083E+00  2.897E+00  2.737E+00  2.583E+00  2.423E+00  2.270E+00  2.138E+00  1.998E+00  1.870E+00  1.754E+00  1.645E+00  1.542E+00  1.448E+00  1.360E+00  1.275E+00  1.203E+00  1.134E+00  1.060E+00  1.001E+00  9.528E-01  8.941E-01  8.470E-01  8.051E-01  7.655E-01  7.322E-01  6.990E-01  6.665E-01  6.351E-01  6.077E-01  5.808E-01  5.593E-01  5.358E-01  5.106E-01  4.895E-01  4.715E-01  4.468E-01  4.257E-01  4.097E-01  3.899E-01  3.703E-01  3.541E-01  3.325E-01  3.145E-01  2.951E-01  2.782E-01  2.576E-01  2.434E-01  2.280E-01  2.095E-01  1.916E-01  1.770E-01  1.631E-01  1.491E-01  1.354E-01  1.245E-01  1.113E-01  1.000E-01  8.995E-02  8.029E-02  7.328E-02  6.416E-02  5.683E-02  5.044E-02  2.236E-01  Z
 0.000E+00  0.000E+00  0.000E+00  0.000E+00  0.000E+00  0.000E+00  0.000E+00  0.000E+00  0.000E+00  0.000E+00  0.000E+00  4.838E-05  0.000E+00  0.000E+00  8.543E-05  1.453E-04  6.074E-05  1.564E-04  2.275E-04  6.286E-04  5.954E-04  7.741E-04  1.325E-03  1.702E-03  2.310E-03  3.933E-03  4.919E-03  5.809E-03  7.931E-03  9.096E-03  1.104E-02  1.270E-02  1.592E-02  1.705E-02  2.024E-02  2.205E-02  2.515E-02  2.734E-02  3.140E-02  3.386E-02  3.720E-02  3.896E-02  4.296E-02  4.605E-02  4.868E-02  5.508E-02  5.845E-02  6.111E-02  6.647E-02  7.005E-02  7.771E-02  8.167E-02  8.455E-02  9.301E-02  9.961E-02  1.060E-01  1.173E-01  1.239E-01  1.365E-01  1.440E-01  1.585E-01  1.724E-01  1.850E-01  2.039E-01  2.182E-01  2.378E-01  2.609E-01  2.833E-01  3.066E-01  3.318E-01  3.566E-01  3.922E-01  4.261E-01  4.609E-01  5.028E-01  5.438E-01  5.905E-01  6.372E-01  6.910E-01  7.413E-01  8.000E-01  8.625E-01  9.250E-01  9.886E-01  1.065E+00  1.141E+00  1.216E+00  1.293E+00  1.372E+00  1.466E+00  1.541E+00  1.640E+00  1.741E+00  1.840E+00  1.939E+00  2.041E+00  2.150E+00  2.251E+00  2.366E+00  2.480E+00  2.588E+00  2.711E+00  2.816E+00  2.946E+00  3.067E+00  3.190E+00  3.302E+00  3.422E+00  3.553E+00  3.691E+00  3.817E+00  3.943E+00  4.061E+00  4.202E+00  4.321E+00  4.439E+00  4.577E+00  4.702E+00  4.840E+00  4.957E+00  5.089E+00  5.208E+00  5.341E+00  5.471E+00  5.607E+00  5.725E+00  5.855E+00  5.978E+00  6.095E+00  6.214E+00  6.338E+00  6.464E+00  6.582E+00  6.699E+00  6.816E+00  6.928E+00  7.031E+00  7.153E+00  7.243E+00  7.336E+00  7.442E+00  7.530E+00  7.622E+00  7.700E+00  7.783E+00  7.862E+00  7.920E+00  7.983E+00  8.037E+00  8.075E+00  8.129E+00  8.154E+00  8.177E+00  8.182E+00  8.195E+00  8.177E+00  8.167E+00  8.153E+00  8.110E+00  8.078E+00  8.018E+00  7.953E+00  7.896E+00  7.814E+00  7.709E+00  7.608E+00  7.490E+00  7.366E+00  7.233E+00  7.083E+00  6.926E+00  6.767E+00  6.592E+00  6.403E+00  6.201E+00  6.019E+00  5.813E+00  5.607E+00  5.403E+00  5.191E+00  4.974E+00  4.768E+00  4.547E+00  4.341E+00  4.133E+00  3.924E+00  3.725E+00  3.528E+00  3.335E+00  3.146E+00  2.959E+00  2.791E+00  2.620E+00  2.476E+00  2.318E+00  2.172E+00  2.040E+00  1.912E+00  1.793E+00  1.682E+00  1.581E+00  1.476E+00  1.386E+00  1.306E+00  1.224E+00  1.157E+00  1.089E+00  1.028E+00  9.716E-01  9.207E-01  8.640E-01  8.335E-01  7.911E-01  7.526E-01  7.170E-01  6.864E-01  6.541E-01  6.254E-01  5.973E-01  5.736E-01  5.446E-01  5.218E-01  4.969E-01  4.764E-01  4.538E-01  4.318E-01  4.137E-01  3.895E-01  3.732E-01  3.477E-01  3.291E-01  3.072E-01  2.896E-01  2.684E-01  2.505E-01  2.346E-01  2.159E-01  1.984E-01  1.833E-01  1.660E-01  1.522E-01  1.406E-01  1.257E-01  1.142E-01  1.018E-01  9.091E-02  8.287E-02  7.377E-02  3.308E-01  Z
 0.000E+00  0.000E+00  0.000E+00  0.000E+00  0.000E+00  0.000E+00  0.000E+00  0.000E+00  0.000E+00  0.000E+00  5.059E-05  0.000E+00  2.335E-05  2.217E-05  0.000E+00  1.451E-04  1.005E-04  1.565E-04  2.281E-04  1.295E-04  5.613E-04  7.923E-04  1.396E-03  1.800E-03  2.675E-03  3.298E-03  4.223E-03  5.157E-03  7.084E-03  8.631E-03  1.057E-02  1.229E-02  1.415E-02  1.465E-02  1.844E-02  2.160E-02  2.433E-02  2.555E-02  2.982E-02  3.348E-02  3.510E-02  3.885E-02  4.194E-02  4.479E-02  4.774E-02  5.332E-02  5.431E-02  5.897E-02  6.452E-02  6.838E-02  7.339E-02  7.867E-02  8.397E-02  9.077E-02  9.690E-02  1.051E-01  1.126E-01  1.194E-01  1.294E-01  1.408E-01  1.531E-01  1.682E-01  1.804E-01  1.979E-01  2.143E-01  2.308E-01  2.513E-01  2.721E-01  3.009E-01  3.214E-01  3.557E-01  3.817E-01  4.126E-01  4.493E-01  4.874E-01  5.316E-01  5.756E-01  6.260E-01  6.702E-01  7.259E-01  7.840E-01  8.439E-01  9.091E-01  9.712E-01  1.046E+00  1.112E+00  1.195E+00  1.274E+00  1.354E+00  1.441E+00  1.531E+00  1.617E+00  1.716E+00  1.819E+00  1.913E+00  2.021E+00  2.126E+00  2.235E+00  2.344E+00  2.458E+00  2.576E+00  2.697E+00  2.817E+00  2.932E+00  3.073E+00  3.188E+00  3.304E+00  3.447E+00  3.580E+00  3.700E+00  3.822E+00  3.962E+00  4.098E+00  4.232E+00  4.362E+00  4.509E+00  4.642E+00  4.775E+00  4.919E+00  5.039E+00  5.188E+00  5.334E+00  5.467E+00  5.594E+00  5.743E+00  5.878E+00  6.025E+00  6.170E+00  6.311E+00  6.436E+00  6.575E+00  6.718E+00  6.857E+00  6.991E+00  7.124E+00  7.257E+00  7.387E+00  7.525E+00  7.654E+00  7.767E+00  7.877E+00  8.008E+00  8.117E+00  8.227E+00  8.325E+00  8.425E+00  8.519E+00  8.611E+00  8.698E+00  8.763E+00  8.863E+00  8.903E+00  8.963E+00  9.011E+00  9.052E+00  9.064E+00  9.083E+00  9.101E+00  9.106E+00  9.085E+00  9.087E+00  9.043E+00  9.014E+00  8.967E+00  8.894E+00  8.843E+00  8.755E+00  8.673E+00  8.558E+00  8.441E+00  8.309E+00  8.168E+00  8.026E+00  7.862E+00  7.685E+00  7.506E+00  7.309E+00  7.131E+00  6.916E+00  6.691E+00  6.493E+00  6.271E+00  6.044E+00  5.801E+00  5.569E+00  5.333E+00  5.100E+00  4.877E+00  4.641E+00  4.412E+00  4.196E+00  3.976E+00  3.756E+00  3.561E+00  3.347E+00  3.155E+00  2.976E+00  2.803E+00  2.634E+00  2.455E+00  2.318E+00  2.171E+00  2.033E+00  1.908E+00  1.789E+00  1.675E+00  1.576E+00  1.479E+00  1.391E+00  1.309E+00  1.232E+00  1.160E+00  1.099E+00  1.039E+00  9.851E-01  9.317E-01  8.840E-01  8.429E-01  8.036E-01  7.646E-01  7.278E-01  6.921E-01  6.596E-01  6.343E-01  6.038E-01  5.731E-01  5.469E-01  5.208E-01  4.947E-01  4.716E-01  4.456E-01  4.227E-01  3.982E-01  3.761E-01  3.544E-01  3.301E-01  3.108E-01  2.879E-01  2.686E-01  2.479E-01  2.294E-01  2.101E-01  1.928E-01  1.781E-01  1.614E-01  1.479E-01  1.333E-01  1.191E-01  5.603E-01  Z
 0.000E+00  0.000E+00  0.000E+00  0.000E+00  0.000E+00  0.000E+00  0.000E+00  0.000E+00  0.000E+00  0.000E+00  0.000E+00  4.853E-05  4.593E-05  0.000E+00  4.290E-05  6.275E-05  4.058E-05  1.175E-04  2.281E-04  4.062E-04  5.049E-04  9.154E-04  1.273E-03  1.736E-03  2.443E-03  3.415E-03  4.061E-03  5.252E-03  6.325E-03  8.242E-03  1.012E-02  1.143E-02  1.330E-02  1.508E-02  1.818E-02  1.960E-02  2.315E-02  2.594E-02  2.792E-02  2.968E-02  3.338E-02  3.654E-02  3.836E-02  4.278E-02  4.812E-02  4.999E-02  5.493E-02  5.679E-02  6.313E-02  6.620E-02  7.190E-02  7.469E-02  8.350E-02  8.521E-02  9.259E-02  1.005E-01  1.083E-01  1.183E-01  1.273E-01  1.354E-01  1.472E-01  1.620E-01  1.726E-01  1.920E-01  2.065E-01  2.242E-01  2.436E-01  2.625E-01  2.859E-01  3.137E-01  3.389E-01  3.709E-01  4.047E-01  4.394E-01  4.742E-01  5.137E-01  5.635E-01  6.046E-01  6.512E-01  7.115E-01  7.657E-01  8.241E-01  8.830E-01  9.487E-01  1.017E+00  1.090E+00  1.165E+00  1.251E+00  1.329E+00  1.411E+00  1.498E+00  1.591E+00  1.678E+00  1.779E+00  1.892E+00  1.995E+00  2.099E+00  2.206E+00  2.323E+00  2.442E+00  2.555E+00  2.672E+00  2.800E+00  2.930E+00  3.049E+00  3.190E+00  3.309E+00  3.440E+00  3.568E+00  3.722E+00  3.856E+00  4.000E+00  4.133E+00  4.277E+00  4.421E+00  4.564E+00  4.709E+00  4.851E+00  4.995E+00  5.151E+00  5.296E+00  5.467E+00  5.613E+00  5.775E+00  5.909E+00  6.065E+00  6.226E+00  6.383E+00  6.542E+00  6.705E+00  6.859E+00  7.011E+00  7.181E+00  7.340E+00  7.485E+00  7.655E+00  7.815E+00  7.958E+00  8.107E+00  8.277E+00  8.420E+00  8.568E+00  8.706E+00  8.843E+00  8.989E+00  9.133E+00  9.237E+00  9.376E+00  9.497E+00  9.616E+00  9.726E+00  9.813E+00  9.910E+00  1.001E+01  1.008E+01  1.016E+01  1.021E+01  1.029E+01  1.032E+01  1.035E+01  1.038E+01  1.040E+01  1.041E+01  1.041E+01  1.040E+01  1.038E+01  1.033E+01  1.029E+01  1.023E+01  1.016E+01  1.006E+01  9.976E+00  9.856E+00  9.743E+00  9.609E+00  9.471E+00  9.314E+00  9.131E+00  8.942E+00  8.776E+00  8.562E+00  8.344E+00  8.145E+00  7.898E+00  7.657E+00  7.423E+00  7.162E+00  6.904E+00  6.654E+00  6.393E+00  6.136E+00  5.868E+00  5.608E+00  5.354E+00  5.085E+00  4.838E+00  4.598E+00  4.359E+00  4.120E+00  3.884E+00  3.667E+00  3.460E+00  3.253E+00  3.050E+00  2.878E+00  2.692E+00  2.535E+00  2.364E+00  2.229E+00  2.092E+00  1.952E+00  1.839E+00  1.725E+00  1.623E+00  1.522E+00  1.425E+00  1.349E+00  1.275E+00  1.203E+00  1.136E+00  1.073E+00  1.017E+00  9.643E-01  9.124E-01  8.679E-01  8.252E-01  7.856E-01  7.460E-01  7.098E-01  6.791E-01  6.426E-01  6.109E-01  5.829E-01  5.558E-01  5.233E-01  4.940E-01  4.665E-01  4.391E-01  4.126E-01  3.889E-01  3.616E-01  3.380E-01  3.151E-01  2.932E-01  2.701E-01  2.488E-01  2.280E-01  2.091E-01  1.046E+00  Z
