e+
Z
Z
Z
Z
Z
Z
Z
Z
Z
Z
Z
Z
Z
Z
Z
Z
Z
Z
Z
Z
Z
Z
Z
Z
Z
 0.000E+00  0.000E+00  0.000E+00  0.000E+00  0.000E+00  0.000E+00  0.000E+00  0.000E+00  0.000E+00  0.000E+00  0.000E+00  0.000E+00  0.000E+00  0.000E+00  0.000E+00  0.000E+00  0.000E+00  0.000E+00  0.000E+00  0.000E+00  0.000E+00  0.000E+00  0.000E+00  0.000E+00  0.000E+00  4.005E-04  7.294E-03  1.771E-02  2.839E-02  3.753E-02  4.885E-02  6.178E-02  7.069E-02  8.142E-02  9.140E-02  1.030E-01  1.085E-01  1.112E-01  1.122E-01  1.112E-01  1.110E-01  1.124E-01  1.103E-01  1.109E-01  1.107E-01  1.112E-01  1.141E-01  1.131E-01  1.142E-01  1.156E-01  1.198E-01  1.205E-01  1.244E-01  1.294E-01  1.332E-01  1.387E-01  1.414E-01  1.474E-01  1.552E-01  1.607E-01  1.651E-01  1.732E-01  1.784E-01  1.857E-01  1.923E-01  1.990E-01  2.081E-01  2.188E-01  2.303E-01  2.422E-01  2.630E-01  2.834E-01  3.033E-01  3.282E-01  3.554E-01  3.887E-01  4.170E-01  4.581E-01  4.993E-01  5.415E-01  5.927E-01  6.416E-01  6.993E-01  7.614E-01  8.300E-01  8.996E-01  9.734E-01  1.058E+00  1.150E+00  1.240E+00  1.343E+00  1.448E+00  1.552E+00  1.669E+00  1.789E+00  1.916E+00  2.053E+00  2.187E+00  2.327E+00  2.481E+00  2.617E+00  2.784E+00  2.936E+00  3.099E+00  3.259E+00  3.418E+00  3.591E+00  3.769E+00  3.938E+00  4.097E+00  4.282E+00  4.446E+00  4.629E+00  4.801E+00  4.978E+00  5.149E+00  5.306E+00  5.487E+00  5.631E+00  5.790E+00  5.944E+00  6.081E+00  6.197E+00  6.340E+00  6.450E+00  6.565E+00  6.648E+00  6.743E+00  6.825E+00  6.883E+00  6.938E+00  6.980E+00  7.015E+00  7.022E+00  7.015E+00  6.997E+00  6.972E+00  6.932E+00  6.871E+00  6.781E+00  6.703E+00  6.584E+00  6.475E+00  6.344E+00  6.198E+00  6.040E+00  5.862E+00  5.710E+00  5.507E+00  5.327E+00  5.116E+00  4.919E+00  4.725E+00  4.504E+00  4.295E+00  4.092E+00  3.873E+00  3.663E+00  3.463E+00  3.260E+00  3.061E+00  2.863E+00  2.689E+00  2.512E+00  2.338E+00  2.175E+00  2.022E+00  1.866E+00  1.724E+00  1.601E+00  1.470E+00  1.360E+00  1.248E+00  1.160E+00  1.075E+00  9.920E-01  9.140E-01  8.524E-01  7.934E-01  7.377E-01  6.906E-01  6.465E-01  6.120E-01  5.767E-01  5.503E-01  5.273E-01  5.068E-01  4.899E-01  4.781E-01  4.627E-01  4.564E-01  4.488E-01  4.421E-01  4.370E-01  4.279E-01  4.258E-01  4.206E-01  4.111E-01  4.067E-01  4.032E-01  3.936E-01  3.875E-01  3.759E-01  3.667E-01  3.551E-01  3.455E-01  3.294E-01  3.168E-01  3.032E-01  2.845E-01  2.701E-01  2.536E-01  2.379E-01  2.217E-01  2.060E-01  1.912E-01  1.743E-01  1.620E-01  1.476E-01  1.340E-01  1.216E-01  1.100E-01  9.871E-02  8.912E-02  7.914E-02  7.034E-02  6.429E-02  5.710E-02  5.068E-02  4.455E-02  4.003E-02  3.573E-02  3.097E-02  2.709E-02  2.409E-02  2.114E-02  1.881E-02  1.632E-02  1.395E-02  1.250E-02  1.098E-02  9.340E-03  8.313E-03  7.156E-03  6.225E-03  5.511E-03  4.477E-03  4.216E-03  1.693E-02  Z
 0.000E+00  0.000E+00  0.000E+00  0.000E+00  0.000E+00  0.000E+00  0.000E+00  0.000E+00  0.000E+00  0.000E+00  0.000E+00  0.000E+00  0.000E+00  0.000E+00  0.000E+00  0.000E+00  0.000E+00  9.318E-04  3.816E-03  7.365E-03  1.164E-02  1.530E-02  2.059E-02  2.550E-02  2.817E-02  3.207E-02  3.788E-02  4.205E-02  4.505E-02  4.868E-02  5.469E-02  5.722E-02  6.063E-02  6.416E-02  7.013E-02  7.165E-02  7.398E-02  7.932E-02  8.163E-02  8.520E-02  8.762E-02  9.044E-02  9.674E-02  9.808E-02  1.031E-01  1.037E-01  1.105E-01  1.161E-01  1.193E-01  1.221E-01  1.260E-01  1.274E-01  1.321E-01  1.329E-01  1.366E-01  1.392E-01  1.453E-01  1.504E-01  1.571E-01  1.602E-01  1.635E-01  1.729E-01  1.781E-01  1.866E-01  1.974E-01  2.067E-01  2.160E-01  2.291E-01  2.441E-01  2.609E-01  2.809E-01  2.988E-01  3.202E-01  3.447E-01  3.708E-01  4.024E-01  4.354E-01  4.741E-01  5.129E-01  5.532E-01  6.033E-01  6.575E-01  7.083E-01  7.768E-01  8.372E-01  9.097E-01  9.771E-01  1.059E+00  1.144E+00  1.233E+00  1.324E+00  1.429E+00  1.532E+00  1.644E+00  1.764E+00  1.882E+00  2.006E+00  2.136E+00  2.270E+00  2.417E+00  2.556E+00  2.709E+00  2.856E+00  3.003E+00  3.164E+00  3.334E+00  3.498E+00  3.648E+00  3.828E+00  3.994E+00  4.176E+00  4.338E+00  4.496E+00  4.674E+00  4.841E+00  5.009E+00  5.176E+00  5.341E+00  5.497E+00  5.665E+00  5.800E+00  5.931E+00  6.083E+00  6.214E+00  6.340E+00  6.452E+00  6.560E+00  6.663E+00  6.757E+00  6.817E+00  6.897E+00  6.958E+00  6.992E+00  7.033E+00  7.045E+00  7.061E+00  7.037E+00  7.011E+00  6.976E+00  6.909E+00  6.845E+00  6.751E+00  6.653E+00  6.546E+00  6.420E+00  6.283E+00  6.124E+00  5.977E+00  5.804E+00  5.623E+00  5.432E+00  5.230E+00  5.031E+00  4.835E+00  4.620E+00  4.417E+00  4.200E+00  3.995E+00  3.785E+00  3.566E+00  3.363E+00  3.176E+00  2.978E+00  2.787E+00  2.609E+00  2.430E+00  2.264E+00  2.104E+00  1.962E+00  1.812E+00  1.676E+00  1.550E+00  1.430E+00  1.320E+00  1.220E+00  1.128E+00  1.044E+00  9.688E-01  8.990E-01  8.331E-01  7.804E-01  7.278E-01  6.807E-01  6.408E-01  6.077E-01  5.790E-01  5.534E-01  5.290E-01  5.135E-01  4.968E-01  4.871E-01  4.723E-01  4.637E-01  4.554E-01  4.464E-01  4.406E-01  4.338E-01  4.300E-01  4.233E-01  4.148E-01  4.061E-01  4.008E-01  3.895E-01  3.804E-01  3.727E-01  3.587E-01  3.462E-01  3.333E-01  3.182E-01  3.056E-01  2.888E-01  2.736E-01  2.569E-01  2.409E-01  2.244E-01  2.113E-01  1.936E-01  1.788E-01  1.632E-01  1.491E-01  1.380E-01  1.245E-01  1.134E-01  1.012E-01  9.119E-02  8.258E-02  7.456E-02  6.593E-02  5.845E-02  5.234E-02  4.658E-02  4.042E-02  3.606E-02  3.186E-02  2.904E-02  2.483E-02  2.147E-02  1.934E-02  1.626E-02  1.491E-02  1.275E-02  1.146E-02  9.748E-03  8.791E-03  7.419E-03  6.312E-03  5.410E-03  4.879E-03  1.984E-02  Z
 0.000E+00  0.000E+00  0.000E+00  0.000E+00  0.000E+00  0.000E+00  0.000E+00  0.000E+00  0.000E+00  0.000E+00  0.000E+00  3.365E-04  1.522E-03  4.381E-03  6.311E-03  9.317E-03  1.111E-02  1.434E-02  1.795E-02  2.142E-02  2.435E-02  2.729E-02  2.893E-02  3.316E-02  3.545E-02  3.901E-02  4.085E-02  4.601E-02  4.678E-02  4.908E-02  5.307E-02  5.536E-02  5.794E-02  6.055E-02  6.367E-02  6.621E-02  6.761E-02  7.058E-02  7.474E-02  7.749E-02  7.740E-02  8.280E-02  8.597E-02  8.876E-02  9.445E-02  9.429E-02  9.727E-02  1.031E-01  1.075E-01  1.114E-01  1.138E-01  1.183E-01  1.210E-01  1.293E-01  1.329E-01  1.402E-01  1.421E-01  1.494E-01  1.520E-01  1.626E-01  1.658E-01  1.734E-01  1.846E-01  1.922E-01  2.005E-01  2.120E-01  2.249E-01  2.345E-01  2.532E-01  2.712E-01  2.906E-01  3.111E-01  3.344E-01  3.586E-01  3.842E-01  4.180E-01  4.476E-01  4.882E-01  5.255E-01  5.655E-01  6.140E-01  6.671E-01  7.232E-01  7.843E-01  8.454E-01  9.118E-01  9.848E-01  1.057E+00  1.137E+00  1.220E+00  1.308E+00  1.407E+00  1.502E+00  1.612E+00  1.721E+00  1.839E+00  1.959E+00  2.079E+00  2.207E+00  2.347E+00  2.484E+00  2.626E+00  2.775E+00  2.917E+00  3.074E+00  3.225E+00  3.384E+00  3.557E+00  3.710E+00  3.870E+00  4.039E+00  4.209E+00  4.367E+00  4.541E+00  4.701E+00  4.871E+00  5.044E+00  5.189E+00  5.365E+00  5.506E+00  5.661E+00  5.817E+00  5.976E+00  6.117E+00  6.241E+00  6.393E+00  6.497E+00  6.628E+00  6.730E+00  6.819E+00  6.911E+00  6.984E+00  7.071E+00  7.127E+00  7.167E+00  7.180E+00  7.224E+00  7.220E+00  7.205E+00  7.190E+00  7.157E+00  7.112E+00  7.039E+00  6.958E+00  6.864E+00  6.756E+00  6.638E+00  6.506E+00  6.363E+00  6.181E+00  6.014E+00  5.848E+00  5.657E+00  5.464E+00  5.255E+00  5.067E+00  4.844E+00  4.645E+00  4.417E+00  4.204E+00  3.993E+00  3.774E+00  3.574E+00  3.367E+00  3.167E+00  2.974E+00  2.787E+00  2.608E+00  2.437E+00  2.260E+00  2.107E+00  1.955E+00  1.810E+00  1.682E+00  1.559E+00  1.436E+00  1.333E+00  1.241E+00  1.141E+00  1.059E+00  9.826E-01  9.135E-01  8.556E-01  7.987E-01  7.522E-01  7.095E-01  6.713E-01  6.340E-01  6.056E-01  5.791E-01  5.598E-01  5.431E-01  5.234E-01  5.092E-01  4.974E-01  4.876E-01  4.766E-01  4.680E-01  4.586E-01  4.513E-01  4.432E-01  4.358E-01  4.258E-01  4.171E-01  4.049E-01  3.946E-01  3.836E-01  3.737E-01  3.571E-01  3.467E-01  3.296E-01  3.153E-01  2.975E-01  2.814E-01  2.627E-01  2.462E-01  2.319E-01  2.141E-01  1.996E-01  1.843E-01  1.680E-01  1.543E-01  1.417E-01  1.284E-01  1.141E-01  1.038E-01  9.421E-02  8.319E-02  7.486E-02  6.711E-02  5.992E-02  5.366E-02  4.740E-02  4.198E-02  3.756E-02  3.317E-02  2.857E-02  2.551E-02  2.242E-02  1.940E-02  1.731E-02  1.513E-02  1.238E-02  1.151E-02  1.041E-02  8.406E-03  7.638E-03  6.209E-03  2.687E-02  Z
 0.000E+00  0.000E+00  0.000E+00  0.000E+00  0.000E+00  0.000E+00  0.000E+00  3.282E-04  1.204E-03  2.941E-03  3.857E-03  6.797E-03  7.787E-03  1.067E-02  1.286E-02  1.488E-02  1.714E-02  1.934E-02  2.227E-02  2.418E-02  2.513E-02  2.898E-02  3.160E-02  3.475E-02  3.759E-02  3.939E-02  4.241E-02  4.436E-02  4.780E-02  4.822E-02  5.009E-02  5.365E-02  5.595E-02  5.882E-02  6.103E-02  6.480E-02  6.404E-02  6.800E-02  7.051E-02  7.345E-02  7.435E-02  7.825E-02  8.102E-02  8.541E-02  8.921E-02  8.937E-02  9.363E-02  9.634E-02  1.012E-01  1.043E-01  1.083E-01  1.117E-01  1.168E-01  1.216E-01  1.249E-01  1.291E-01  1.349E-01  1.398E-01  1.471E-01  1.523E-01  1.593E-01  1.703E-01  1.762E-01  1.853E-01  1.966E-01  2.092E-01  2.244E-01  2.351E-01  2.546E-01  2.704E-01  2.930E-01  3.144E-01  3.345E-01  3.615E-01  3.941E-01  4.205E-01  4.542E-01  4.897E-01  5.283E-01  5.739E-01  6.193E-01  6.717E-01  7.250E-01  7.744E-01  8.388E-01  9.064E-01  9.729E-01  1.050E+00  1.127E+00  1.207E+00  1.303E+00  1.388E+00  1.489E+00  1.598E+00  1.694E+00  1.800E+00  1.921E+00  2.036E+00  2.159E+00  2.296E+00  2.424E+00  2.572E+00  2.707E+00  2.850E+00  2.999E+00  3.154E+00  3.302E+00  3.467E+00  3.617E+00  3.776E+00  3.943E+00  4.114E+00  4.277E+00  4.445E+00  4.615E+00  4.787E+00  4.950E+00  5.122E+00  5.286E+00  5.448E+00  5.616E+00  5.766E+00  5.926E+00  6.066E+00  6.221E+00  6.360E+00  6.511E+00  6.640E+00  6.762E+00  6.873E+00  6.996E+00  7.099E+00  7.178E+00  7.281E+00  7.350E+00  7.420E+00  7.469E+00  7.528E+00  7.553E+00  7.580E+00  7.579E+00  7.578E+00  7.552E+00  7.522E+00  7.483E+00  7.419E+00  7.334E+00  7.248E+00  7.150E+00  7.030E+00  6.886E+00  6.743E+00  6.609E+00  6.416E+00  6.249E+00  6.067E+00  5.854E+00  5.662E+00  5.456E+00  5.232E+00  5.009E+00  4.795E+00  4.575E+00  4.346E+00  4.121E+00  3.911E+00  3.690E+00  3.486E+00  3.281E+00  3.085E+00  2.898E+00  2.707E+00  2.531E+00  2.358E+00  2.204E+00  2.046E+00  1.897E+00  1.765E+00  1.634E+00  1.524E+00  1.419E+00  1.316E+00  1.220E+00  1.137E+00  1.058E+00  9.887E-01  9.293E-01  8.737E-01  8.219E-01  7.762E-01  7.391E-01  7.053E-01  6.696E-01  6.422E-01  6.217E-01  6.005E-01  5.807E-01  5.648E-01  5.483E-01  5.377E-01  5.251E-01  5.098E-01  4.948E-01  4.869E-01  4.750E-01  4.587E-01  4.459E-01  4.352E-01  4.205E-01  4.044E-01  3.885E-01  3.771E-01  3.580E-01  3.437E-01  3.273E-01  3.105E-01  2.922E-01  2.760E-01  2.584E-01  2.405E-01  2.240E-01  2.079E-01  1.904E-01  1.756E-01  1.603E-01  1.467E-01  1.333E-01  1.207E-01  1.090E-01  9.893E-02  8.776E-02  7.869E-02  6.985E-02  6.226E-02  5.612E-02  4.994E-02  4.412E-02  3.813E-02  3.456E-02  2.981E-02  2.607E-02  2.295E-02  2.035E-02  1.820E-02  1.562E-02  1.317E-02  1.179E-02  1.017E-02  4.252E-02  Z
 0.000E+00  0.000E+00  0.000E+00  0.000E+00  0.000E+00  5.218E-04  1.088E-03  1.761E-03  3.084E-03  4.667E-03  6.736E-03  8.506E-03  9.527E-03  1.181E-02  1.393E-02  1.557E-02  1.985E-02  2.035E-02  2.364E-02  2.442E-02  2.705E-02  2.916E-02  3.189E-02  3.325E-02  3.624E-02  3.875E-02  4.037E-02  4.362E-02  4.635E-02  4.774E-02  4.927E-02  5.196E-02  5.522E-02  5.598E-02  5.773E-02  5.968E-02  6.370E-02  6.777E-02  6.629E-02  7.047E-02  7.191E-02  7.476E-02  7.942E-02  8.142E-02  8.290E-02  8.698E-02  8.962E-02  9.375E-02  9.660E-02  1.013E-01  1.069E-01  1.109E-01  1.116E-01  1.170E-01  1.216E-01  1.247E-01  1.316E-01  1.346E-01  1.405E-01  1.459E-01  1.556E-01  1.634E-01  1.716E-01  1.817E-01  1.950E-01  2.060E-01  2.200E-01  2.354E-01  2.505E-01  2.667E-01  2.865E-01  3.091E-01  3.306E-01  3.546E-01  3.864E-01  4.203E-01  4.488E-01  4.835E-01  5.246E-01  5.698E-01  6.089E-01  6.636E-01  7.104E-01  7.700E-01  8.316E-01  8.999E-01  9.634E-01  1.034E+00  1.117E+00  1.193E+00  1.279E+00  1.366E+00  1.473E+00  1.571E+00  1.677E+00  1.785E+00  1.896E+00  2.020E+00  2.139E+00  2.260E+00  2.398E+00  2.530E+00  2.684E+00  2.817E+00  2.962E+00  3.126E+00  3.276E+00  3.427E+00  3.593E+00  3.752E+00  3.923E+00  4.097E+00  4.266E+00  4.428E+00  4.599E+00  4.771E+00  4.957E+00  5.126E+00  5.291E+00  5.456E+00  5.639E+00  5.804E+00  5.982E+00  6.133E+00  6.292E+00  6.440E+00  6.606E+00  6.746E+00  6.900E+00  7.016E+00  7.164E+00  7.284E+00  7.396E+00  7.502E+00  7.603E+00  7.698E+00  7.773E+00  7.855E+00  7.917E+00  7.977E+00  8.019E+00  8.042E+00  8.064E+00  8.081E+00  8.069E+00  8.044E+00  8.028E+00  7.971E+00  7.919E+00  7.841E+00  7.741E+00  7.640E+00  7.539E+00  7.388E+00  7.255E+00  7.098E+00  6.933E+00  6.754E+00  6.570E+00  6.360E+00  6.160E+00  5.940E+00  5.723E+00  5.497E+00  5.270E+00  5.045E+00  4.816E+00  4.584E+00  4.356E+00  4.124E+00  3.913E+00  3.688E+00  3.475E+00  3.273E+00  3.066E+00  2.877E+00  2.698E+00  2.523E+00  2.355E+00  2.188E+00  2.037E+00  1.900E+00  1.764E+00  1.645E+00  1.533E+00  1.430E+00  1.341E+00  1.246E+00  1.169E+00  1.097E+00  1.034E+00  9.714E-01  9.172E-01  8.695E-01  8.315E-01  7.888E-01  7.571E-01  7.223E-01  6.966E-01  6.675E-01  6.450E-01  6.271E-01  6.075E-01  5.909E-01  5.725E-01  5.550E-01  5.407E-01  5.211E-01  5.037E-01  4.889E-01  4.695E-01  4.514E-01  4.353E-01  4.160E-01  4.034E-01  3.822E-01  3.637E-01  3.468E-01  3.251E-01  3.077E-01  2.908E-01  2.716E-01  2.549E-01  2.380E-01  2.172E-01  2.015E-01  1.869E-01  1.717E-01  1.575E-01  1.438E-01  1.286E-01  1.167E-01  1.048E-01  9.505E-02  8.461E-02  7.624E-02  6.666E-02  5.994E-02  5.280E-02  4.690E-02  4.129E-02  3.691E-02  3.179E-02  2.839E-02  2.506E-02  2.218E-02  1.932E-02  1.669E-02  6.964E-02  Z
 0.000E+00  0.000E+00  0.000E+00  1.748E-04  4.616E-04  8.718E-04  1.698E-03  2.088E-03  3.669E-03  5.543E-03  5.826E-03  7.882E-03  1.008E-02  1.201E-02  1.329E-02  1.621E-02  1.772E-02  1.997E-02  2.086E-02  2.353E-02  2.627E-02  2.871E-02  3.142E-02  3.382E-02  3.530E-02  3.704E-02  3.845E-02  4.054E-02  4.348E-02  4.520E-02  4.792E-02  5.076E-02  5.096E-02  5.366E-02  5.652E-02  5.909E-02  6.042E-02  6.371E-02  6.708E-02  6.773E-02  7.184E-02  7.374E-02  7.497E-02  7.864E-02  8.190E-02  8.449E-02  8.632E-02  9.174E-02  9.309E-02  1.006E-01  1.026E-01  1.059E-01  1.103E-01  1.146E-01  1.175E-01  1.217E-01  1.261E-01  1.314E-01  1.401E-01  1.465E-01  1.511E-01  1.575E-01  1.686E-01  1.787E-01  1.854E-01  1.991E-01  2.140E-01  2.277E-01  2.443E-01  2.619E-01  2.823E-01  3.017E-01  3.277E-01  3.451E-01  3.766E-01  4.065E-01  4.407E-01  4.720E-01  5.099E-01  5.569E-01  5.982E-01  6.470E-01  7.021E-01  7.522E-01  8.154E-01  8.789E-01  9.436E-01  1.020E+00  1.097E+00  1.173E+00  1.263E+00  1.351E+00  1.444E+00  1.544E+00  1.647E+00  1.760E+00  1.875E+00  1.989E+00  2.117E+00  2.249E+00  2.380E+00  2.521E+00  2.644E+00  2.797E+00  2.960E+00  3.101E+00  3.252E+00  3.413E+00  3.579E+00  3.754E+00  3.924E+00  4.098E+00  4.271E+00  4.442E+00  4.621E+00  4.809E+00  4.990E+00  5.163E+00  5.346E+00  5.524E+00  5.703E+00  5.894E+00  6.079E+00  6.243E+00  6.410E+00  6.594E+00  6.753E+00  6.940E+00  7.076E+00  7.237E+00  7.377E+00  7.534E+00  7.666E+00  7.810E+00  7.941E+00  8.050E+00  8.161E+00  8.271E+00  8.353E+00  8.442E+00  8.509E+00  8.569E+00  8.638E+00  8.663E+00  8.705E+00  8.711E+00  8.715E+00  8.703E+00  8.690E+00  8.665E+00  8.627E+00  8.569E+00  8.490E+00  8.412E+00  8.320E+00  8.205E+00  8.075E+00  7.947E+00  7.799E+00  7.627E+00  7.452E+00  7.268E+00  7.062E+00  6.857E+00  6.651E+00  6.422E+00  6.182E+00  5.952E+00  5.720E+00  5.475E+00  5.244E+00  4.993E+00  4.754E+00  4.502E+00  4.278E+00  4.047E+00  3.818E+00  3.600E+00  3.383E+00  3.190E+00  2.988E+00  2.813E+00  2.632E+00  2.453E+00  2.297E+00  2.143E+00  1.999E+00  1.864E+00  1.746E+00  1.631E+00  1.527E+00  1.432E+00  1.342E+00  1.260E+00  1.189E+00  1.121E+00  1.062E+00  1.008E+00  9.579E-01  9.115E-01  8.693E-01  8.284E-01  8.014E-01  7.672E-01  7.307E-01  7.085E-01  6.824E-01  6.557E-01  6.325E-01  6.120E-01  5.881E-01  5.637E-01  5.423E-01  5.187E-01  5.014E-01  4.796E-01  4.598E-01  4.364E-01  4.160E-01  3.991E-01  3.760E-01  3.569E-01  3.354E-01  3.167E-01  2.980E-01  2.803E-01  2.605E-01  2.420E-01  2.240E-01  2.067E-01  1.890E-01  1.736E-01  1.585E-01  1.446E-01  1.316E-01  1.189E-01  1.068E-01  9.645E-02  8.703E-02  7.611E-02  6.747E-02  6.096E-02  5.384E-02  4.755E-02  4.200E-02  3.657E-02  3.230E-02  2.853E-02  1.206E-01  Z
 0.000E+00  0.000E+00  1.034E-04  1.312E-04  6.932E-04  8.020E-04  1.700E-03  2.537E-03  3.643E-03  5.275E-03  6.103E-03  8.556E-03  9.454E-03  1.134E-02  1.324E-02  1.474E-02  1.758E-02  1.936E-02  2.227E-02  2.373E-02  2.491E-02  2.737E-02  3.018E-02  3.241E-02  3.365E-02  3.689E-02  3.958E-02  4.012E-02  4.284E-02  4.455E-02  4.752E-02  4.743E-02  5.210E-02  5.442E-02  5.454E-02  5.711E-02  6.198E-02  6.112E-02  6.371E-02  6.688E-02  6.879E-02  7.354E-02  7.543E-02  7.652E-02  7.848E-02  8.302E-02  8.574E-02  8.843E-02  9.379E-02  9.629E-02  9.896E-02  1.051E-01  1.078E-01  1.120E-01  1.152E-01  1.207E-01  1.247E-01  1.289E-01  1.345E-01  1.423E-01  1.493E-01  1.597E-01  1.672E-01  1.762E-01  1.828E-01  1.982E-01  2.083E-01  2.226E-01  2.393E-01  2.574E-01  2.746E-01  2.954E-01  3.203E-01  3.444E-01  3.752E-01  4.018E-01  4.317E-01  4.691E-01  5.043E-01  5.445E-01  5.931E-01  6.389E-01  6.878E-01  7.428E-01  8.019E-01  8.666E-01  9.374E-01  1.005E+00  1.079E+00  1.158E+00  1.247E+00  1.336E+00  1.430E+00  1.529E+00  1.633E+00  1.747E+00  1.856E+00  1.969E+00  2.103E+00  2.224E+00  2.364E+00  2.486E+00  2.634E+00  2.775E+00  2.934E+00  3.102E+00  3.248E+00  3.413E+00  3.582E+00  3.751E+00  3.938E+00  4.100E+00  4.284E+00  4.458E+00  4.646E+00  4.830E+00  5.015E+00  5.199E+00  5.391E+00  5.584E+00  5.753E+00  5.954E+00  6.154E+00  6.322E+00  6.504E+00  6.689E+00  6.862E+00  7.038E+00  7.217E+00  7.389E+00  7.548E+00  7.718E+00  7.853E+00  8.007E+00  8.160E+00  8.282E+00  8.412E+00  8.527E+00  8.635E+00  8.737E+00  8.821E+00  8.897E+00  9.002E+00  9.040E+00  9.108E+00  9.134E+00  9.159E+00  9.194E+00  9.202E+00  9.206E+00  9.173E+00  9.146E+00  9.105E+00  9.045E+00  8.969E+00  8.904E+00  8.818E+00  8.700E+00  8.584E+00  8.433E+00  8.297E+00  8.146E+00  7.967E+00  7.772E+00  7.574E+00  7.384E+00  7.171E+00  6.936E+00  6.720E+00  6.465E+00  6.232E+00  5.985E+00  5.739E+00  5.498E+00  5.248E+00  4.993E+00  4.746E+00  4.502E+00  4.259E+00  4.031E+00  3.805E+00  3.575E+00  3.371E+00  3.175E+00  2.973E+00  2.793E+00  2.615E+00  2.453E+00  2.289E+00  2.155E+00  2.012E+00  1.879E+00  1.761E+00  1.653E+00  1.546E+00  1.458E+00  1.370E+00  1.292E+00  1.221E+00  1.151E+00  1.089E+00  1.038E+00  9.884E-01  9.353E-01  8.987E-01  8.596E-01  8.203E-01  7.856E-01  7.563E-01  7.244E-01  6.907E-01  6.655E-01  6.430E-01  6.102E-01  5.914E-01  5.654E-01  5.383E-01  5.153E-01  4.919E-01  4.700E-01  4.488E-01  4.257E-01  4.033E-01  3.838E-01  3.616E-01  3.417E-01  3.217E-01  2.989E-01  2.808E-01  2.633E-01  2.413E-01  2.231E-01  2.051E-01  1.915E-01  1.754E-01  1.597E-01  1.447E-01  1.310E-01  1.186E-01  1.040E-01  9.534E-02  8.463E-02  7.517E-02  6.775E-02  5.963E-02  5.350E-02  4.673E-02  4.083E-02  1.767E-01  Z
 0.000E+00  0.000E+00  5.154E-05  2.177E-04  5.002E-04  1.218E-03  1.476E-03  2.027E-03  3.562E-03  4.589E-03  6.025E-03  7.231E-03  8.458E-03  1.130E-02  1.191E-02  1.451E-02  1.563E-02  1.795E-02  1.914E-02  2.331E-02  2.492E-02  2.525E-02  2.729E-02  3.037E-02  3.384E-02  3.493E-02  3.600E-02  3.843E-02  4.064E-02  4.377E-02  4.623E-02  4.678E-02  4.786E-02  5.274E-02  5.390E-02  5.597E-02  5.748E-02  5.928E-02  6.236E-02  6.436E-02  6.558E-02  7.058E-02  7.271E-02  7.483E-02  7.807E-02  8.162E-02  8.536E-02  8.930E-02  8.961E-02  9.455E-02  9.848E-02  1.018E-01  1.045E-01  1.078E-01  1.128E-01  1.179E-01  1.214E-01  1.277E-01  1.342E-01  1.409E-01  1.469E-01  1.536E-01  1.628E-01  1.722E-01  1.816E-01  1.959E-01  2.052E-01  2.188E-01  2.360E-01  2.507E-01  2.711E-01  2.917E-01  3.127E-01  3.353E-01  3.660E-01  3.935E-01  4.240E-01  4.552E-01  4.951E-01  5.385E-01  5.792E-01  6.211E-01  6.760E-01  7.312E-01  7.879E-01  8.523E-01  9.129E-01  9.897E-01  1.063E+00  1.149E+00  1.234E+00  1.314E+00  1.420E+00  1.506E+00  1.608E+00  1.720E+00  1.837E+00  1.958E+00  2.073E+00  2.212E+00  2.330E+00  2.482E+00  2.626E+00  2.770E+00  2.925E+00  3.078E+00  3.255E+00  3.404E+00  3.585E+00  3.748E+00  3.928E+00  4.112E+00  4.292E+00  4.489E+00  4.666E+00  4.871E+00  5.057E+00  5.246E+00  5.452E+00  5.655E+00  5.862E+00  6.048E+00  6.255E+00  6.440E+00  6.645E+00  6.844E+00  7.039E+00  7.230E+00  7.412E+00  7.598E+00  7.763E+00  7.961E+00  8.133E+00  8.294E+00  8.444E+00  8.594E+00  8.757E+00  8.899E+00  9.034E+00  9.164E+00  9.286E+00  9.381E+00  9.499E+00  9.583E+00  9.683E+00  9.735E+00  9.788E+00  9.841E+00  9.877E+00  9.905E+00  9.916E+00  9.929E+00  9.918E+00  9.907E+00  9.866E+00  9.809E+00  9.763E+00  9.709E+00  9.626E+00  9.528E+00  9.418E+00  9.313E+00  9.180E+00  9.014E+00  8.866E+00  8.709E+00  8.522E+00  8.318E+00  8.131E+00  7.904E+00  7.692E+00  7.454E+00  7.213E+00  6.968E+00  6.706E+00  6.464E+00  6.209E+00  5.947E+00  5.678E+00  5.413E+00  5.168E+00  4.912E+00  4.662E+00  4.413E+00  4.181E+00  3.943E+00  3.713E+00  3.497E+00  3.295E+00  3.098E+00  2.912E+00  2.728E+00  2.551E+00  2.394E+00  2.248E+00  2.109E+00  1.983E+00  1.854E+00  1.740E+00  1.644E+00  1.548E+00  1.453E+00  1.368E+00  1.301E+00  1.228E+00  1.158E+00  1.102E+00  1.055E+00  9.946E-01  9.449E-01  8.999E-01  8.640E-01  8.184E-01  7.879E-01  7.516E-01  7.162E-01  6.839E-01  6.524E-01  6.270E-01  5.970E-01  5.679E-01  5.414E-01  5.156E-01  4.922E-01  4.693E-01  4.415E-01  4.173E-01  3.942E-01  3.719E-01  3.510E-01  3.305E-01  3.098E-01  2.875E-01  2.671E-01  2.489E-01  2.291E-01  2.107E-01  1.956E-01  1.790E-01  1.637E-01  1.485E-01  1.335E-01  1.205E-01  1.086E-01  9.742E-02  8.551E-02  7.632E-02  6.920E-02  3.038E-01  Z
 0.000E+00  0.000E+00  2.580E-04  2.189E-04  5.006E-04  1.288E-03  1.699E-03  2.327E-03  2.775E-03  4.931E-03  5.348E-03  7.825E-03  8.812E-03  9.720E-03  1.196E-02  1.409E-02  1.501E-02  1.747E-02  1.888E-02  2.249E-02  2.339E-02  2.478E-02  2.725E-02  3.023E-02  3.110E-02  3.396E-02  3.492E-02  3.734E-02  3.970E-02  4.245E-02  4.438E-02  4.739E-02  4.799E-02  5.048E-02  5.354E-02  5.557E-02  5.466E-02  5.854E-02  6.156E-02  6.378E-02  6.563E-02  6.980E-02  7.315E-02  7.419E-02  7.717E-02  8.033E-02  8.475E-02  8.508E-02  8.844E-02  9.418E-02  9.553E-02  1.011E-01  1.032E-01  1.092E-01  1.106E-01  1.155E-01  1.205E-01  1.262E-01  1.327E-01  1.387E-01  1.442E-01  1.516E-01  1.616E-01  1.701E-01  1.785E-01  1.907E-01  2.043E-01  2.158E-01  2.302E-01  2.495E-01  2.671E-01  2.870E-01  3.037E-01  3.307E-01  3.565E-01  3.819E-01  4.156E-01  4.477E-01  4.877E-01  5.286E-01  5.743E-01  6.111E-01  6.651E-01  7.178E-01  7.813E-01  8.418E-01  9.009E-01  9.723E-01  1.047E+00  1.127E+00  1.220E+00  1.307E+00  1.395E+00  1.496E+00  1.596E+00  1.704E+00  1.818E+00  1.931E+00  2.066E+00  2.193E+00  2.327E+00  2.463E+00  2.611E+00  2.751E+00  2.922E+00  3.072E+00  3.238E+00  3.400E+00  3.583E+00  3.740E+00  3.928E+00  4.125E+00  4.306E+00  4.501E+00  4.692E+00  4.887E+00  5.086E+00  5.288E+00  5.491E+00  5.699E+00  5.895E+00  6.118E+00  6.317E+00  6.519E+00  6.721E+00  6.928E+00  7.134E+00  7.334E+00  7.534E+00  7.750E+00  7.937E+00  8.115E+00  8.308E+00  8.484E+00  8.664E+00  8.834E+00  8.971E+00  9.155E+00  9.311E+00  9.449E+00  9.597E+00  9.720E+00  9.834E+00  9.944E+00  1.006E+01  1.013E+01  1.022E+01  1.029E+01  1.035E+01  1.039E+01  1.043E+01  1.046E+01  1.048E+01  1.049E+01  1.049E+01  1.046E+01  1.042E+01  1.037E+01  1.034E+01  1.026E+01  1.018E+01  1.009E+01  9.979E+00  9.867E+00  9.735E+00  9.596E+00  9.442E+00  9.274E+00  9.096E+00  8.924E+00  8.714E+00  8.487E+00  8.272E+00  8.047E+00  7.803E+00  7.553E+00  7.294E+00  7.034E+00  6.772E+00  6.520E+00  6.243E+00  5.970E+00  5.704E+00  5.435E+00  5.161E+00  4.913E+00  4.660E+00  4.416E+00  4.176E+00  3.942E+00  3.715E+00  3.499E+00  3.283E+00  3.091E+00  2.905E+00  2.726E+00  2.570E+00  2.404E+00  2.256E+00  2.117E+00  1.986E+00  1.862E+00  1.755E+00  1.651E+00  1.550E+00  1.465E+00  1.382E+00  1.303E+00  1.240E+00  1.169E+00  1.110E+00  1.051E+00  1.003E+00  9.526E-01  9.029E-01  8.638E-01  8.175E-01  7.824E-01  7.455E-01  7.091E-01  6.741E-01  6.466E-01  6.194E-01  5.873E-01  5.573E-01  5.283E-01  5.045E-01  4.778E-01  4.506E-01  4.249E-01  4.029E-01  3.790E-01  3.559E-01  3.357E-01  3.114E-01  2.900E-01  2.682E-01  2.498E-01  2.316E-01  2.147E-01  1.967E-01  1.796E-01  1.627E-01  1.479E-01  1.342E-01  1.210E-01  1.079E-01  9.845E-02  4.405E-01  Z
 0.000E+00  0.000E+00  0.000E+00  1.752E-04  5.781E-04  9.056E-04  1.187E-03  1.968E-03  3.391E-03  4.427E-03  4.466E-03  6.599E-03  8.157E-03  9.939E-03  1.015E-02  1.281E-02  1.507E-02  1.677E-02  1.834E-02  1.938E-02  2.330E-02  2.485E-02  2.624E-02  2.985E-02  3.040E-02  3.355E-02  3.363E-02  3.647E-02  3.764E-02  4.128E-02  4.283E-02  4.501E-02  4.598E-02  4.921E-02  5.097E-02  5.493E-02  5.570E-02  5.939E-02  5.874E-02  6.183E-02  6.515E-02  6.711E-02  7.102E-02  7.214E-02  7.470E-02  7.743E-02  8.197E-02  8.460E-02  8.733E-02  9.153E-02  9.521E-02  9.862E-02  1.045E-01  1.046E-01  1.102E-01  1.148E-01  1.199E-01  1.231E-01  1.302E-01  1.349E-01  1.418E-01  1.490E-01  1.570E-01  1.658E-01  1.727E-01  1.884E-01  1.974E-01  2.105E-01  2.277E-01  2.444E-01  2.601E-01  2.800E-01  3.001E-01  3.251E-01  3.477E-01  3.752E-01  4.035E-01  4.416E-01  4.764E-01  5.169E-01  5.586E-01  6.018E-01  6.541E-01  7.070E-01  7.639E-01  8.287E-01  8.929E-01  9.596E-01  1.032E+00  1.110E+00  1.197E+00  1.286E+00  1.374E+00  1.472E+00  1.578E+00  1.683E+00  1.803E+00  1.920E+00  2.046E+00  2.180E+00  2.307E+00  2.450E+00  2.597E+00  2.741E+00  2.905E+00  3.069E+00  3.227E+00  3.403E+00  3.581E+00  3.754E+00  3.941E+00  4.120E+00  4.321E+00  4.512E+00  4.719E+00  4.903E+00  5.124E+00  5.337E+00  5.536E+00  5.750E+00  5.971E+00  6.200E+00  6.407E+00  6.615E+00  6.858E+00  7.062E+00  7.274E+00  7.483E+00  7.698E+00  7.920E+00  8.135E+00  8.344E+00  8.531E+00  8.735E+00  8.945E+00  9.130E+00  9.304E+00  9.502E+00  9.675E+00  9.839E+00  9.996E+00  1.016E+01  1.029E+01  1.045E+01  1.056E+01  1.068E+01  1.079E+01  1.090E+01  1.097E+01  1.108E+01  1.116E+01  1.120E+01  1.125E+01  1.128E+01  1.133E+01  1.133E+01  1.132E+01  1.132E+01  1.129E+01  1.126E+01  1.120E+01  1.115E+01  1.109E+01  1.101E+01  1.091E+01  1.082E+01  1.068E+01  1.057E+01  1.043E+01  1.027E+01  1.011E+01  9.916E+00  9.742E+00  9.548E+00  9.337E+00  9.105E+00  8.880E+00  8.636E+00  8.384E+00  8.142E+00  7.880E+00  7.596E+00  7.326E+00  7.047E+00  6.761E+00  6.470E+00  6.197E+00  5.911E+00  5.650E+00  5.364E+00  5.090E+00  4.827E+00  4.573E+00  4.324E+00  4.086E+00  3.853E+00  3.625E+00  3.420E+00  3.226E+00  3.025E+00  2.840E+00  2.672E+00  2.502E+00  2.357E+00  2.205E+00  2.076E+00  1.942E+00  1.826E+00  1.720E+00  1.612E+00  1.523E+00  1.432E+00  1.350E+00  1.277E+00  1.211E+00  1.140E+00  1.081E+00  1.025E+00  9.681E-01  9.214E-01  8.743E-01  8.319E-01  7.895E-01  7.548E-01  7.176E-01  6.788E-01  6.504E-01  6.168E-01  5.828E-01  5.581E-01  5.250E-01  4.961E-01  4.704E-01  4.431E-01  4.192E-01  3.908E-01  3.680E-01  3.457E-01  3.243E-01  3.018E-01  2.801E-01  2.608E-01  2.383E-01  2.202E-01  2.025E-01  1.841E-01  1.689E-01  1.515E-01  7.264E-01  Z
 0.000E+00  0.000E+00  0.000E+00  0.000E+00  3.470E-04  6.630E-04  1.345E-03  2.211E-03  3.056E-03  3.762E-03  4.638E-03  5.856E-03  7.514E-03  9.480E-03  9.400E-03  1.146E-02  1.303E-02  1.628E-02  1.670E-02  1.872E-02  2.040E-02  2.277E-02  2.458E-02  2.790E-02  2.887E-02  3.147E-02  3.432E-02  3.515E-02  3.774E-02  3.809E-02  4.146E-02  4.339E-02  4.457E-02  4.899E-02  4.848E-02  5.043E-02  5.305E-02  5.618E-02  5.828E-02  5.946E-02  6.413E-02  6.549E-02  6.813E-02  7.129E-02  7.249E-02  7.640E-02  7.828E-02  8.176E-02  8.587E-02  8.778E-02  9.123E-02  9.452E-02  9.922E-02  1.038E-01  1.063E-01  1.119E-01  1.169E-01  1.216E-01  1.267E-01  1.305E-01  1.401E-01  1.437E-01  1.552E-01  1.644E-01  1.722E-01  1.824E-01  1.938E-01  2.072E-01  2.212E-01  2.361E-01  2.518E-01  2.736E-01  2.940E-01  3.149E-01  3.423E-01  3.686E-01  3.946E-01  4.310E-01  4.660E-01  5.034E-01  5.461E-01  5.908E-01  6.379E-01  6.936E-01  7.379E-01  8.121E-01  8.750E-01  9.446E-01  1.015E+00  1.088E+00  1.180E+00  1.261E+00  1.356E+00  1.453E+00  1.555E+00  1.659E+00  1.780E+00  1.895E+00  2.022E+00  2.151E+00  2.289E+00  2.427E+00  2.568E+00  2.722E+00  2.889E+00  3.047E+00  3.218E+00  3.382E+00  3.570E+00  3.755E+00  3.934E+00  4.144E+00  4.324E+00  4.528E+00  4.740E+00  4.947E+00  5.154E+00  5.377E+00  5.615E+00  5.821E+00  6.046E+00  6.268E+00  6.511E+00  6.733E+00  6.964E+00  7.197E+00  7.448E+00  7.677E+00  7.893E+00  8.130E+00  8.348E+00  8.600E+00  8.816E+00  9.042E+00  9.269E+00  9.466E+00  9.686E+00  9.893E+00  1.011E+01  1.030E+01  1.049E+01  1.068E+01  1.084E+01  1.104E+01  1.119E+01  1.134E+01  1.149E+01  1.163E+01  1.176E+01  1.188E+01  1.199E+01  1.208E+01  1.219E+01  1.226E+01  1.232E+01  1.240E+01  1.244E+01  1.245E+01  1.248E+01  1.249E+01  1.250E+01  1.248E+01  1.245E+01  1.239E+01  1.236E+01  1.231E+01  1.223E+01  1.215E+01  1.204E+01  1.193E+01  1.182E+01  1.170E+01  1.155E+01  1.139E+01  1.125E+01  1.106E+01  1.086E+01  1.066E+01  1.043E+01  1.023E+01  9.993E+00  9.763E+00  9.492E+00  9.234E+00  8.948E+00  8.690E+00  8.398E+00  8.102E+00  7.794E+00  7.515E+00  7.196E+00  6.894E+00  6.608E+00  6.299E+00  6.005E+00  5.729E+00  5.422E+00  5.161E+00  4.877E+00  4.615E+00  4.356E+00  4.102E+00  3.874E+00  3.647E+00  3.421E+00  3.216E+00  3.019E+00  2.838E+00  2.659E+00  2.494E+00  2.336E+00  2.190E+00  2.060E+00  1.926E+00  1.813E+00  1.701E+00  1.597E+00  1.507E+00  1.413E+00  1.329E+00  1.261E+00  1.189E+00  1.124E+00  1.060E+00  1.009E+00  9.564E-01  9.054E-01  8.609E-01  8.177E-01  7.707E-01  7.341E-01  6.911E-01  6.609E-01  6.274E-01  5.924E-01  5.606E-01  5.306E-01  5.012E-01  4.694E-01  4.431E-01  4.165E-01  3.892E-01  3.651E-01  3.412E-01  3.191E-01  2.919E-01  2.722E-01  2.530E-01  1.293E+00  Z
