gamma
Z
Z
Z
 0.000E+00  0.000E+00  1.480E-01  6.221E-01  6.324E-01  6.367E-01  6.223E-01  6.422E-01  6.388E-01  6.530E-01  6.579E-01  6.758E-01  6.992E-01  7.154E-01  7.158E-01  7.386E-01  7.438E-01  7.551E-01  7.595E-01  7.703E-01  8.611E-01  8.819E-01  8.676E-01  8.703E-01  8.477E-01  8.493E-01  8.419E-01  8.300E-01  8.198E-01  8.108E-01  8.019E-01  8.213E-01  8.341E-01  8.425E-01  8.524E-01  8.566E-01  8.583E-01  8.529E-01  8.430E-01  8.484E-01  9.062E-01  9.412E-01  9.425E-01  9.137E-01  8.935E-01  8.898E-01  8.681E-01  8.570E-01  8.541E-01  8.287E-01  8.150E-01  7.944E-01  7.894E-01  7.665E-01  7.426E-01  7.190E-01  6.968E-01  6.796E-01  6.518E-01  6.256E-01  6.032E-01  5.785E-01  5.481E-01  5.188E-01  4.991E-01  4.687E-01  4.377E-01  4.155E-01  3.875E-01  3.601E-01  3.392E-01  3.152E-01  2.975E-01  2.672E-01  2.454E-01  2.272E-01  2.031E-01  1.839E-01  1.670E-01  1.531E-01  1.360E-01  1.122E-01  9.971E-02  8.937E-02  8.042E-02  6.919E-02  6.019E-02  5.388E-02  4.998E-02  4.373E-02  3.779E-02  3.500E-02  3.032E-02  2.353E-02  2.149E-02  1.684E-02  1.348E-02  1.198E-02  6.136E-03  1.592E-05  1.637E-05  0.000E+00  Z
 0.000E+00  0.000E+00  4.374E-01  5.236E-01  5.218E-01  5.329E-01  5.235E-01  5.406E-01  5.429E-01  5.654E-01  5.657E-01  5.788E-01  5.918E-01  5.940E-01  6.080E-01  7.043E-01  7.206E-01  7.268E-01  7.344E-01  7.565E-01  7.730E-01  7.759E-01  7.912E-01  8.021E-01  8.059E-01  8.262E-01  8.666E-01  9.708E-01  9.940E-01  9.964E-01  9.955E-01  9.940E-01  1.000E+00  9.929E-01  9.813E-01  9.795E-01  9.600E-01  9.512E-01  9.467E-01  9.373E-01  9.187E-01  9.157E-01  9.082E-01  8.981E-01  8.821E-01  8.743E-01  8.467E-01  8.381E-01  8.204E-01  8.081E-01  7.900E-01  7.670E-01  7.525E-01  7.357E-01  7.085E-01  6.898E-01  6.714E-01  6.523E-01  6.323E-01  6.088E-01  5.897E-01  5.649E-01  5.448E-01  5.269E-01  5.012E-01  4.787E-01  4.579E-01  4.295E-01  4.059E-01  3.816E-01  3.642E-01  3.398E-01  3.182E-01  2.933E-01  2.754E-01  2.572E-01  2.408E-01  2.195E-01  2.041E-01  1.870E-01  1.738E-01  1.578E-01  1.431E-01  1.320E-01  1.200E-01  1.088E-01  9.919E-02  9.030E-02  7.849E-02  7.075E-02  6.364E-02  5.867E-02  5.251E-02  4.734E-02  4.136E-02  3.313E-02  2.686E-02  2.398E-02  1.863E-02  1.639E-02  1.345E-02  1.027E-02  8.571E-03  6.772E-03  3.520E-03  4.773E-05  6.316E-05  4.733E-05  1.583E-05  3.088E-05  0.000E+00  Z
 0.000E+00  2.639E-01  3.504E-01  3.420E-01  3.425E-01  3.529E-01  3.504E-01  3.635E-01  4.289E-01  4.912E-01  5.014E-01  5.062E-01  5.300E-01  5.708E-01  7.177E-01  7.681E-01  7.783E-01  7.914E-01  7.960E-01  8.168E-01  8.238E-01  8.210E-01  8.328E-01  8.236E-01  8.329E-01  8.328E-01  8.366E-01  8.457E-01  8.525E-01  8.649E-01  8.655E-01  8.734E-01  8.740E-01  8.758E-01  8.898E-01  8.903E-01  9.047E-01  9.102E-01  9.322E-01  9.264E-01  9.286E-01  9.313E-01  9.426E-01  9.355E-01  9.431E-01  9.525E-01  9.467E-01  9.469E-01  9.531E-01  9.424E-01  9.428E-01  9.344E-01  9.173E-01  9.095E-01  9.016E-01  8.740E-01  8.695E-01  8.487E-01  8.228E-01  8.108E-01  7.854E-01  7.731E-01  7.446E-01  7.218E-01  6.984E-01  6.742E-01  6.411E-01  6.223E-01  5.969E-01  5.592E-01  5.364E-01  5.129E-01  4.884E-01  4.705E-01  4.400E-01  4.164E-01  3.953E-01  3.709E-01  3.496E-01  3.303E-01  3.057E-01  2.857E-01  2.675E-01  2.495E-01  2.266E-01  2.116E-01  1.971E-01  1.802E-01  1.645E-01  1.493E-01  1.368E-01  1.244E-01  1.089E-01  1.005E-01  9.053E-02  7.889E-02  7.114E-02  6.350E-02  5.468E-02  4.796E-02  4.256E-02  3.631E-02  3.195E-02  2.853E-02  2.482E-02  2.085E-02  1.829E-02  1.601E-02  1.356E-02  1.104E-02  1.035E-02  8.723E-03  7.186E-03  5.991E-03  3.953E-03  3.145E-03  1.776E-03  3.856E-04  0.000E+00  Z
 2.057E-02  6.759E-02  6.867E-02  7.697E-02  8.410E-02  1.176E-01  1.274E-01  1.406E-01  1.833E-01  2.038E-01  2.253E-01  2.438E-01  2.667E-01  2.859E-01  3.054E-01  3.332E-01  3.422E-01  3.746E-01  3.960E-01  4.187E-01  4.467E-01  4.632E-01  4.944E-01  5.217E-01  5.448E-01  5.722E-01  6.022E-01  6.361E-01  6.544E-01  6.890E-01  7.220E-01  7.538E-01  7.885E-01  8.059E-01  8.419E-01  8.727E-01  9.134E-01  9.404E-01  9.730E-01  9.836E-01  1.022E+00  1.050E+00  1.077E+00  1.104E+00  1.127E+00  1.148E+00  1.165E+00  1.172E+00  1.196E+00  1.210E+00  1.218E+00  1.223E+00  1.233E+00  1.232E+00  1.237E+00  1.233E+00  1.236E+00  1.219E+00  1.219E+00  1.212E+00  1.196E+00  1.185E+00  1.165E+00  1.142E+00  1.134E+00  1.100E+00  1.077E+00  1.050E+00  1.023E+00  9.951E-01  9.658E-01  9.323E-01  9.084E-01  8.758E-01  8.370E-01  8.010E-01  7.653E-01  7.309E-01  7.003E-01  6.608E-01  6.197E-01  5.892E-01  5.623E-01  5.305E-01  4.988E-01  4.652E-01  4.294E-01  4.030E-01  3.688E-01  3.381E-01  3.165E-01  2.920E-01  2.696E-01  2.434E-01  2.223E-01  1.980E-01  1.855E-01  1.653E-01  1.486E-01  1.298E-01  1.188E-01  1.078E-01  9.220E-02  8.105E-02  7.221E-02  6.190E-02  5.368E-02  4.540E-02  4.065E-02  3.431E-02  2.782E-02  2.445E-02  2.038E-02  1.690E-02  1.395E-02  1.192E-02  9.436E-03  8.172E-03  6.064E-03  5.015E-03  4.064E-03  3.308E-03  2.247E-03  1.833E-03  1.643E-03  1.011E-03  6.438E-04  3.370E-04  4.397E-05  5.753E-05  0.000E+00  Z
 0.000E+00  5.354E-04  1.344E-03  3.409E-03  5.936E-03  8.572E-03  1.025E-02  1.683E-02  2.456E-02  3.357E-02  4.483E-02  5.614E-02  6.839E-02  8.396E-02  9.468E-02  1.136E-01  1.336E-01  1.551E-01  1.737E-01  1.931E-01  2.183E-01  2.467E-01  2.724E-01  2.928E-01  3.161E-01  3.488E-01  3.810E-01  4.166E-01  4.421E-01  4.845E-01  5.236E-01  5.678E-01  6.076E-01  6.475E-01  6.963E-01  7.375E-01  7.925E-01  8.393E-01  8.749E-01  9.289E-01  9.795E-01  1.017E+00  1.074E+00  1.120E+00  1.169E+00  1.204E+00  1.259E+00  1.294E+00  1.339E+00  1.371E+00  1.421E+00  1.446E+00  1.490E+00  1.527E+00  1.550E+00  1.566E+00  1.590E+00  1.609E+00  1.625E+00  1.637E+00  1.651E+00  1.650E+00  1.645E+00  1.647E+00  1.642E+00  1.639E+00  1.622E+00  1.610E+00  1.590E+00  1.577E+00  1.538E+00  1.511E+00  1.478E+00  1.448E+00  1.410E+00  1.372E+00  1.333E+00  1.285E+00  1.247E+00  1.191E+00  1.152E+00  1.085E+00  1.048E+00  1.011E+00  9.534E-01  8.999E-01  8.555E-01  8.045E-01  7.576E-01  7.116E-01  6.611E-01  6.157E-01  5.735E-01  5.260E-01  4.904E-01  4.479E-01  4.134E-01  3.792E-01  3.433E-01  3.125E-01  2.830E-01  2.596E-01  2.286E-01  2.032E-01  1.847E-01  1.640E-01  1.442E-01  1.250E-01  1.089E-01  9.497E-02  8.272E-02  7.232E-02  6.214E-02  5.160E-02  4.625E-02  3.796E-02  3.164E-02  2.569E-02  2.327E-02  1.891E-02  1.449E-02  1.210E-02  1.016E-02  7.492E-03  6.154E-03  4.915E-03  3.566E-03  2.885E-03  2.029E-03  1.496E-03  1.205E-03  6.853E-04  6.685E-04  3.539E-04  1.977E-04  7.076E-05  4.103E-05  4.169E-05  1.433E-05  1.418E-05  2.747E-05  1.355E-05  0.000E+00  Z
 0.000E+00  1.337E-04  1.345E-03  2.798E-03  3.159E-03  5.301E-03  7.564E-03  1.451E-02  1.911E-02  2.546E-02  3.536E-02  4.578E-02  5.401E-02  6.574E-02  7.660E-02  9.572E-02  1.071E-01  1.227E-01  1.397E-01  1.603E-01  1.789E-01  2.012E-01  2.236E-01  2.447E-01  2.697E-01  2.959E-01  3.244E-01  3.563E-01  3.917E-01  4.234E-01  4.538E-01  4.976E-01  5.347E-01  5.812E-01  6.278E-01  6.685E-01  7.197E-01  7.731E-01  8.211E-01  8.679E-01  9.200E-01  9.685E-01  1.027E+00  1.092E+00  1.130E+00  1.187E+00  1.243E+00  1.294E+00  1.334E+00  1.381E+00  1.422E+00  1.471E+00  1.504E+00  1.550E+00  1.584E+00  1.613E+00  1.655E+00  1.675E+00  1.703E+00  1.725E+00  1.740E+00  1.749E+00  1.758E+00  1.771E+00  1.762E+00  1.758E+00  1.768E+00  1.762E+00  1.734E+00  1.720E+00  1.690E+00  1.669E+00  1.644E+00  1.612E+00  1.588E+00  1.539E+00  1.505E+00  1.468E+00  1.419E+00  1.377E+00  1.330E+00  1.278E+00  1.223E+00  1.173E+00  1.127E+00  1.064E+00  1.009E+00  9.588E-01  9.033E-01  8.486E-01  7.932E-01  7.540E-01  7.074E-01  6.509E-01  6.030E-01  5.588E-01  5.092E-01  4.690E-01  4.318E-01  3.938E-01  3.558E-01  3.262E-01  2.972E-01  2.635E-01  2.339E-01  2.110E-01  1.873E-01  1.702E-01  1.466E-01  1.322E-01  1.144E-01  9.710E-02  8.590E-02  7.243E-02  6.500E-02  5.223E-02  4.501E-02  3.793E-02  3.279E-02  2.612E-02  2.233E-02  1.806E-02  1.431E-02  1.201E-02  8.921E-03  7.573E-03  5.763E-03  4.721E-03  3.530E-03  2.693E-03  1.805E-03  1.424E-03  1.082E-03  7.092E-04  5.366E-04  4.376E-04  3.515E-04  9.752E-05  7.021E-05  5.542E-05  1.374E-05  1.416E-05  1.416E-05  1.341E-05  1.324E-05  2.674E-05  0.000E+00  Z
 0.000E+00  1.340E-04  4.149E-04  6.127E-04  1.077E-03  9.052E-04  2.181E-03  2.567E-03  4.036E-03  5.039E-03  5.745E-03  8.288E-03  1.161E-02  1.477E-02  1.918E-02  2.403E-02  2.905E-02  3.250E-02  3.991E-02  4.764E-02  5.866E-02  6.822E-02  7.603E-02  8.634E-02  1.015E-01  1.148E-01  1.343E-01  1.515E-01  1.685E-01  1.828E-01  2.033E-01  2.279E-01  2.560E-01  2.900E-01  3.090E-01  3.473E-01  3.828E-01  4.079E-01  4.518E-01  4.925E-01  5.328E-01  5.773E-01  6.251E-01  6.780E-01  7.255E-01  7.923E-01  8.411E-01  9.081E-01  9.641E-01  1.026E+00  1.096E+00  1.164E+00  1.241E+00  1.310E+00  1.398E+00  1.465E+00  1.557E+00  1.633E+00  1.692E+00  1.794E+00  1.864E+00  1.964E+00  2.034E+00  2.108E+00  2.201E+00  2.272E+00  2.348E+00  2.417E+00  2.455E+00  2.528E+00  2.573E+00  2.644E+00  2.675E+00  2.706E+00  2.756E+00  2.783E+00  2.801E+00  2.802E+00  2.815E+00  2.812E+00  2.809E+00  2.809E+00  2.776E+00  2.755E+00  2.726E+00  2.687E+00  2.643E+00  2.588E+00  2.535E+00  2.481E+00  2.424E+00  2.353E+00  2.282E+00  2.207E+00  2.146E+00  2.064E+00  1.970E+00  1.892E+00  1.802E+00  1.720E+00  1.629E+00  1.548E+00  1.452E+00  1.373E+00  1.290E+00  1.210E+00  1.116E+00  1.036E+00  9.668E-01  8.827E-01  8.168E-01  7.491E-01  6.844E-01  6.239E-01  5.643E-01  5.145E-01  4.612E-01  4.196E-01  3.748E-01  3.328E-01  2.929E-01  2.640E-01  2.321E-01  2.028E-01  1.797E-01  1.564E-01  1.338E-01  1.140E-01  1.014E-01  8.610E-02  7.334E-02  5.997E-02  5.205E-02  4.370E-02  3.744E-02  2.890E-02  2.433E-02  2.012E-02  1.760E-02  1.380E-02  1.062E-02  8.617E-03  7.005E-03  5.674E-03  4.637E-03  3.404E-03  2.602E-03  2.185E-03  1.478E-03  1.031E-03  8.428E-04  7.172E-04  4.925E-04  2.099E-04  1.989E-04  1.602E-04  1.053E-04  9.280E-05  3.871E-05  5.251E-05  1.331E-05  1.304E-05  2.529E-05  0.000E+00  Z
 0.000E+00  1.345E-04  4.138E-04  6.124E-04  3.850E-04  1.046E-03  8.341E-04  1.848E-03  2.296E-03  3.020E-03  3.735E-03  5.351E-03  5.961E-03  1.010E-02  1.098E-02  1.428E-02  1.751E-02  2.072E-02  2.489E-02  3.070E-02  3.757E-02  4.159E-02  5.219E-02  5.817E-02  7.071E-02  7.697E-02  9.127E-02  1.026E-01  1.163E-01  1.300E-01  1.463E-01  1.692E-01  1.838E-01  2.093E-01  2.332E-01  2.609E-01  2.839E-01  3.127E-01  3.405E-01  3.729E-01  4.146E-01  4.525E-01  4.882E-01  5.321E-01  5.765E-01  6.255E-01  6.754E-01  7.224E-01  7.885E-01  8.461E-01  8.982E-01  9.680E-01  1.022E+00  1.086E+00  1.157E+00  1.228E+00  1.303E+00  1.378E+00  1.463E+00  1.530E+00  1.609E+00  1.712E+00  1.800E+00  1.881E+00  1.981E+00  2.052E+00  2.159E+00  2.261E+00  2.348E+00  2.435E+00  2.539E+00  2.625E+00  2.728E+00  2.831E+00  2.895E+00  3.011E+00  3.085E+00  3.168E+00  3.252E+00  3.324E+00  3.405E+00  3.437E+00  3.513E+00  3.570E+00  3.617E+00  3.650E+00  3.667E+00  3.689E+00  3.694E+00  3.691E+00  3.684E+00  3.683E+00  3.648E+00  3.592E+00  3.557E+00  3.519E+00  3.462E+00  3.399E+00  3.316E+00  3.251E+00  3.166E+00  3.074E+00  2.985E+00  2.884E+00  2.775E+00  2.673E+00  2.580E+00  2.462E+00  2.346E+00  2.227E+00  2.109E+00  1.997E+00  1.886E+00  1.767E+00  1.666E+00  1.555E+00  1.456E+00  1.348E+00  1.243E+00  1.149E+00  1.045E+00  9.774E-01  8.861E-01  8.075E-01  7.377E-01  6.569E-01  5.972E-01  5.338E-01  4.815E-01  4.246E-01  3.801E-01  3.352E-01  2.999E-01  2.647E-01  2.309E-01  2.009E-01  1.738E-01  1.498E-01  1.296E-01  1.132E-01  9.360E-02  8.135E-02  7.044E-02  5.902E-02  4.882E-02  4.100E-02  3.336E-02  2.845E-02  2.386E-02  2.010E-02  1.566E-02  1.397E-02  1.037E-02  8.126E-03  6.257E-03  5.696E-03  4.203E-03  3.638E-03  2.489E-03  2.129E-03  1.721E-03  1.290E-03  1.024E-03  7.689E-04  7.667E-04  4.700E-04  3.049E-04  1.142E-04  1.876E-04  1.625E-04  7.499E-05  6.284E-05  5.010E-05  2.452E-05  0.000E+00  Z
 2.452E-04  6.716E-04  4.149E-04  5.257E-04  6.183E-04  4.181E-04  9.628E-04  8.352E-04  1.569E-03  1.964E-03  2.975E-03  3.662E-03  5.177E-03  4.805E-03  7.211E-03  9.549E-03  1.162E-02  1.341E-02  1.691E-02  2.002E-02  2.584E-02  2.920E-02  3.453E-02  4.137E-02  4.715E-02  5.831E-02  6.675E-02  7.509E-02  8.626E-02  9.975E-02  1.095E-01  1.272E-01  1.432E-01  1.636E-01  1.748E-01  1.984E-01  2.240E-01  2.498E-01  2.706E-01  3.052E-01  3.329E-01  3.547E-01  3.994E-01  4.316E-01  4.740E-01  5.185E-01  5.462E-01  5.915E-01  6.457E-01  6.962E-01  7.454E-01  8.045E-01  8.612E-01  9.210E-01  9.864E-01  1.051E+00  1.117E+00  1.193E+00  1.257E+00  1.327E+00  1.412E+00  1.493E+00  1.556E+00  1.650E+00  1.732E+00  1.820E+00  1.921E+00  2.015E+00  2.119E+00  2.211E+00  2.312E+00  2.402E+00  2.508E+00  2.620E+00  2.736E+00  2.830E+00  2.941E+00  3.054E+00  3.173E+00  3.267E+00  3.382E+00  3.493E+00  3.614E+00  3.706E+00  3.848E+00  3.948E+00  4.044E+00  4.148E+00  4.269E+00  4.350E+00  4.460E+00  4.551E+00  4.635E+00  4.706E+00  4.794E+00  4.848E+00  4.889E+00  4.946E+00  4.991E+00  5.013E+00  5.026E+00  5.040E+00  5.041E+00  5.013E+00  4.981E+00  4.945E+00  4.879E+00  4.833E+00  4.759E+00  4.671E+00  4.583E+00  4.482E+00  4.370E+00  4.249E+00  4.120E+00  3.996E+00  3.863E+00  3.720E+00  3.563E+00  3.412E+00  3.270E+00  3.111E+00  2.954E+00  2.803E+00  2.637E+00  2.473E+00  2.326E+00  2.177E+00  2.035E+00  1.892E+00  1.751E+00  1.622E+00  1.493E+00  1.373E+00  1.249E+00  1.146E+00  1.037E+00  9.433E-01  8.501E-01  7.599E-01  6.828E-01  6.183E-01  5.484E-01  4.808E-01  4.345E-01  3.775E-01  3.337E-01  2.922E-01  2.551E-01  2.194E-01  1.914E-01  1.633E-01  1.406E-01  1.198E-01  1.014E-01  8.980E-02  7.369E-02  6.295E-02  5.273E-02  4.349E-02  3.595E-02  3.073E-02  2.578E-02  2.073E-02  1.772E-02  1.407E-02  1.177E-02  9.516E-03  7.766E-03  6.053E-03  4.838E-03  4.444E-03  3.353E-03  2.394E-03  2.422E-03  1.621E-03  1.147E-03  9.207E-04  7.834E-04  5.266E-04  5.465E-04  2.681E-04  2.644E-04  2.043E-04  1.338E-04  1.820E-04  1.203E-04  7.120E-05  8.366E-05  3.608E-05  3.586E-05  3.421E-05  1.221E-05  1.225E-05  1.125E-05  0.000E+00  Z
 0.000E+00  9.393E-04  9.334E-04  6.999E-04  7.699E-04  4.189E-04  1.283E-03  1.015E-03  1.512E-03  2.176E-03  2.931E-03  2.846E-03  4.297E-03  3.957E-03  5.581E-03  6.729E-03  9.122E-03  1.102E-02  1.334E-02  1.817E-02  1.983E-02  2.464E-02  2.952E-02  3.477E-02  3.952E-02  4.859E-02  5.299E-02  6.301E-02  7.363E-02  8.205E-02  9.618E-02  1.079E-01  1.228E-01  1.352E-01  1.499E-01  1.726E-01  1.919E-01  2.131E-01  2.399E-01  2.627E-01  2.937E-01  3.157E-01  3.530E-01  3.820E-01  4.194E-01  4.566E-01  4.973E-01  5.321E-01  5.802E-01  6.262E-01  6.757E-01  7.319E-01  7.790E-01  8.438E-01  8.989E-01  9.546E-01  1.027E+00  1.078E+00  1.150E+00  1.235E+00  1.301E+00  1.372E+00  1.459E+00  1.538E+00  1.613E+00  1.702E+00  1.800E+00  1.880E+00  1.978E+00  2.079E+00  2.172E+00  2.282E+00  2.397E+00  2.495E+00  2.612E+00  2.705E+00  2.833E+00  2.945E+00  3.064E+00  3.179E+00  3.293E+00  3.418E+00  3.540E+00  3.671E+00  3.795E+00  3.924E+00  4.057E+00  4.162E+00  4.290E+00  4.422E+00  4.554E+00  4.690E+00  4.822E+00  4.937E+00  5.054E+00  5.185E+00  5.295E+00  5.418E+00  5.520E+00  5.626E+00  5.736E+00  5.811E+00  5.916E+00  5.972E+00  6.056E+00  6.117E+00  6.172E+00  6.217E+00  6.222E+00  6.252E+00  6.249E+00  6.245E+00  6.217E+00  6.171E+00  6.152E+00  6.078E+00  5.999E+00  5.884E+00  5.822E+00  5.681E+00  5.550E+00  5.417E+00  5.266E+00  5.117E+00  4.954E+00  4.773E+00  4.600E+00  4.419E+00  4.247E+00  4.043E+00  3.859E+00  3.645E+00  3.469E+00  3.273E+00  3.072E+00  2.893E+00  2.704E+00  2.532E+00  2.342E+00  2.168E+00  2.012E+00  1.852E+00  1.695E+00  1.546E+00  1.416E+00  1.281E+00  1.171E+00  1.056E+00  9.512E-01  8.526E-01  7.636E-01  6.743E-01  6.039E-01  5.314E-01  4.727E-01  4.136E-01  3.624E-01  3.169E-01  2.731E-01  2.393E-01  2.058E-01  1.797E-01  1.542E-01  1.285E-01  1.104E-01  9.272E-02  7.933E-02  6.745E-02  5.616E-02  4.565E-02  3.994E-02  3.246E-02  2.796E-02  2.208E-02  1.808E-02  1.506E-02  1.267E-02  1.006E-02  8.198E-03  7.188E-03  5.743E-03  4.256E-03  3.381E-03  2.987E-03  2.434E-03  1.978E-03  1.700E-03  1.052E-03  8.918E-04  5.709E-04  5.665E-04  6.391E-04  3.181E-04  3.266E-04  2.105E-04  2.568E-04  1.514E-04  1.413E-04  5.817E-05  1.277E-04  6.869E-05  6.948E-05  2.339E-05  4.543E-05  2.305E-05  3.489E-05  0.000E+00  Z
 7.362E-04  4.027E-04  8.271E-04  7.867E-04  8.495E-04  6.968E-04  1.347E-03  8.952E-04  1.737E-03  2.231E-03  2.422E-03  2.990E-03  4.071E-03  4.450E-03  5.750E-03  6.846E-03  8.692E-03  1.070E-02  1.200E-02  1.521E-02  1.812E-02  2.324E-02  2.578E-02  3.069E-02  3.691E-02  4.274E-02  4.964E-02  5.732E-02  6.653E-02  7.720E-02  8.569E-02  9.850E-02  1.088E-01  1.272E-01  1.421E-01  1.559E-01  1.791E-01  1.959E-01  2.217E-01  2.494E-01  2.668E-01  3.008E-01  3.271E-01  3.504E-01  3.885E-01  4.274E-01  4.580E-01  5.012E-01  5.439E-01  5.868E-01  6.373E-01  6.876E-01  7.406E-01  7.911E-01  8.381E-01  9.072E-01  9.669E-01  1.032E+00  1.090E+00  1.169E+00  1.245E+00  1.318E+00  1.395E+00  1.478E+00  1.549E+00  1.637E+00  1.720E+00  1.824E+00  1.909E+00  2.019E+00  2.106E+00  2.214E+00  2.332E+00  2.406E+00  2.536E+00  2.642E+00  2.751E+00  2.882E+00  3.015E+00  3.119E+00  3.244E+00  3.369E+00  3.504E+00  3.632E+00  3.772E+00  3.888E+00  4.029E+00  4.181E+00  4.314E+00  4.447E+00  4.572E+00  4.723E+00  4.858E+00  5.022E+00  5.156E+00  5.306E+00  5.435E+00  5.563E+00  5.712E+00  5.840E+00  5.991E+00  6.106E+00  6.226E+00  6.348E+00  6.465E+00  6.573E+00  6.674E+00  6.799E+00  6.880E+00  6.967E+00  7.007E+00  7.099E+00  7.147E+00  7.191E+00  7.220E+00  7.218E+00  7.236E+00  7.194E+00  7.183E+00  7.134E+00  7.050E+00  6.992E+00  6.888E+00  6.792E+00  6.678E+00  6.537E+00  6.394E+00  6.215E+00  6.066E+00  5.886E+00  5.686E+00  5.485E+00  5.294E+00  5.082E+00  4.873E+00  4.642E+00  4.415E+00  4.202E+00  3.976E+00  3.758E+00  3.531E+00  3.318E+00  3.090E+00  2.885E+00  2.696E+00  2.490E+00  2.301E+00  2.119E+00  1.955E+00  1.784E+00  1.617E+00  1.471E+00  1.342E+00  1.214E+00  1.093E+00  9.762E-01  8.740E-01  7.801E-01  6.915E-01  6.116E-01  5.410E-01  4.732E-01  4.206E-01  3.634E-01  3.175E-01  2.719E-01  2.388E-01  2.066E-01  1.731E-01  1.508E-01  1.265E-01  1.091E-01  9.290E-02  7.736E-02  6.523E-02  5.411E-02  4.620E-02  3.877E-02  3.208E-02  2.533E-02  2.171E-02  1.866E-02  1.503E-02  1.201E-02  1.003E-02  8.395E-03  6.756E-03  5.256E-03  4.112E-03  3.854E-03  2.834E-03  2.203E-03  2.098E-03  1.542E-03  1.151E-03  9.610E-04  7.122E-04  6.169E-04  3.948E-04  3.692E-04  4.061E-04  2.771E-04  1.233E-04  2.198E-04  1.721E-04  1.040E-04  1.130E-04  4.649E-05  3.495E-05  4.590E-05  4.423E-05  3.347E-05  3.449E-05  1.087E-05  1.116E-05  0.000E+00  Z
 4.903E-04  0.000E+00  7.248E-04  4.389E-04  6.165E-04  9.073E-04  1.218E-03  1.193E-03  1.460E-03  1.807E-03  2.567E-03  2.840E-03  3.517E-03  4.846E-03  5.879E-03  6.891E-03  9.533E-03  1.012E-02  1.288E-02  1.451E-02  1.932E-02  2.068E-02  2.488E-02  3.079E-02  3.446E-02  4.026E-02  4.782E-02  5.873E-02  6.750E-02  7.411E-02  8.590E-02  9.516E-02  1.094E-01  1.240E-01  1.432E-01  1.567E-01  1.745E-01  1.963E-01  2.141E-01  2.389E-01  2.644E-01  2.921E-01  3.256E-01  3.541E-01  3.878E-01  4.245E-01  4.576E-01  5.030E-01  5.393E-01  5.873E-01  6.333E-01  6.819E-01  7.327E-01  7.802E-01  8.494E-01  8.969E-01  9.604E-01  1.022E+00  1.084E+00  1.158E+00  1.233E+00  1.308E+00  1.389E+00  1.470E+00  1.547E+00  1.640E+00  1.721E+00  1.813E+00  1.917E+00  2.003E+00  2.107E+00  2.208E+00  2.305E+00  2.419E+00  2.520E+00  2.635E+00  2.755E+00  2.856E+00  2.999E+00  3.118E+00  3.247E+00  3.374E+00  3.499E+00  3.641E+00  3.772E+00  3.900E+00  4.036E+00  4.162E+00  4.310E+00  4.464E+00  4.587E+00  4.732E+00  4.877E+00  5.028E+00  5.166E+00  5.311E+00  5.458E+00  5.599E+00  5.738E+00  5.882E+00  6.009E+00  6.122E+00  6.269E+00  6.383E+00  6.505E+00  6.642E+00  6.741E+00  6.821E+00  6.943E+00  7.018E+00  7.098E+00  7.192E+00  7.240E+00  7.283E+00  7.320E+00  7.345E+00  7.341E+00  7.341E+00  7.328E+00  7.264E+00  7.245E+00  7.164E+00  7.083E+00  6.983E+00  6.878E+00  6.748E+00  6.602E+00  6.453E+00  6.280E+00  6.113E+00  5.924E+00  5.734E+00  5.515E+00  5.332E+00  5.088E+00  4.873E+00  4.652E+00  4.436E+00  4.212E+00  3.973E+00  3.757E+00  3.514E+00  3.308E+00  3.087E+00  2.879E+00  2.685E+00  2.472E+00  2.288E+00  2.109E+00  1.933E+00  1.775E+00  1.611E+00  1.464E+00  1.330E+00  1.193E+00  1.070E+00  9.558E-01  8.593E-01  7.669E-01  6.803E-01  5.976E-01  5.316E-01  4.650E-01  4.126E-01  3.558E-01  3.094E-01  2.707E-01  2.297E-01  2.004E-01  1.715E-01  1.477E-01  1.243E-01  1.057E-01  8.798E-02  7.648E-02  6.295E-02  5.357E-02  4.335E-02  3.773E-02  3.026E-02  2.562E-02  2.102E-02  1.700E-02  1.390E-02  1.194E-02  9.660E-03  8.027E-03  6.436E-03  5.304E-03  4.053E-03  3.515E-03  2.727E-03  2.367E-03  2.077E-03  1.548E-03  1.193E-03  9.128E-04  7.801E-04  7.534E-04  3.831E-04  3.007E-04  1.489E-04  1.608E-04  1.471E-04  1.263E-04  1.132E-04  6.827E-05  7.786E-05  4.530E-05  4.598E-05  6.782E-05  3.450E-05  1.116E-05  3.425E-05  0.000E+00  Z
 2.457E-04  5.360E-04  6.203E-04  1.314E-03  1.003E-03  6.267E-04  1.090E-03  1.312E-03  1.400E-03  2.174E-03  2.321E-03  2.364E-03  3.051E-03  4.444E-03  4.895E-03  5.478E-03  7.120E-03  1.035E-02  1.209E-02  1.421E-02  1.689E-02  2.037E-02  2.533E-02  3.065E-02  3.563E-02  4.335E-02  4.866E-02  5.539E-02  6.282E-02  7.604E-02  8.597E-02  9.840E-02  1.068E-01  1.192E-01  1.405E-01  1.582E-01  1.733E-01  1.943E-01  2.190E-01  2.360E-01  2.642E-01  2.890E-01  3.204E-01  3.498E-01  3.832E-01  4.170E-01  4.519E-01  4.945E-01  5.389E-01  5.804E-01  6.257E-01  6.729E-01  7.150E-01  7.752E-01  8.460E-01  8.979E-01  9.540E-01  1.009E+00  1.089E+00  1.151E+00  1.227E+00  1.295E+00  1.366E+00  1.451E+00  1.528E+00  1.621E+00  1.713E+00  1.799E+00  1.903E+00  2.007E+00  2.095E+00  2.210E+00  2.299E+00  2.421E+00  2.516E+00  2.633E+00  2.757E+00  2.863E+00  2.976E+00  3.116E+00  3.237E+00  3.368E+00  3.491E+00  3.631E+00  3.779E+00  3.900E+00  4.035E+00  4.167E+00  4.317E+00  4.456E+00  4.608E+00  4.749E+00  4.895E+00  5.055E+00  5.185E+00  5.329E+00  5.470E+00  5.604E+00  5.744E+00  5.893E+00  6.027E+00  6.165E+00  6.309E+00  6.435E+00  6.578E+00  6.698E+00  6.803E+00  6.912E+00  7.025E+00  7.105E+00  7.193E+00  7.266E+00  7.352E+00  7.412E+00  7.457E+00  7.462E+00  7.512E+00  7.502E+00  7.489E+00  7.462E+00  7.416E+00  7.392E+00  7.324E+00  7.204E+00  7.117E+00  6.988E+00  6.873E+00  6.729E+00  6.577E+00  6.409E+00  6.215E+00  6.017E+00  5.818E+00  5.603E+00  5.401E+00  5.176E+00  4.954E+00  4.728E+00  4.478E+00  4.259E+00  4.024E+00  3.803E+00  3.577E+00  3.340E+00  3.125E+00  2.917E+00  2.704E+00  2.509E+00  2.313E+00  2.135E+00  1.947E+00  1.768E+00  1.628E+00  1.476E+00  1.332E+00  1.202E+00  1.085E+00  9.708E-01  8.694E-01  7.690E-01  6.807E-01  6.100E-01  5.330E-01  4.628E-01  4.057E-01  3.558E-01  3.090E-01  2.697E-01  2.314E-01  1.979E-01  1.725E-01  1.478E-01  1.255E-01  1.061E-01  8.844E-02  7.695E-02  6.395E-02  5.307E-02  4.397E-02  3.568E-02  3.125E-02  2.575E-02  2.123E-02  1.797E-02  1.448E-02  1.166E-02  9.539E-03  8.012E-03  6.633E-03  5.637E-03  3.883E-03  3.516E-03  2.607E-03  2.354E-03  1.615E-03  1.489E-03  1.210E-03  1.063E-03  8.859E-04  5.911E-04  5.312E-04  3.605E-04  3.811E-04  1.619E-04  1.960E-04  2.510E-04  1.253E-04  1.138E-04  4.513E-05  9.028E-05  2.298E-05  3.378E-05  2.255E-05  1.070E-05  1.164E-05  1.109E-05  0.000E+00  Z
 0.000E+00  9.380E-04  1.138E-03  3.502E-04  3.858E-04  8.365E-04  1.088E-03  1.432E-03  1.628E-03  1.111E-03  2.471E-03  2.217E-03  3.099E-03  4.537E-03  5.100E-03  6.888E-03  7.647E-03  1.070E-02  1.273E-02  1.565E-02  1.740E-02  2.206E-02  2.494E-02  3.021E-02  3.616E-02  4.068E-02  4.835E-02  5.447E-02  6.194E-02  7.177E-02  8.335E-02  9.488E-02  1.079E-01  1.236E-01  1.346E-01  1.577E-01  1.751E-01  1.958E-01  2.163E-01  2.399E-01  2.666E-01  2.889E-01  3.191E-01  3.453E-01  3.838E-01  4.135E-01  4.528E-01  4.904E-01  5.345E-01  5.824E-01  6.216E-01  6.753E-01  7.197E-01  7.775E-01  8.405E-01  8.901E-01  9.535E-01  1.014E+00  1.078E+00  1.146E+00  1.230E+00  1.291E+00  1.375E+00  1.448E+00  1.531E+00  1.623E+00  1.698E+00  1.797E+00  1.900E+00  1.996E+00  2.088E+00  2.195E+00  2.291E+00  2.412E+00  2.506E+00  2.628E+00  2.740E+00  2.874E+00  2.987E+00  3.102E+00  3.231E+00  3.374E+00  3.490E+00  3.619E+00  3.763E+00  3.899E+00  4.031E+00  4.182E+00  4.310E+00  4.469E+00  4.599E+00  4.739E+00  4.887E+00  5.033E+00  5.182E+00  5.334E+00  5.469E+00  5.618E+00  5.752E+00  5.904E+00  6.033E+00  6.151E+00  6.303E+00  6.448E+00  6.564E+00  6.689E+00  6.802E+00  6.934E+00  7.013E+00  7.117E+00  7.216E+00  7.273E+00  7.361E+00  7.409E+00  7.457E+00  7.488E+00  7.503E+00  7.517E+00  7.530E+00  7.484E+00  7.447E+00  7.396E+00  7.331E+00  7.232E+00  7.142E+00  7.017E+00  6.891E+00  6.739E+00  6.602E+00  6.424E+00  6.259E+00  6.055E+00  5.850E+00  5.656E+00  5.423E+00  5.210E+00  4.983E+00  4.759E+00  4.516E+00  4.295E+00  4.052E+00  3.824E+00  3.607E+00  3.372E+00  3.159E+00  2.945E+00  2.733E+00  2.529E+00  2.332E+00  2.154E+00  1.967E+00  1.800E+00  1.639E+00  1.481E+00  1.344E+00  1.219E+00  1.103E+00  9.764E-01  8.844E-01  7.814E-01  6.924E-01  6.098E-01  5.390E-01  4.732E-01  4.149E-01  3.645E-01  3.160E-01  2.732E-01  2.380E-01  2.025E-01  1.718E-01  1.494E-01  1.263E-01  1.075E-01  9.070E-02  7.848E-02  6.276E-02  5.402E-02  4.635E-02  3.815E-02  3.310E-02  2.588E-02  2.087E-02  1.804E-02  1.553E-02  1.238E-02  9.548E-03  8.659E-03  6.649E-03  5.575E-03  4.446E-03  3.411E-03  2.716E-03  2.230E-03  1.699E-03  1.370E-03  1.332E-03  9.906E-04  6.599E-04  5.535E-04  5.682E-04  3.575E-04  3.946E-04  3.201E-04  1.820E-04  1.375E-04  1.366E-04  9.152E-05  1.031E-04  6.753E-05  6.888E-05  4.552E-05  2.296E-05  2.269E-05  0.000E+00  Z
 2.207E-03  4.013E-04  3.114E-04  4.371E-04  6.175E-04  1.255E-03  5.760E-04  1.193E-03  1.905E-03  2.120E-03  2.773E-03  2.794E-03  3.145E-03  5.023E-03  5.153E-03  6.599E-03  8.734E-03  9.639E-03  1.167E-02  1.388E-02  1.677E-02  2.083E-02  2.599E-02  3.069E-02  3.441E-02  4.002E-02  4.982E-02  5.406E-02  6.499E-02  7.527E-02  8.607E-02  9.826E-02  1.089E-01  1.199E-01  1.340E-01  1.526E-01  1.704E-01  1.880E-01  2.158E-01  2.365E-01  2.636E-01  2.916E-01  3.158E-01  3.434E-01  3.863E-01  4.182E-01  4.525E-01  4.919E-01  5.326E-01  5.748E-01  6.228E-01  6.721E-01  7.238E-01  7.752E-01  8.273E-01  8.880E-01  9.533E-01  1.016E+00  1.078E+00  1.148E+00  1.231E+00  1.296E+00  1.373E+00  1.453E+00  1.543E+00  1.615E+00  1.706E+00  1.805E+00  1.886E+00  1.977E+00  2.080E+00  2.180E+00  2.299E+00  2.406E+00  2.539E+00  2.623E+00  2.744E+00  2.865E+00  2.987E+00  3.105E+00  3.232E+00  3.355E+00  3.496E+00  3.619E+00  3.752E+00  3.908E+00  4.042E+00  4.194E+00  4.314E+00  4.444E+00  4.604E+00  4.746E+00  4.895E+00  5.041E+00  5.184E+00  5.347E+00  5.478E+00  5.627E+00  5.772E+00  5.910E+00  6.067E+00  6.192E+00  6.326E+00  6.462E+00  6.601E+00  6.700E+00  6.831E+00  6.959E+00  7.041E+00  7.141E+00  7.260E+00  7.336E+00  7.398E+00  7.466E+00  7.522E+00  7.555E+00  7.580E+00  7.600E+00  7.606E+00  7.572E+00  7.562E+00  7.497E+00  7.429E+00  7.349E+00  7.260E+00  7.139E+00  7.026E+00  6.875E+00  6.725E+00  6.556E+00  6.369E+00  6.181E+00  5.983E+00  5.773E+00  5.567E+00  5.333E+00  5.127E+00  4.889E+00  4.661E+00  4.414E+00  4.189E+00  3.940E+00  3.728E+00  3.496E+00  3.277E+00  3.043E+00  2.843E+00  2.636E+00  2.435E+00  2.254E+00  2.058E+00  1.889E+00  1.725E+00  1.571E+00  1.423E+00  1.275E+00  1.156E+00  1.036E+00  9.297E-01  8.271E-01  7.344E-01  6.518E-01  5.787E-01  5.010E-01  4.446E-01  3.887E-01  3.418E-01  2.939E-01  2.558E-01  2.155E-01  1.899E-01  1.602E-01  1.370E-01  1.145E-01  9.785E-02  8.089E-02  7.043E-02  5.851E-02  4.927E-02  4.255E-02  3.471E-02  2.878E-02  2.413E-02  1.927E-02  1.648E-02  1.406E-02  1.079E-02  9.217E-03  7.287E-03  5.928E-03  5.046E-03  4.184E-03  2.882E-03  2.528E-03  2.134E-03  1.501E-03  1.587E-03  1.035E-03  8.514E-04  6.644E-04  6.447E-04  5.742E-04  3.832E-04  2.878E-04  2.046E-04  2.297E-04  1.030E-04  1.012E-04  8.902E-05  9.148E-05  3.325E-05  4.611E-05  4.521E-05  2.270E-05  2.221E-05  3.379E-05  0.000E+00  Z
 0.000E+00  4.025E-04  7.258E-04  6.111E-04  6.183E-04  9.765E-04  1.026E-03  1.134E-03  1.123E-03  1.752E-03  2.219E-03  3.082E-03  3.656E-03  3.739E-03  5.022E-03  6.438E-03  8.644E-03  1.050E-02  1.251E-02  1.543E-02  1.873E-02  2.231E-02  2.450E-02  3.159E-02  3.391E-02  4.175E-02  4.797E-02  5.423E-02  6.355E-02  7.274E-02  8.630E-02  9.600E-02  1.073E-01  1.216E-01  1.385E-01  1.523E-01  1.703E-01  1.919E-01  2.107E-01  2.358E-01  2.588E-01  2.841E-01  3.137E-01  3.460E-01  3.730E-01  4.108E-01  4.503E-01  4.856E-01  5.279E-01  5.690E-01  6.224E-01  6.701E-01  7.167E-01  7.718E-01  8.201E-01  8.764E-01  9.496E-01  1.003E+00  1.075E+00  1.142E+00  1.209E+00  1.274E+00  1.366E+00  1.449E+00  1.529E+00  1.614E+00  1.700E+00  1.792E+00  1.875E+00  1.994E+00  2.096E+00  2.181E+00  2.276E+00  2.392E+00  2.495E+00  2.624E+00  2.742E+00  2.853E+00  2.975E+00  3.094E+00  3.227E+00  3.348E+00  3.497E+00  3.616E+00  3.745E+00  3.887E+00  4.031E+00  4.173E+00  4.310E+00  4.466E+00  4.607E+00  4.736E+00  4.901E+00  5.046E+00  5.186E+00  5.327E+00  5.493E+00  5.646E+00  5.791E+00  5.932E+00  6.075E+00  6.212E+00  6.332E+00  6.484E+00  6.605E+00  6.736E+00  6.867E+00  6.976E+00  7.097E+00  7.183E+00  7.313E+00  7.382E+00  7.453E+00  7.527E+00  7.600E+00  7.646E+00  7.667E+00  7.700E+00  7.721E+00  7.702E+00  7.667E+00  7.640E+00  7.593E+00  7.511E+00  7.440E+00  7.317E+00  7.204E+00  7.054E+00  6.916E+00  6.761E+00  6.594E+00  6.389E+00  6.202E+00  6.014E+00  5.785E+00  5.573E+00  5.333E+00  5.114E+00  4.879E+00  4.637E+00  4.400E+00  4.162E+00  3.920E+00  3.687E+00  3.462E+00  3.247E+00  3.013E+00  2.814E+00  2.601E+00  2.400E+00  2.217E+00  2.020E+00  1.859E+00  1.687E+00  1.538E+00  1.393E+00  1.251E+00  1.133E+00  1.011E+00  8.976E-01  8.043E-01  7.167E-01  6.262E-01  5.583E-01  4.916E-01  4.279E-01  3.726E-01  3.249E-01  2.837E-01  2.416E-01  2.090E-01  1.801E-01  1.535E-01  1.301E-01  1.113E-01  9.445E-02  7.676E-02  6.424E-02  5.563E-02  4.614E-02  3.827E-02  3.270E-02  2.686E-02  2.272E-02  1.815E-02  1.500E-02  1.247E-02  1.045E-02  8.015E-03  6.905E-03  5.506E-03  4.682E-03  3.482E-03  2.970E-03  2.373E-03  1.673E-03  1.718E-03  1.307E-03  1.236E-03  9.583E-04  6.961E-04  4.709E-04  3.924E-04  3.550E-04  3.209E-04  2.400E-04  1.589E-04  1.364E-04  1.699E-04  7.852E-05  4.493E-05  3.390E-05  0.000E+00  Z
 9.799E-04  4.021E-04  6.214E-04  5.249E-04  7.702E-04  1.254E-03  1.349E-03  1.372E-03  1.737E-03  2.173E-03  2.420E-03  2.841E-03  3.606E-03  4.582E-03  5.196E-03  5.437E-03  8.412E-03  9.029E-03  1.163E-02  1.389E-02  1.678E-02  2.217E-02  2.455E-02  2.896E-02  3.448E-02  4.046E-02  4.695E-02  5.382E-02  6.370E-02  6.894E-02  8.253E-02  9.194E-02  1.044E-01  1.187E-01  1.338E-01  1.470E-01  1.652E-01  1.870E-01  2.087E-01  2.318E-01  2.544E-01  2.837E-01  3.088E-01  3.407E-01  3.751E-01  4.031E-01  4.446E-01  4.829E-01  5.225E-01  5.678E-01  6.047E-01  6.575E-01  7.130E-01  7.645E-01  8.156E-01  8.685E-01  9.262E-01  1.004E+00  1.067E+00  1.127E+00  1.205E+00  1.282E+00  1.344E+00  1.430E+00  1.518E+00  1.598E+00  1.683E+00  1.770E+00  1.871E+00  1.984E+00  2.072E+00  2.169E+00  2.278E+00  2.380E+00  2.480E+00  2.614E+00  2.716E+00  2.840E+00  2.957E+00  3.071E+00  3.210E+00  3.356E+00  3.472E+00  3.620E+00  3.754E+00  3.888E+00  4.020E+00  4.181E+00  4.302E+00  4.450E+00  4.619E+00  4.752E+00  4.911E+00  5.055E+00  5.212E+00  5.351E+00  5.500E+00  5.648E+00  5.831E+00  5.961E+00  6.109E+00  6.246E+00  6.379E+00  6.541E+00  6.696E+00  6.816E+00  6.954E+00  7.048E+00  7.170E+00  7.298E+00  7.402E+00  7.514E+00  7.586E+00  7.697E+00  7.765E+00  7.795E+00  7.863E+00  7.891E+00  7.945E+00  7.943E+00  7.937E+00  7.891E+00  7.865E+00  7.809E+00  7.735E+00  7.636E+00  7.536E+00  7.435E+00  7.285E+00  7.151E+00  6.988E+00  6.806E+00  6.609E+00  6.412E+00  6.205E+00  5.995E+00  5.768E+00  5.548E+00  5.281E+00  5.041E+00  4.804E+00  4.563E+00  4.306E+00  4.078E+00  3.843E+00  3.594E+00  3.360E+00  3.135E+00  2.915E+00  2.705E+00  2.500E+00  2.297E+00  2.118E+00  1.926E+00  1.759E+00  1.600E+00  1.456E+00  1.314E+00  1.183E+00  1.056E+00  9.452E-01  8.383E-01  7.519E-01  6.638E-01  5.845E-01  5.128E-01  4.500E-01  3.856E-01  3.435E-01  2.970E-01  2.535E-01  2.221E-01  1.896E-01  1.620E-01  1.398E-01  1.191E-01  9.776E-02  8.513E-02  7.128E-02  5.971E-02  4.933E-02  4.328E-02  3.460E-02  2.920E-02  2.293E-02  1.987E-02  1.679E-02  1.305E-02  1.012E-02  9.200E-03  7.010E-03  6.423E-03  5.194E-03  4.039E-03  3.433E-03  2.541E-03  1.943E-03  1.816E-03  1.317E-03  1.102E-03  8.910E-04  7.377E-04  4.503E-04  5.104E-04  3.996E-04  2.499E-04  1.824E-04  1.130E-04  1.367E-04  7.913E-05  1.132E-04  5.615E-05  2.302E-05  3.342E-05  2.215E-05  2.184E-05  2.233E-05  4.552E-05  0.000E+00  Z
 0.000E+00  4.024E-04  5.178E-04  3.504E-04  1.157E-03  1.115E-03  8.987E-04  1.915E-03  1.514E-03  1.859E-03  2.322E-03  2.264E-03  3.563E-03  4.359E-03  4.461E-03  6.434E-03  8.293E-03  1.000E-02  1.178E-02  1.343E-02  1.671E-02  1.936E-02  2.381E-02  2.921E-02  3.299E-02  4.087E-02  4.734E-02  5.153E-02  6.047E-02  7.040E-02  7.985E-02  8.855E-02  1.034E-01  1.191E-01  1.323E-01  1.477E-01  1.663E-01  1.875E-01  2.076E-01  2.299E-01  2.511E-01  2.831E-01  3.038E-01  3.368E-01  3.674E-01  4.073E-01  4.334E-01  4.734E-01  5.129E-01  5.557E-01  6.028E-01  6.510E-01  7.045E-01  7.580E-01  8.084E-01  8.694E-01  9.276E-01  9.854E-01  1.052E+00  1.120E+00  1.192E+00  1.262E+00  1.335E+00  1.417E+00  1.495E+00  1.586E+00  1.677E+00  1.764E+00  1.849E+00  1.951E+00  2.050E+00  2.164E+00  2.267E+00  2.378E+00  2.481E+00  2.597E+00  2.712E+00  2.832E+00  2.944E+00  3.078E+00  3.205E+00  3.328E+00  3.452E+00  3.609E+00  3.728E+00  3.872E+00  4.025E+00  4.142E+00  4.300E+00  4.459E+00  4.602E+00  4.781E+00  4.923E+00  5.060E+00  5.209E+00  5.368E+00  5.522E+00  5.672E+00  5.832E+00  5.984E+00  6.154E+00  6.276E+00  6.431E+00  6.592E+00  6.748E+00  6.887E+00  6.993E+00  7.121E+00  7.249E+00  7.396E+00  7.513E+00  7.621E+00  7.716E+00  7.810E+00  7.897E+00  7.975E+00  8.022E+00  8.068E+00  8.096E+00  8.121E+00  8.145E+00  8.127E+00  8.100E+00  8.063E+00  8.010E+00  7.913E+00  7.854E+00  7.734E+00  7.622E+00  7.500E+00  7.317E+00  7.175E+00  6.987E+00  6.786E+00  6.591E+00  6.378E+00  6.149E+00  5.915E+00  5.692E+00  5.437E+00  5.183E+00  4.937E+00  4.698E+00  4.447E+00  4.190E+00  3.952E+00  3.695E+00  3.469E+00  3.225E+00  3.004E+00  2.791E+00  2.570E+00  2.367E+00  2.171E+00  1.985E+00  1.814E+00  1.649E+00  1.490E+00  1.346E+00  1.206E+00  1.089E+00  9.782E-01  8.709E-01  7.717E-01  6.826E-01  6.048E-01  5.304E-01  4.674E-01  4.053E-01  3.561E-01  3.081E-01  2.657E-01  2.295E-01  1.973E-01  1.679E-01  1.438E-01  1.206E-01  1.044E-01  8.774E-02  7.489E-02  6.155E-02  5.176E-02  4.380E-02  3.687E-02  2.860E-02  2.506E-02  2.104E-02  1.738E-02  1.363E-02  1.168E-02  9.110E-03  7.960E-03  6.217E-03  5.076E-03  4.264E-03  3.560E-03  3.287E-03  2.049E-03  1.488E-03  1.513E-03  1.168E-03  8.805E-04  8.754E-04  5.701E-04  4.363E-04  3.187E-04  2.980E-04  1.826E-04  8.038E-05  1.348E-04  1.003E-04  7.816E-05  7.939E-05  7.932E-05  3.395E-05  0.000E+00  Z
 2.448E-04  2.682E-04  8.292E-04  4.377E-04  7.722E-04  1.047E-03  1.283E-03  1.433E-03  1.234E-03  2.491E-03  2.066E-03  2.313E-03  3.281E-03  3.826E-03  5.539E-03  6.890E-03  6.796E-03  1.047E-02  1.171E-02  1.467E-02  1.809E-02  2.051E-02  2.632E-02  2.748E-02  3.378E-02  3.776E-02  4.395E-02  5.234E-02  6.080E-02  7.019E-02  7.735E-02  9.109E-02  1.029E-01  1.165E-01  1.314E-01  1.468E-01  1.690E-01  1.824E-01  2.046E-01  2.253E-01  2.536E-01  2.767E-01  3.066E-01  3.344E-01  3.642E-01  4.018E-01  4.347E-01  4.688E-01  5.157E-01  5.560E-01  5.998E-01  6.559E-01  7.030E-01  7.500E-01  8.095E-01  8.576E-01  9.263E-01  9.859E-01  1.054E+00  1.128E+00  1.191E+00  1.264E+00  1.350E+00  1.412E+00  1.498E+00  1.585E+00  1.676E+00  1.765E+00  1.851E+00  1.940E+00  2.052E+00  2.146E+00  2.261E+00  2.374E+00  2.468E+00  2.590E+00  2.704E+00  2.832E+00  2.947E+00  3.071E+00  3.196E+00  3.332E+00  3.463E+00  3.612E+00  3.732E+00  3.871E+00  4.032E+00  4.170E+00  4.308E+00  4.471E+00  4.626E+00  4.759E+00  4.927E+00  5.064E+00  5.209E+00  5.380E+00  5.542E+00  5.685E+00  5.839E+00  6.002E+00  6.139E+00  6.302E+00  6.444E+00  6.594E+00  6.748E+00  6.901E+00  7.028E+00  7.175E+00  7.298E+00  7.409E+00  7.540E+00  7.646E+00  7.773E+00  7.856E+00  7.938E+00  8.010E+00  8.066E+00  8.153E+00  8.182E+00  8.228E+00  8.231E+00  8.230E+00  8.204E+00  8.169E+00  8.139E+00  8.074E+00  7.983E+00  7.879E+00  7.777E+00  7.625E+00  7.484E+00  7.328E+00  7.144E+00  6.965E+00  6.777E+00  6.534E+00  6.339E+00  6.107E+00  5.877E+00  5.614E+00  5.367E+00  5.124E+00  4.868E+00  4.613E+00  4.360E+00  4.120E+00  3.857E+00  3.628E+00  3.402E+00  3.152E+00  2.931E+00  2.708E+00  2.495E+00  2.292E+00  2.108E+00  1.915E+00  1.754E+00  1.590E+00  1.443E+00  1.291E+00  1.170E+00  1.040E+00  9.287E-01  8.325E-01  7.308E-01  6.464E-01  5.772E-01  4.999E-01  4.404E-01  3.836E-01  3.322E-01  2.924E-01  2.501E-01  2.140E-01  1.804E-01  1.583E-01  1.334E-01  1.144E-01  9.641E-02  8.089E-02  6.781E-02  5.906E-02  4.802E-02  4.083E-02  3.361E-02  2.909E-02  2.376E-02  1.841E-02  1.697E-02  1.294E-02  1.026E-02  8.296E-03  7.061E-03  5.595E-03  5.052E-03  3.889E-03  3.099E-03  2.523E-03  2.161E-03  1.726E-03  1.481E-03  1.189E-03  9.410E-04  8.132E-04  5.744E-04  4.008E-04  4.708E-04  1.920E-04  1.955E-04  1.138E-04  7.786E-05  7.879E-05  5.634E-05  5.628E-05  5.718E-05  3.332E-05  3.372E-05  4.477E-05  1.109E-05  2.300E-05  1.122E-05  0.000E+00  Z
 2.451E-04  5.376E-04  9.305E-04  7.872E-04  1.234E-03  9.056E-04  1.283E-03  1.674E-03  1.851E-03  2.015E-03  2.325E-03  2.656E-03  3.143E-03  3.781E-03  4.931E-03  6.196E-03  7.003E-03  8.794E-03  1.079E-02  1.314E-02  1.675E-02  2.080E-02  2.442E-02  2.845E-02  3.129E-02  3.818E-02  4.477E-02  5.121E-02  6.378E-02  7.132E-02  7.868E-02  9.049E-02  1.033E-01  1.155E-01  1.279E-01  1.474E-01  1.621E-01  1.831E-01  2.029E-01  2.292E-01  2.493E-01  2.750E-01  2.986E-01  3.386E-01  3.648E-01  3.981E-01  4.330E-01  4.716E-01  5.105E-01  5.548E-01  6.048E-01  6.429E-01  6.857E-01  7.511E-01  7.975E-01  8.550E-01  9.151E-01  9.861E-01  1.046E+00  1.108E+00  1.189E+00  1.253E+00  1.333E+00  1.410E+00  1.505E+00  1.586E+00  1.679E+00  1.746E+00  1.844E+00  1.941E+00  2.046E+00  2.145E+00  2.256E+00  2.358E+00  2.478E+00  2.578E+00  2.704E+00  2.820E+00  2.937E+00  3.075E+00  3.208E+00  3.327E+00  3.461E+00  3.596E+00  3.741E+00  3.882E+00  4.019E+00  4.156E+00  4.346E+00  4.453E+00  4.633E+00  4.770E+00  4.934E+00  5.081E+00  5.243E+00  5.375E+00  5.541E+00  5.702E+00  5.842E+00  5.988E+00  6.159E+00  6.327E+00  6.467E+00  6.621E+00  6.785E+00  6.929E+00  7.062E+00  7.205E+00  7.338E+00  7.462E+00  7.584E+00  7.694E+00  7.836E+00  7.896E+00  8.010E+00  8.084E+00  8.163E+00  8.239E+00  8.264E+00  8.311E+00  8.299E+00  8.335E+00  8.325E+00  8.279E+00  8.278E+00  8.209E+00  8.117E+00  8.018E+00  7.913E+00  7.778E+00  7.660E+00  7.492E+00  7.315E+00  7.136E+00  6.952E+00  6.731E+00  6.506E+00  6.281E+00  6.041E+00  5.819E+00  5.562E+00  5.307E+00  5.040E+00  4.800E+00  4.537E+00  4.283E+00  4.038E+00  3.781E+00  3.536E+00  3.299E+00  3.064E+00  2.850E+00  2.629E+00  2.422E+00  2.214E+00  2.035E+00  1.851E+00  1.686E+00  1.528E+00  1.375E+00  1.244E+00  1.105E+00  1.002E+00  8.870E-01  7.892E-01  6.979E-01  6.173E-01  5.419E-01  4.774E-01  4.137E-01  3.582E-01  3.131E-01  2.715E-01  2.341E-01  2.035E-01  1.728E-01  1.460E-01  1.222E-01  1.066E-01  9.059E-02  7.576E-02  6.476E-02  5.320E-02  4.509E-02  3.735E-02  3.217E-02  2.583E-02  2.205E-02  1.774E-02  1.448E-02  1.193E-02  1.005E-02  8.180E-03  6.874E-03  5.716E-03  4.668E-03  3.568E-03  2.729E-03  2.414E-03  1.986E-03  1.444E-03  1.212E-03  1.059E-03  8.134E-04  5.805E-04  4.570E-04  3.203E-04  4.104E-04  2.370E-04  1.700E-04  2.601E-04  1.242E-04  1.337E-04  6.792E-05  4.372E-05  4.487E-05  4.389E-05  4.378E-05  4.451E-05  0.000E+00  Z
 0.000E+00  5.355E-04  8.294E-04  9.607E-04  1.002E-03  8.377E-04  1.090E-03  1.134E-03  1.404E-03  1.220E-03  1.613E-03  2.169E-03  2.819E-03  3.556E-03  4.844E-03  5.812E-03  7.159E-03  9.228E-03  1.053E-02  1.429E-02  1.650E-02  2.070E-02  2.327E-02  2.879E-02  3.184E-02  3.818E-02  4.397E-02  5.135E-02  6.129E-02  6.676E-02  7.692E-02  8.902E-02  9.663E-02  1.146E-01  1.246E-01  1.478E-01  1.610E-01  1.794E-01  2.007E-01  2.207E-01  2.509E-01  2.728E-01  3.019E-01  3.295E-01  3.588E-01  3.942E-01  4.335E-01  4.677E-01  5.024E-01  5.474E-01  5.981E-01  6.458E-01  6.928E-01  7.406E-01  7.990E-01  8.599E-01  9.110E-01  9.696E-01  1.046E+00  1.106E+00  1.178E+00  1.258E+00  1.334E+00  1.404E+00  1.490E+00  1.564E+00  1.659E+00  1.750E+00  1.846E+00  1.943E+00  2.040E+00  2.142E+00  2.246E+00  2.361E+00  2.468E+00  2.583E+00  2.712E+00  2.807E+00  2.943E+00  3.074E+00  3.185E+00  3.320E+00  3.470E+00  3.590E+00  3.730E+00  3.877E+00  4.023E+00  4.178E+00  4.316E+00  4.474E+00  4.629E+00  4.759E+00  4.935E+00  5.080E+00  5.238E+00  5.395E+00  5.573E+00  5.711E+00  5.866E+00  6.053E+00  6.203E+00  6.335E+00  6.519E+00  6.667E+00  6.806E+00  6.967E+00  7.106E+00  7.266E+00  7.391E+00  7.513E+00  7.655E+00  7.755E+00  7.907E+00  7.986E+00  8.104E+00  8.180E+00  8.295E+00  8.362E+00  8.400E+00  8.455E+00  8.480E+00  8.504E+00  8.510E+00  8.497E+00  8.467E+00  8.425E+00  8.364E+00  8.287E+00  8.187E+00  8.056E+00  7.944E+00  7.788E+00  7.636E+00  7.459E+00  7.268E+00  7.063E+00  6.867E+00  6.618E+00  6.371E+00  6.147E+00  5.897E+00  5.634E+00  5.365E+00  5.125E+00  4.873E+00  4.610E+00  4.350E+00  4.086E+00  3.844E+00  3.591E+00  3.331E+00  3.101E+00  2.882E+00  2.658E+00  2.450E+00  2.253E+00  2.055E+00  1.875E+00  1.705E+00  1.537E+00  1.395E+00  1.252E+00  1.129E+00  1.010E+00  8.987E-01  7.950E-01  7.002E-01  6.232E-01  5.427E-01  4.796E-01  4.238E-01  3.603E-01  3.151E-01  2.732E-01  2.379E-01  1.997E-01  1.728E-01  1.479E-01  1.253E-01  1.075E-01  9.109E-02  7.655E-02  6.371E-02  5.415E-02  4.419E-02  3.817E-02  3.110E-02  2.672E-02  2.192E-02  1.739E-02  1.442E-02  1.185E-02  1.014E-02  8.225E-03  6.642E-03  5.509E-03  4.269E-03  3.530E-03  2.931E-03  2.215E-03  2.026E-03  1.327E-03  1.107E-03  8.704E-04  7.482E-04  5.556E-04  5.568E-04  3.992E-04  3.177E-04  1.938E-04  2.031E-04  1.349E-04  1.008E-04  1.567E-04  1.238E-04  6.733E-05  3.380E-05  3.289E-05  4.403E-05  4.373E-05  0.000E+00  Z
 9.820E-04  5.354E-04  6.218E-04  8.746E-04  1.233E-03  1.045E-03  1.410E-03  1.252E-03  1.175E-03  1.591E-03  2.673E-03  2.406E-03  2.912E-03  4.767E-03  5.059E-03  5.151E-03  6.920E-03  8.360E-03  1.102E-02  1.340E-02  1.577E-02  1.921E-02  2.284E-02  2.681E-02  3.037E-02  3.653E-02  4.533E-02  4.915E-02  5.945E-02  6.678E-02  7.893E-02  9.244E-02  1.004E-01  1.156E-01  1.280E-01  1.397E-01  1.602E-01  1.800E-01  2.002E-01  2.185E-01  2.450E-01  2.663E-01  3.017E-01  3.324E-01  3.563E-01  3.920E-01  4.235E-01  4.614E-01  4.992E-01  5.489E-01  5.840E-01  6.393E-01  6.819E-01  7.362E-01  7.953E-01  8.478E-01  9.074E-01  9.676E-01  1.031E+00  1.103E+00  1.163E+00  1.237E+00  1.328E+00  1.388E+00  1.479E+00  1.570E+00  1.650E+00  1.745E+00  1.827E+00  1.935E+00  2.023E+00  2.122E+00  2.237E+00  2.342E+00  2.447E+00  2.566E+00  2.687E+00  2.801E+00  2.930E+00  3.057E+00  3.196E+00  3.316E+00  3.441E+00  3.592E+00  3.722E+00  3.871E+00  4.010E+00  4.165E+00  4.312E+00  4.462E+00  4.599E+00  4.765E+00  4.927E+00  5.086E+00  5.241E+00  5.408E+00  5.552E+00  5.737E+00  5.882E+00  6.067E+00  6.228E+00  6.373E+00  6.540E+00  6.693E+00  6.868E+00  7.014E+00  7.170E+00  7.307E+00  7.474E+00  7.597E+00  7.705E+00  7.857E+00  7.974E+00  8.079E+00  8.187E+00  8.290E+00  8.383E+00  8.472E+00  8.553E+00  8.600E+00  8.641E+00  8.675E+00  8.671E+00  8.681E+00  8.686E+00  8.632E+00  8.551E+00  8.502E+00  8.438E+00  8.319E+00  8.211E+00  8.065E+00  7.916E+00  7.743E+00  7.561E+00  7.376E+00  7.152E+00  6.928E+00  6.694E+00  6.473E+00  6.223E+00  5.962E+00  5.703E+00  5.449E+00  5.166E+00  4.911E+00  4.646E+00  4.391E+00  4.122E+00  3.869E+00  3.616E+00  3.370E+00  3.116E+00  2.886E+00  2.681E+00  2.463E+00  2.260E+00  2.065E+00  1.880E+00  1.700E+00  1.543E+00  1.399E+00  1.254E+00  1.129E+00  1.008E+00  8.955E-01  7.972E-01  7.065E-01  6.245E-01  5.483E-01  4.756E-01  4.173E-01  3.620E-01  3.161E-01  2.751E-01  2.362E-01  2.056E-01  1.712E-01  1.486E-01  1.240E-01  1.060E-01  9.078E-02  7.495E-02  6.284E-02  5.354E-02  4.455E-02  3.776E-02  3.133E-02  2.518E-02  2.103E-02  1.684E-02  1.449E-02  1.167E-02  9.731E-03  7.556E-03  6.379E-03  5.445E-03  4.844E-03  3.793E-03  3.126E-03  2.344E-03  1.825E-03  1.616E-03  1.286E-03  1.020E-03  6.538E-04  7.752E-04  5.803E-04  3.754E-04  2.167E-04  2.372E-04  2.349E-04  1.223E-04  1.807E-04  1.339E-04  7.791E-05  1.128E-05  4.476E-05  3.406E-05  4.452E-05  4.345E-05  2.218E-05  2.182E-05  3.271E-05  1.119E-05  0.000E+00  Z
 2.453E-04  4.016E-04  1.140E-03  7.877E-04  8.461E-04  4.877E-04  1.152E-03  1.432E-03  1.460E-03  2.281E-03  1.967E-03  2.603E-03  3.839E-03  3.780E-03  4.851E-03  6.188E-03  7.641E-03  8.871E-03  9.690E-03  1.258E-02  1.635E-02  1.882E-02  2.287E-02  2.658E-02  3.086E-02  3.699E-02  4.597E-02  4.900E-02  5.517E-02  6.732E-02  7.524E-02  8.398E-02  9.623E-02  1.093E-01  1.228E-01  1.378E-01  1.587E-01  1.749E-01  1.978E-01  2.126E-01  2.371E-01  2.613E-01  2.917E-01  3.243E-01  3.476E-01  3.872E-01  4.135E-01  4.527E-01  4.955E-01  5.344E-01  5.856E-01  6.286E-01  6.783E-01  7.289E-01  7.752E-01  8.328E-01  8.967E-01  9.513E-01  1.015E+00  1.085E+00  1.165E+00  1.235E+00  1.302E+00  1.379E+00  1.460E+00  1.543E+00  1.622E+00  1.725E+00  1.814E+00  1.903E+00  2.012E+00  2.114E+00  2.217E+00  2.320E+00  2.440E+00  2.551E+00  2.670E+00  2.785E+00  2.908E+00  3.043E+00  3.176E+00  3.298E+00  3.434E+00  3.577E+00  3.718E+00  3.873E+00  4.019E+00  4.151E+00  4.293E+00  4.469E+00  4.614E+00  4.779E+00  4.932E+00  5.085E+00  5.260E+00  5.444E+00  5.599E+00  5.789E+00  5.924E+00  6.104E+00  6.286E+00  6.447E+00  6.612E+00  6.758E+00  6.938E+00  7.106E+00  7.243E+00  7.431E+00  7.570E+00  7.710E+00  7.862E+00  8.018E+00  8.155E+00  8.288E+00  8.403E+00  8.523E+00  8.615E+00  8.717E+00  8.820E+00  8.894E+00  8.959E+00  9.025E+00  9.048E+00  9.094E+00  9.080E+00  9.094E+00  9.029E+00  9.043E+00  8.958E+00  8.890E+00  8.805E+00  8.694E+00  8.561E+00  8.417E+00  8.283E+00  8.117E+00  7.895E+00  7.689E+00  7.456E+00  7.229E+00  7.000E+00  6.733E+00  6.475E+00  6.217E+00  5.938E+00  5.656E+00  5.399E+00  5.109E+00  4.828E+00  4.554E+00  4.286E+00  4.016E+00  3.751E+00  3.497E+00  3.253E+00  2.995E+00  2.778E+00  2.562E+00  2.334E+00  2.148E+00  1.954E+00  1.777E+00  1.605E+00  1.452E+00  1.298E+00  1.164E+00  1.041E+00  9.298E-01  8.310E-01  7.339E-01  6.453E-01  5.707E-01  4.993E-01  4.364E-01  3.753E-01  3.289E-01  2.827E-01  2.426E-01  2.101E-01  1.780E-01  1.538E-01  1.293E-01  1.118E-01  9.472E-02  8.025E-02  6.541E-02  5.618E-02  4.656E-02  3.822E-02  3.282E-02  2.616E-02  2.284E-02  1.904E-02  1.525E-02  1.268E-02  1.051E-02  8.910E-03  6.363E-03  5.471E-03  4.286E-03  3.968E-03  3.003E-03  2.312E-03  1.827E-03  1.719E-03  1.234E-03  9.816E-04  9.541E-04  6.664E-04  5.342E-04  4.737E-04  3.287E-04  2.380E-04  2.682E-04  1.121E-04  1.105E-04  8.844E-05  7.812E-05  8.881E-05  3.203E-05  4.463E-05  5.577E-05  5.378E-05  3.243E-05  2.193E-05  0.000E+00  Z
 4.908E-04  6.705E-04  1.036E-03  6.116E-04  8.479E-04  8.372E-04  1.732E-03  1.313E-03  2.020E-03  1.590E-03  2.120E-03  2.075E-03  2.866E-03  3.778E-03  4.850E-03  6.101E-03  6.681E-03  9.113E-03  1.098E-02  1.173E-02  1.577E-02  1.826E-02  2.116E-02  2.553E-02  3.001E-02  3.515E-02  4.285E-02  4.874E-02  5.545E-02  6.185E-02  7.056E-02  8.358E-02  9.596E-02  1.078E-01  1.236E-01  1.359E-01  1.542E-01  1.707E-01  1.918E-01  2.095E-01  2.352E-01  2.611E-01  2.855E-01  3.110E-01  3.426E-01  3.779E-01  4.105E-01  4.485E-01  4.889E-01  5.290E-01  5.691E-01  6.148E-01  6.579E-01  7.104E-01  7.664E-01  8.150E-01  8.863E-01  9.454E-01  1.010E+00  1.074E+00  1.147E+00  1.207E+00  1.292E+00  1.358E+00  1.449E+00  1.530E+00  1.624E+00  1.704E+00  1.794E+00  1.893E+00  1.986E+00  2.088E+00  2.197E+00  2.324E+00  2.414E+00  2.526E+00  2.663E+00  2.775E+00  2.888E+00  3.018E+00  3.158E+00  3.287E+00  3.421E+00  3.559E+00  3.693E+00  3.847E+00  4.003E+00  4.159E+00  4.296E+00  4.477E+00  4.626E+00  4.797E+00  4.941E+00  5.139E+00  5.280E+00  5.446E+00  5.610E+00  5.792E+00  5.984E+00  6.152E+00  6.344E+00  6.499E+00  6.685E+00  6.861E+00  7.024E+00  7.193E+00  7.357E+00  7.511E+00  7.690E+00  7.841E+00  7.987E+00  8.163E+00  8.288E+00  8.426E+00  8.555E+00  8.694E+00  8.824E+00  8.932E+00  9.024E+00  9.132E+00  9.225E+00  9.267E+00  9.325E+00  9.387E+00  9.443E+00  9.447E+00  9.431E+00  9.445E+00  9.401E+00  9.337E+00  9.277E+00  9.194E+00  9.090E+00  8.953E+00  8.802E+00  8.649E+00  8.484E+00  8.294E+00  8.074E+00  7.866E+00  7.612E+00  7.382E+00  7.107E+00  6.855E+00  6.564E+00  6.292E+00  6.012E+00  5.742E+00  5.449E+00  5.159E+00  4.881E+00  4.587E+00  4.297E+00  4.029E+00  3.765E+00  3.498E+00  3.248E+00  3.005E+00  2.769E+00  2.535E+00  2.321E+00  2.132E+00  1.933E+00  1.761E+00  1.593E+00  1.430E+00  1.285E+00  1.150E+00  1.030E+00  9.095E-01  8.072E-01  7.129E-01  6.293E-01  5.480E-01  4.823E-01  4.207E-01  3.621E-01  3.177E-01  2.730E-01  2.357E-01  2.002E-01  1.710E-01  1.469E-01  1.245E-01  1.062E-01  9.110E-02  7.555E-02  6.355E-02  5.305E-02  4.333E-02  3.765E-02  2.995E-02  2.588E-02  2.105E-02  1.771E-02  1.471E-02  1.250E-02  9.687E-03  8.255E-03  6.567E-03  5.330E-03  4.142E-03  3.378E-03  3.022E-03  2.623E-03  1.975E-03  1.443E-03  1.203E-03  1.017E-03  8.903E-04  6.228E-04  5.517E-04  3.392E-04  3.018E-04  2.767E-04  1.684E-04  1.114E-04  1.765E-04  9.949E-05  1.106E-04  9.949E-05  5.557E-05  4.381E-05  2.226E-05  8.531E-05  4.465E-05  0.000E+00  Z
 1.228E-03  5.365E-04  7.245E-04  8.739E-04  8.487E-04  9.759E-04  1.538E-03  1.492E-03  1.064E-03  1.908E-03  1.765E-03  2.505E-03  3.051E-03  3.780E-03  4.213E-03  5.772E-03  6.877E-03  7.806E-03  1.013E-02  1.211E-02  1.561E-02  1.847E-02  2.049E-02  2.522E-02  3.115E-02  3.327E-02  4.163E-02  4.741E-02  5.452E-02  6.340E-02  7.233E-02  8.190E-02  8.983E-02  1.012E-01  1.185E-01  1.322E-01  1.501E-01  1.651E-01  1.833E-01  2.037E-01  2.274E-01  2.543E-01  2.821E-01  3.027E-01  3.378E-01  3.682E-01  4.035E-01  4.400E-01  4.736E-01  5.183E-01  5.621E-01  6.076E-01  6.507E-01  6.994E-01  7.489E-01  8.068E-01  8.676E-01  9.298E-01  9.781E-01  1.052E+00  1.108E+00  1.193E+00  1.265E+00  1.348E+00  1.424E+00  1.519E+00  1.588E+00  1.682E+00  1.771E+00  1.869E+00  1.973E+00  2.080E+00  2.168E+00  2.281E+00  2.389E+00  2.496E+00  2.639E+00  2.749E+00  2.863E+00  3.009E+00  3.132E+00  3.261E+00  3.415E+00  3.556E+00  3.691E+00  3.853E+00  3.994E+00  4.143E+00  4.315E+00  4.453E+00  4.627E+00  4.785E+00  4.956E+00  5.131E+00  5.316E+00  5.482E+00  5.656E+00  5.825E+00  6.022E+00  6.192E+00  6.373E+00  6.555E+00  6.744E+00  6.927E+00  7.111E+00  7.298E+00  7.459E+00  7.650E+00  7.828E+00  8.016E+00  8.179E+00  8.343E+00  8.522E+00  8.648E+00  8.811E+00  8.963E+00  9.143E+00  9.258E+00  9.374E+00  9.491E+00  9.600E+00  9.700E+00  9.794E+00  9.894E+00  9.948E+00  9.988E+00  1.004E+01  1.005E+01  1.007E+01  1.005E+01  1.003E+01  9.959E+00  9.909E+00  9.828E+00  9.712E+00  9.611E+00  9.455E+00  9.303E+00  9.124E+00  8.936E+00  8.715E+00  8.482E+00  8.242E+00  7.996E+00  7.727E+00  7.473E+00  7.159E+00  6.862E+00  6.581E+00  6.270E+00  5.983E+00  5.658E+00  5.361E+00  5.057E+00  4.752E+00  4.457E+00  4.167E+00  3.901E+00  3.613E+00  3.349E+00  3.092E+00  2.854E+00  2.627E+00  2.401E+00  2.179E+00  1.982E+00  1.801E+00  1.615E+00  1.459E+00  1.317E+00  1.177E+00  1.056E+00  9.306E-01  8.239E-01  7.196E-01  6.374E-01  5.623E-01  4.928E-01  4.235E-01  3.677E-01  3.166E-01  2.766E-01  2.390E-01  2.047E-01  1.765E-01  1.493E-01  1.267E-01  1.071E-01  8.946E-02  7.482E-02  6.497E-02  5.402E-02  4.524E-02  3.759E-02  3.252E-02  2.622E-02  2.151E-02  1.740E-02  1.505E-02  1.184E-02  1.031E-02  7.834E-03  6.884E-03  5.866E-03  4.539E-03  3.758E-03  2.922E-03  2.098E-03  1.852E-03  1.561E-03  1.218E-03  7.718E-04  8.321E-04  6.945E-04  4.261E-04  4.555E-04  2.123E-04  2.445E-04  2.225E-04  1.550E-04  1.103E-04  1.225E-04  1.536E-04  1.204E-04  1.125E-05  2.112E-05  5.435E-05  4.277E-05  3.216E-05  5.350E-05  1.114E-05  2.159E-05  0.000E+00  Z
 7.351E-04  1.474E-03  8.283E-04  7.000E-04  7.705E-04  9.056E-04  1.410E-03  1.791E-03  2.074E-03  1.857E-03  2.120E-03  2.023E-03  3.789E-03  3.115E-03  4.079E-03  6.096E-03  6.321E-03  8.478E-03  9.615E-03  1.073E-02  1.361E-02  1.628E-02  2.015E-02  2.370E-02  2.740E-02  3.133E-02  3.714E-02  4.387E-02  5.089E-02  5.740E-02  6.827E-02  7.702E-02  8.880E-02  9.795E-02  1.107E-01  1.290E-01  1.415E-01  1.557E-01  1.766E-01  1.944E-01  2.162E-01  2.388E-01  2.640E-01  2.944E-01  3.227E-01  3.532E-01  3.836E-01  4.228E-01  4.620E-01  4.999E-01  5.418E-01  5.843E-01  6.290E-01  6.780E-01  7.296E-01  7.898E-01  8.337E-01  8.959E-01  9.540E-01  1.018E+00  1.088E+00  1.164E+00  1.234E+00  1.309E+00  1.393E+00  1.478E+00  1.567E+00  1.646E+00  1.733E+00  1.821E+00  1.918E+00  2.019E+00  2.135E+00  2.247E+00  2.370E+00  2.479E+00  2.585E+00  2.718E+00  2.841E+00  2.962E+00  3.098E+00  3.243E+00  3.379E+00  3.529E+00  3.668E+00  3.822E+00  3.987E+00  4.124E+00  4.296E+00  4.467E+00  4.641E+00  4.803E+00  4.973E+00  5.167E+00  5.347E+00  5.516E+00  5.713E+00  5.909E+00  6.082E+00  6.275E+00  6.463E+00  6.667E+00  6.865E+00  7.063E+00  7.269E+00  7.457E+00  7.644E+00  7.852E+00  8.066E+00  8.246E+00  8.444E+00  8.624E+00  8.818E+00  9.022E+00  9.190E+00  9.370E+00  9.544E+00  9.694E+00  9.857E+00  1.002E+01  1.017E+01  1.029E+01  1.042E+01  1.054E+01  1.067E+01  1.075E+01  1.083E+01  1.092E+01  1.096E+01  1.104E+01  1.107E+01  1.105E+01  1.105E+01  1.103E+01  1.101E+01  1.093E+01  1.086E+01  1.075E+01  1.065E+01  1.050E+01  1.035E+01  1.016E+01  9.941E+00  9.736E+00  9.500E+00  9.255E+00  8.985E+00  8.708E+00  8.433E+00  8.116E+00  7.782E+00  7.494E+00  7.142E+00  6.849E+00  6.511E+00  6.170E+00  5.838E+00  5.507E+00  5.176E+00  4.861E+00  4.546E+00  4.235E+00  3.930E+00  3.646E+00  3.371E+00  3.096E+00  2.845E+00  2.601E+00  2.376E+00  2.153E+00  1.965E+00  1.765E+00  1.589E+00  1.425E+00  1.286E+00  1.139E+00  1.017E+00  9.046E-01  7.919E-01  6.999E-01  6.100E-01  5.363E-01  4.667E-01  4.061E-01  3.531E-01  3.051E-01  2.567E-01  2.245E-01  1.939E-01  1.641E-01  1.413E-01  1.166E-01  9.942E-02  8.377E-02  6.931E-02  5.875E-02  4.950E-02  4.000E-02  3.400E-02  2.824E-02  2.379E-02  1.963E-02  1.558E-02  1.232E-02  1.111E-02  8.546E-03  7.419E-03  5.761E-03  4.993E-03  4.029E-03  2.980E-03  2.871E-03  2.009E-03  1.523E-03  1.443E-03  1.306E-03  9.588E-04  6.965E-04  5.426E-04  4.852E-04  2.746E-04  2.307E-04  2.187E-04  2.543E-04  1.651E-04  1.311E-04  9.823E-05  5.485E-05  3.285E-05  5.448E-05  5.401E-05  6.407E-05  2.197E-05  5.373E-05  4.384E-05  5.260E-05  1.048E-05  2.153E-05  1.032E-05  0.000E+00  Z
 2.451E-04  2.683E-04  7.241E-04  1.312E-03  1.311E-03  1.046E-03  2.117E-03  1.551E-03  1.456E-03  1.485E-03  2.421E-03  2.939E-03  3.093E-03  4.406E-03  4.167E-03  6.053E-03  5.590E-03  7.416E-03  9.807E-03  1.055E-02  1.339E-02  1.569E-02  1.874E-02  2.167E-02  2.747E-02  3.029E-02  3.575E-02  4.280E-02  4.734E-02  5.555E-02  6.249E-02  7.149E-02  8.451E-02  9.378E-02  1.067E-01  1.232E-01  1.330E-01  1.495E-01  1.696E-01  1.861E-01  2.075E-01  2.307E-01  2.574E-01  2.847E-01  3.114E-01  3.408E-01  3.677E-01  4.055E-01  4.359E-01  4.756E-01  5.212E-01  5.674E-01  6.051E-01  6.567E-01  6.996E-01  7.517E-01  8.101E-01  8.711E-01  9.364E-01  9.962E-01  1.057E+00  1.122E+00  1.207E+00  1.277E+00  1.361E+00  1.441E+00  1.530E+00  1.605E+00  1.700E+00  1.795E+00  1.891E+00  1.993E+00  2.092E+00  2.210E+00  2.325E+00  2.433E+00  2.553E+00  2.665E+00  2.804E+00  2.934E+00  3.069E+00  3.207E+00  3.339E+00  3.502E+00  3.643E+00  3.792E+00  3.955E+00  4.118E+00  4.280E+00  4.456E+00  4.641E+00  4.787E+00  4.964E+00  5.163E+00  5.349E+00  5.544E+00  5.740E+00  5.949E+00  6.157E+00  6.346E+00  6.555E+00  6.763E+00  6.980E+00  7.196E+00  7.372E+00  7.622E+00  7.837E+00  8.045E+00  8.264E+00  8.479E+00  8.701E+00  8.923E+00  9.115E+00  9.337E+00  9.546E+00  9.751E+00  9.955E+00  1.015E+01  1.037E+01  1.052E+01  1.069E+01  1.089E+01  1.105E+01  1.121E+01  1.135E+01  1.152E+01  1.162E+01  1.176E+01  1.187E+01  1.197E+01  1.204E+01  1.210E+01  1.215E+01  1.219E+01  1.222E+01  1.223E+01  1.221E+01  1.219E+01  1.211E+01  1.207E+01  1.196E+01  1.182E+01  1.172E+01  1.154E+01  1.138E+01  1.117E+01  1.095E+01  1.071E+01  1.045E+01  1.015E+01  9.883E+00  9.566E+00  9.269E+00  8.916E+00  8.588E+00  8.233E+00  7.878E+00  7.523E+00  7.171E+00  6.783E+00  6.426E+00  6.062E+00  5.713E+00  5.367E+00  5.000E+00  4.680E+00  4.362E+00  4.030E+00  3.730E+00  3.436E+00  3.138E+00  2.877E+00  2.636E+00  2.397E+00  2.172E+00  1.957E+00  1.776E+00  1.590E+00  1.423E+00  1.274E+00  1.129E+00  9.982E-01  8.830E-01  7.808E-01  6.884E-01  6.028E-01  5.217E-01  4.519E-01  3.965E-01  3.422E-01  2.942E-01  2.518E-01  2.171E-01  1.850E-01  1.570E-01  1.342E-01  1.131E-01  9.563E-02  8.138E-02  6.709E-02  5.765E-02  4.757E-02  4.055E-02  3.373E-02  2.683E-02  2.241E-02  1.906E-02  1.501E-02  1.244E-02  1.015E-02  8.522E-03  7.147E-03  5.741E-03  4.507E-03  3.877E-03  3.102E-03  2.258E-03  1.904E-03  1.608E-03  1.266E-03  1.159E-03  8.430E-04  6.161E-04  4.934E-04  4.324E-04  3.828E-04  3.696E-04  2.383E-04  1.303E-04  2.061E-04  6.601E-05  9.802E-05  4.317E-05  6.438E-05  9.752E-05  1.075E-04  5.365E-05  4.271E-05  2.128E-05  1.016E-05  2.033E-05  0.000E+00  Z
 7.358E-04  8.051E-04  1.346E-03  8.740E-04  9.232E-04  9.792E-04  1.088E-03  1.493E-03  1.797E-03  1.432E-03  2.270E-03  2.456E-03  2.777E-03  3.334E-03  5.109E-03  4.734E-03  6.200E-03  6.949E-03  8.398E-03  1.100E-02  1.315E-02  1.537E-02  1.722E-02  2.209E-02  2.334E-02  2.952E-02  3.581E-02  3.849E-02  4.807E-02  5.277E-02  6.098E-02  6.989E-02  8.118E-02  9.043E-02  1.007E-01  1.146E-01  1.282E-01  1.435E-01  1.629E-01  1.827E-01  2.003E-01  2.193E-01  2.450E-01  2.717E-01  2.953E-01  3.259E-01  3.526E-01  3.899E-01  4.240E-01  4.602E-01  5.050E-01  5.408E-01  5.942E-01  6.303E-01  6.864E-01  7.378E-01  7.883E-01  8.450E-01  9.047E-01  9.652E-01  1.025E+00  1.098E+00  1.172E+00  1.242E+00  1.322E+00  1.402E+00  1.486E+00  1.565E+00  1.659E+00  1.753E+00  1.844E+00  1.956E+00  2.055E+00  2.166E+00  2.277E+00  2.394E+00  2.504E+00  2.642E+00  2.758E+00  2.886E+00  3.020E+00  3.161E+00  3.309E+00  3.465E+00  3.610E+00  3.769E+00  3.933E+00  4.094E+00  4.270E+00  4.430E+00  4.614E+00  4.796E+00  4.983E+00  5.209E+00  5.381E+00  5.555E+00  5.777E+00  5.989E+00  6.186E+00  6.408E+00  6.617E+00  6.853E+00  7.066E+00  7.308E+00  7.536E+00  7.772E+00  8.002E+00  8.247E+00  8.479E+00  8.730E+00  8.973E+00  9.212E+00  9.434E+00  9.684E+00  9.929E+00  1.017E+01  1.038E+01  1.062E+01  1.085E+01  1.105E+01  1.129E+01  1.150E+01  1.172E+01  1.190E+01  1.209E+01  1.228E+01  1.248E+01  1.262E+01  1.282E+01  1.294E+01  1.308E+01  1.322E+01  1.331E+01  1.341E+01  1.351E+01  1.356E+01  1.365E+01  1.367E+01  1.367E+01  1.369E+01  1.364E+01  1.363E+01  1.357E+01  1.346E+01  1.339E+01  1.325E+01  1.312E+01  1.294E+01  1.276E+01  1.253E+01  1.229E+01  1.203E+01  1.177E+01  1.147E+01  1.113E+01  1.082E+01  1.047E+01  1.010E+01  9.736E+00  9.343E+00  8.955E+00  8.574E+00  8.149E+00  7.732E+00  7.364E+00  6.966E+00  6.548E+00  6.163E+00  5.783E+00  5.400E+00  5.029E+00  4.660E+00  4.334E+00  3.995E+00  3.685E+00  3.375E+00  3.089E+00  2.814E+00  2.556E+00  2.328E+00  2.091E+00  1.878E+00  1.691E+00  1.514E+00  1.352E+00  1.200E+00  1.061E+00  9.406E-01  8.248E-01  7.261E-01  6.335E-01  5.511E-01  4.834E-01  4.217E-01  3.616E-01  3.121E-01  2.651E-01  2.299E-01  1.938E-01  1.653E-01  1.412E-01  1.176E-01  1.015E-01  8.591E-02  7.175E-02  6.017E-02  5.065E-02  4.274E-02  3.477E-02  2.904E-02  2.347E-02  1.970E-02  1.567E-02  1.301E-02  1.135E-02  8.914E-03  7.171E-03  6.076E-03  4.990E-03  4.504E-03  3.142E-03  2.706E-03  2.168E-03  1.664E-03  1.365E-03  1.395E-03  7.753E-04  6.750E-04  6.684E-04  5.080E-04  3.492E-04  2.813E-04  2.362E-04  2.052E-04  6.418E-05  1.703E-04  1.693E-04  5.292E-05  1.271E-04  4.285E-05  5.316E-05  3.235E-05  6.221E-05  3.102E-05  2.050E-05  1.040E-05  2.092E-05  1.044E-05  9.474E-05  Z
 0.000E+00  1.074E-03  9.328E-04  1.659E-03  1.465E-03  1.115E-03  1.413E-03  1.912E-03  1.570E-03  1.907E-03  2.070E-03  2.558E-03  2.218E-03  4.141E-03  3.735E-03  5.315E-03  5.147E-03  6.762E-03  8.247E-03  1.137E-02  1.173E-02  1.268E-02  1.695E-02  2.030E-02  2.466E-02  2.596E-02  3.132E-02  3.692E-02  4.335E-02  5.177E-02  5.841E-02  6.556E-02  7.508E-02  8.459E-02  9.643E-02  1.092E-01  1.246E-01  1.414E-01  1.554E-01  1.733E-01  1.930E-01  2.101E-01  2.377E-01  2.622E-01  2.890E-01  3.158E-01  3.463E-01  3.829E-01  4.133E-01  4.518E-01  4.925E-01  5.273E-01  5.765E-01  6.164E-01  6.642E-01  7.200E-01  7.686E-01  8.269E-01  8.928E-01  9.392E-01  1.008E+00  1.077E+00  1.158E+00  1.221E+00  1.303E+00  1.385E+00  1.466E+00  1.545E+00  1.639E+00  1.722E+00  1.816E+00  1.931E+00  2.027E+00  2.128E+00  2.251E+00  2.372E+00  2.481E+00  2.601E+00  2.729E+00  2.854E+00  3.005E+00  3.142E+00  3.281E+00  3.423E+00  3.596E+00  3.747E+00  3.902E+00  4.077E+00  4.270E+00  4.421E+00  4.605E+00  4.796E+00  5.003E+00  5.198E+00  5.382E+00  5.592E+00  5.820E+00  6.022E+00  6.226E+00  6.459E+00  6.678E+00  6.907E+00  7.159E+00  7.404E+00  7.650E+00  7.867E+00  8.123E+00  8.370E+00  8.628E+00  8.872E+00  9.128E+00  9.378E+00  9.647E+00  9.886E+00  1.015E+01  1.042E+01  1.066E+01  1.093E+01  1.115E+01  1.142E+01  1.169E+01  1.193E+01  1.213E+01  1.236E+01  1.259E+01  1.283E+01  1.304E+01  1.325E+01  1.344E+01  1.363E+01  1.379E+01  1.393E+01  1.408E+01  1.422E+01  1.435E+01  1.446E+01  1.455E+01  1.466E+01  1.471E+01  1.474E+01  1.480E+01  1.482E+01  1.480E+01  1.479E+01  1.472E+01  1.466E+01  1.456E+01  1.444E+01  1.435E+01  1.416E+01  1.398E+01  1.375E+01  1.352E+01  1.327E+01  1.297E+01  1.272E+01  1.239E+01  1.204E+01  1.167E+01  1.131E+01  1.090E+01  1.052E+01  1.011E+01  9.705E+00  9.278E+00  8.840E+00  8.422E+00  7.975E+00  7.555E+00  7.124E+00  6.704E+00  6.293E+00  5.883E+00  5.470E+00  5.091E+00  4.721E+00  4.374E+00  4.013E+00  3.698E+00  3.384E+00  3.090E+00  2.804E+00  2.558E+00  2.302E+00  2.072E+00  1.869E+00  1.673E+00  1.489E+00  1.329E+00  1.176E+00  1.046E+00  9.146E-01  8.053E-01  7.078E-01  6.191E-01  5.332E-01  4.669E-01  4.006E-01  3.503E-01  2.983E-01  2.588E-01  2.201E-01  1.866E-01  1.588E-01  1.354E-01  1.127E-01  9.625E-02  8.179E-02  6.799E-02  5.694E-02  4.743E-02  3.900E-02  3.328E-02  2.756E-02  2.218E-02  1.818E-02  1.622E-02  1.302E-02  1.015E-02  8.294E-03  7.306E-03  5.701E-03  4.971E-03  4.231E-03  3.432E-03  2.513E-03  2.037E-03  1.740E-03  1.512E-03  1.170E-03  8.660E-04  7.352E-04  5.081E-04  4.188E-04  3.421E-04  2.993E-04  2.145E-04  1.899E-04  1.799E-04  1.929E-04  7.367E-05  8.385E-05  4.229E-05  5.311E-05  1.032E-05  8.376E-05  4.179E-05  1.016E-05  2.359E-04  Z
 7.359E-04  4.029E-04  1.243E-03  1.134E-03  1.311E-03  1.046E-03  1.732E-03  1.851E-03  1.458E-03  1.806E-03  2.267E-03  2.745E-03  2.403E-03  3.912E-03  3.732E-03  4.032E-03  6.718E-03  6.720E-03  8.242E-03  1.081E-02  1.018E-02  1.333E-02  1.582E-02  1.995E-02  2.182E-02  2.644E-02  3.055E-02  3.474E-02  4.158E-02  4.813E-02  5.716E-02  6.510E-02  7.123E-02  8.072E-02  9.282E-02  1.031E-01  1.196E-01  1.292E-01  1.514E-01  1.679E-01  1.849E-01  2.056E-01  2.310E-01  2.532E-01  2.729E-01  3.024E-01  3.387E-01  3.714E-01  4.023E-01  4.336E-01  4.758E-01  5.096E-01  5.532E-01  5.990E-01  6.439E-01  6.874E-01  7.459E-01  7.932E-01  8.544E-01  9.245E-01  9.867E-01  1.049E+00  1.121E+00  1.188E+00  1.261E+00  1.344E+00  1.427E+00  1.523E+00  1.612E+00  1.700E+00  1.798E+00  1.894E+00  1.999E+00  2.097E+00  2.194E+00  2.327E+00  2.439E+00  2.570E+00  2.674E+00  2.835E+00  2.955E+00  3.109E+00  3.247E+00  3.405E+00  3.551E+00  3.719E+00  3.883E+00  4.077E+00  4.236E+00  4.404E+00  4.604E+00  4.790E+00  4.993E+00  5.194E+00  5.384E+00  5.614E+00  5.837E+00  6.051E+00  6.276E+00  6.505E+00  6.753E+00  7.004E+00  7.233E+00  7.484E+00  7.738E+00  7.988E+00  8.257E+00  8.525E+00  8.810E+00  9.078E+00  9.354E+00  9.630E+00  9.896E+00  1.019E+01  1.046E+01  1.078E+01  1.104E+01  1.132E+01  1.159E+01  1.189E+01  1.216E+01  1.244E+01  1.269E+01  1.301E+01  1.325E+01  1.349E+01  1.377E+01  1.400E+01  1.429E+01  1.448E+01  1.472E+01  1.492E+01  1.511E+01  1.534E+01  1.550E+01  1.571E+01  1.581E+01  1.598E+01  1.609E+01  1.623E+01  1.630E+01  1.635E+01  1.643E+01  1.648E+01  1.652E+01  1.652E+01  1.648E+01  1.645E+01  1.641E+01  1.633E+01  1.620E+01  1.608E+01  1.593E+01  1.572E+01  1.553E+01  1.531E+01  1.506E+01  1.478E+01  1.448E+01  1.418E+01  1.385E+01  1.343E+01  1.308E+01  1.268E+01  1.226E+01  1.181E+01  1.136E+01  1.089E+01  1.043E+01  9.960E+00  9.498E+00  8.985E+00  8.540E+00  8.067E+00  7.592E+00  7.143E+00  6.684E+00  6.252E+00  5.804E+00  5.400E+00  5.005E+00  4.616E+00  4.235E+00  3.896E+00  3.562E+00  3.255E+00  2.940E+00  2.675E+00  2.417E+00  2.174E+00  1.951E+00  1.743E+00  1.557E+00  1.382E+00  1.222E+00  1.077E+00  9.507E-01  8.331E-01  7.320E-01  6.485E-01  5.528E-01  4.817E-01  4.175E-01  3.586E-01  3.095E-01  2.643E-01  2.246E-01  1.939E-01  1.639E-01  1.398E-01  1.171E-01  1.008E-01  8.304E-02  7.125E-02  5.937E-02  4.940E-02  4.161E-02  3.456E-02  2.870E-02  2.354E-02  1.897E-02  1.668E-02  1.341E-02  1.137E-02  8.595E-03  7.552E-03  5.899E-03  4.990E-03  4.095E-03  3.226E-03  2.753E-03  2.089E-03  1.726E-03  1.325E-03  1.037E-03  7.888E-04  6.508E-04  8.615E-04  4.667E-04  3.920E-04  4.021E-04  3.052E-04  1.561E-04  2.109E-04  1.355E-04  9.485E-05  1.151E-04  7.288E-05  3.826E-04  Z
 7.364E-04  1.475E-03  9.328E-04  1.312E-03  7.699E-04  9.052E-04  1.732E-03  1.253E-03  2.357E-03  2.388E-03  2.622E-03  3.422E-03  4.300E-03  3.826E-03  3.946E-03  5.313E-03  6.235E-03  6.952E-03  7.868E-03  1.004E-02  1.166E-02  1.340E-02  1.624E-02  2.033E-02  2.061E-02  2.592E-02  2.832E-02  3.540E-02  3.766E-02  4.690E-02  5.194E-02  6.272E-02  7.081E-02  7.994E-02  8.847E-02  1.027E-01  1.171E-01  1.274E-01  1.430E-01  1.607E-01  1.805E-01  2.039E-01  2.189E-01  2.452E-01  2.712E-01  2.951E-01  3.280E-01  3.594E-01  3.879E-01  4.260E-01  4.607E-01  5.040E-01  5.359E-01  5.917E-01  6.339E-01  6.786E-01  7.341E-01  7.826E-01  8.415E-01  8.938E-01  9.681E-01  1.033E+00  1.097E+00  1.173E+00  1.250E+00  1.313E+00  1.408E+00  1.482E+00  1.585E+00  1.671E+00  1.767E+00  1.864E+00  1.964E+00  2.069E+00  2.181E+00  2.306E+00  2.414E+00  2.540E+00  2.655E+00  2.800E+00  2.942E+00  3.079E+00  3.232E+00  3.386E+00  3.551E+00  3.698E+00  3.853E+00  4.045E+00  4.212E+00  4.386E+00  4.580E+00  4.767E+00  4.962E+00  5.192E+00  5.373E+00  5.621E+00  5.837E+00  6.072E+00  6.305E+00  6.541E+00  6.776E+00  7.019E+00  7.290E+00  7.545E+00  7.802E+00  8.085E+00  8.363E+00  8.634E+00  8.890E+00  9.202E+00  9.479E+00  9.772E+00  1.006E+01  1.038E+01  1.068E+01  1.097E+01  1.129E+01  1.159E+01  1.192E+01  1.219E+01  1.251E+01  1.281E+01  1.311E+01  1.340E+01  1.369E+01  1.397E+01  1.426E+01  1.452E+01  1.485E+01  1.507E+01  1.534E+01  1.559E+01  1.583E+01  1.609E+01  1.631E+01  1.652E+01  1.668E+01  1.693E+01  1.704E+01  1.721E+01  1.737E+01  1.750E+01  1.761E+01  1.766E+01  1.775E+01  1.783E+01  1.785E+01  1.785E+01  1.784E+01  1.782E+01  1.774E+01  1.768E+01  1.759E+01  1.747E+01  1.733E+01  1.715E+01  1.697E+01  1.672E+01  1.649E+01  1.621E+01  1.589E+01  1.560E+01  1.521E+01  1.484E+01  1.448E+01  1.402E+01  1.362E+01  1.317E+01  1.271E+01  1.222E+01  1.173E+01  1.123E+01  1.074E+01  1.022E+01  9.723E+00  9.199E+00  8.703E+00  8.195E+00  7.707E+00  7.230E+00  6.730E+00  6.294E+00  5.840E+00  5.413E+00  4.999E+00  4.616E+00  4.228E+00  3.872E+00  3.531E+00  3.195E+00  2.918E+00  2.633E+00  2.374E+00  2.126E+00  1.899E+00  1.698E+00  1.516E+00  1.340E+00  1.184E+00  1.046E+00  9.163E-01  8.080E-01  7.067E-01  6.115E-01  5.293E-01  4.629E-01  3.965E-01  3.414E-01  2.930E-01  2.474E-01  2.152E-01  1.817E-01  1.561E-01  1.310E-01  1.103E-01  9.495E-02  7.886E-02  6.504E-02  5.471E-02  4.608E-02  3.856E-02  3.242E-02  2.670E-02  2.193E-02  1.826E-02  1.477E-02  1.325E-02  1.022E-02  7.980E-03  6.566E-03  5.767E-03  4.174E-03  3.752E-03  3.058E-03  2.525E-03  2.022E-03  1.896E-03  1.468E-03  1.114E-03  8.539E-04  5.496E-04  5.761E-04  5.155E-04  3.040E-04  3.142E-04  2.294E-04  1.567E-04  1.547E-04  6.168E-04  Z
 7.350E-04  1.343E-04  8.290E-04  1.048E-03  1.464E-03  1.603E-03  1.667E-03  2.331E-03  2.073E-03  2.283E-03  1.768E-03  2.218E-03  3.606E-03  3.473E-03  4.674E-03  5.111E-03  6.113E-03  8.093E-03  7.485E-03  1.037E-02  9.783E-03  1.220E-02  1.592E-02  1.899E-02  2.069E-02  2.437E-02  2.945E-02  3.269E-02  3.759E-02  4.320E-02  4.930E-02  5.976E-02  6.566E-02  7.616E-02  8.623E-02  9.664E-02  1.111E-01  1.254E-01  1.398E-01  1.549E-01  1.712E-01  1.900E-01  2.137E-01  2.366E-01  2.594E-01  2.824E-01  3.161E-01  3.406E-01  3.754E-01  4.106E-01  4.467E-01  4.876E-01  5.216E-01  5.691E-01  6.120E-01  6.576E-01  7.126E-01  7.675E-01  8.239E-01  8.793E-01  9.425E-01  9.982E-01  1.069E+00  1.142E+00  1.220E+00  1.292E+00  1.375E+00  1.457E+00  1.542E+00  1.633E+00  1.720E+00  1.833E+00  1.926E+00  2.030E+00  2.134E+00  2.250E+00  2.376E+00  2.507E+00  2.634E+00  2.761E+00  2.897E+00  3.056E+00  3.204E+00  3.333E+00  3.513E+00  3.677E+00  3.833E+00  4.008E+00  4.191E+00  4.374E+00  4.575E+00  4.787E+00  4.969E+00  5.172E+00  5.396E+00  5.629E+00  5.844E+00  6.076E+00  6.318E+00  6.564E+00  6.820E+00  7.087E+00  7.346E+00  7.617E+00  7.892E+00  8.188E+00  8.473E+00  8.732E+00  9.057E+00  9.366E+00  9.686E+00  9.981E+00  1.028E+01  1.059E+01  1.095E+01  1.128E+01  1.160E+01  1.192E+01  1.227E+01  1.260E+01  1.293E+01  1.327E+01  1.360E+01  1.393E+01  1.427E+01  1.460E+01  1.493E+01  1.525E+01  1.557E+01  1.590E+01  1.621E+01  1.650E+01  1.679E+01  1.708E+01  1.734E+01  1.762E+01  1.788E+01  1.813E+01  1.836E+01  1.859E+01  1.880E+01  1.897E+01  1.915E+01  1.929E+01  1.941E+01  1.953E+01  1.968E+01  1.975E+01  1.979E+01  1.986E+01  1.984E+01  1.991E+01  1.987E+01  1.980E+01  1.975E+01  1.965E+01  1.954E+01  1.936E+01  1.923E+01  1.901E+01  1.878E+01  1.853E+01  1.826E+01  1.796E+01  1.762E+01  1.725E+01  1.689E+01  1.645E+01  1.606E+01  1.561E+01  1.512E+01  1.460E+01  1.413E+01  1.359E+01  1.309E+01  1.251E+01  1.197E+01  1.142E+01  1.085E+01  1.031E+01  9.746E+00  9.183E+00  8.659E+00  8.117E+00  7.595E+00  7.096E+00  6.600E+00  6.114E+00  5.665E+00  5.222E+00  4.791E+00  4.398E+00  4.031E+00  3.660E+00  3.328E+00  3.016E+00  2.722E+00  2.443E+00  2.187E+00  1.955E+00  1.739E+00  1.555E+00  1.369E+00  1.217E+00  1.064E+00  9.326E-01  8.219E-01  7.166E-01  6.223E-01  5.397E-01  4.668E-01  4.042E-01  3.423E-01  2.992E-01  2.522E-01  2.160E-01  1.838E-01  1.559E-01  1.303E-01  1.119E-01  9.265E-02  7.918E-02  6.596E-02  5.616E-02  4.698E-02  3.850E-02  3.215E-02  2.624E-02  2.190E-02  1.871E-02  1.430E-02  1.246E-02  1.047E-02  8.079E-03  7.253E-03  5.446E-03  4.853E-03  3.844E-03  3.323E-03  2.376E-03  2.143E-03  1.668E-03  1.358E-03  1.019E-03  8.686E-04  8.190E-04  6.464E-04  4.407E-04  1.355E-03  Z
 4.908E-04  8.038E-04  1.347E-03  1.486E-03  1.235E-03  1.534E-03  1.606E-03  1.436E-03  2.633E-03  2.650E-03  2.321E-03  2.508E-03  3.837E-03  3.919E-03  4.462E-03  4.190E-03  5.109E-03  6.057E-03  7.330E-03  8.962E-03  9.890E-03  1.258E-02  1.472E-02  1.608E-02  2.112E-02  2.304E-02  2.751E-02  3.219E-02  3.621E-02  4.261E-02  4.887E-02  5.661E-02  6.458E-02  7.187E-02  8.284E-02  9.367E-02  1.058E-01  1.187E-01  1.303E-01  1.483E-01  1.673E-01  1.807E-01  2.034E-01  2.211E-01  2.548E-01  2.774E-01  3.021E-01  3.246E-01  3.624E-01  3.931E-01  4.283E-01  4.654E-01  5.040E-01  5.529E-01  5.903E-01  6.340E-01  6.908E-01  7.398E-01  7.955E-01  8.469E-01  9.102E-01  9.636E-01  1.039E+00  1.112E+00  1.180E+00  1.256E+00  1.339E+00  1.409E+00  1.503E+00  1.592E+00  1.684E+00  1.785E+00  1.896E+00  1.991E+00  2.111E+00  2.216E+00  2.330E+00  2.462E+00  2.590E+00  2.713E+00  2.852E+00  3.007E+00  3.144E+00  3.301E+00  3.468E+00  3.639E+00  3.786E+00  3.991E+00  4.150E+00  4.363E+00  4.529E+00  4.740E+00  4.955E+00  5.160E+00  5.391E+00  5.616E+00  5.842E+00  6.097E+00  6.359E+00  6.604E+00  6.867E+00  7.151E+00  7.403E+00  7.703E+00  8.005E+00  8.281E+00  8.601E+00  8.913E+00  9.204E+00  9.546E+00  9.892E+00  1.020E+01  1.053E+01  1.089E+01  1.124E+01  1.160E+01  1.196E+01  1.234E+01  1.272E+01  1.307E+01  1.343E+01  1.382E+01  1.419E+01  1.457E+01  1.493E+01  1.534E+01  1.570E+01  1.605E+01  1.648E+01  1.685E+01  1.719E+01  1.755E+01  1.793E+01  1.828E+01  1.861E+01  1.894E+01  1.927E+01  1.966E+01  1.992E+01  2.019E+01  2.051E+01  2.075E+01  2.103E+01  2.126E+01  2.146E+01  2.169E+01  2.193E+01  2.209E+01  2.224E+01  2.239E+01  2.247E+01  2.259E+01  2.266E+01  2.272E+01  2.277E+01  2.275E+01  2.274E+01  2.269E+01  2.260E+01  2.251E+01  2.239E+01  2.225E+01  2.207E+01  2.184E+01  2.161E+01  2.135E+01  2.107E+01  2.074E+01  2.040E+01  2.001E+01  1.961E+01  1.918E+01  1.872E+01  1.824E+01  1.774E+01  1.720E+01  1.667E+01  1.607E+01  1.548E+01  1.492E+01  1.431E+01  1.370E+01  1.307E+01  1.244E+01  1.181E+01  1.120E+01  1.057E+01  9.978E+00  9.374E+00  8.804E+00  8.216E+00  7.653E+00  7.109E+00  6.597E+00  6.068E+00  5.603E+00  5.143E+00  4.719E+00  4.289E+00  3.903E+00  3.543E+00  3.206E+00  2.892E+00  2.598E+00  2.319E+00  2.077E+00  1.846E+00  1.642E+00  1.450E+00  1.284E+00  1.121E+00  9.893E-01  8.650E-01  7.526E-01  6.502E-01  5.622E-01  4.839E-01  4.222E-01  3.610E-01  3.094E-01  2.636E-01  2.267E-01  1.918E-01  1.649E-01  1.369E-01  1.153E-01  9.853E-02  8.237E-02  6.915E-02  5.903E-02  4.824E-02  4.020E-02  3.381E-02  2.721E-02  2.260E-02  1.903E-02  1.555E-02  1.243E-02  1.033E-02  9.112E-03  7.130E-03  6.041E-03  4.943E-03  3.937E-03  3.447E-03  2.637E-03  2.005E-03  1.677E-03  5.301E-03  Z
