gamma
Z
Z
Z
 0.000E+00  0.000E+00  1.476E-01  6.228E-01  6.392E-01  6.294E-01  6.237E-01  6.290E-01  6.412E-01  6.466E-01  6.587E-01  6.823E-01  7.023E-01  7.095E-01  7.174E-01  7.462E-01  7.427E-01  7.456E-01  7.512E-01  7.713E-01  8.598E-01  8.729E-01  8.652E-01  8.500E-01  8.553E-01  8.431E-01  8.445E-01  8.325E-01  8.358E-01  8.123E-01  8.205E-01  8.267E-01  8.181E-01  8.222E-01  8.268E-01  8.203E-01  8.234E-01  8.194E-01  8.246E-01  8.317E-01  9.030E-01  9.227E-01  9.233E-01  8.909E-01  8.684E-01  8.443E-01  8.164E-01  8.082E-01  7.789E-01  7.628E-01  7.375E-01  7.204E-01  7.015E-01  6.690E-01  6.458E-01  6.345E-01  6.097E-01  5.798E-01  5.613E-01  5.396E-01  5.157E-01  4.975E-01  4.723E-01  4.453E-01  4.201E-01  3.990E-01  3.819E-01  3.572E-01  3.351E-01  3.179E-01  2.963E-01  2.810E-01  2.597E-01  2.445E-01  2.272E-01  2.105E-01  1.961E-01  1.814E-01  1.665E-01  1.502E-01  1.319E-01  1.088E-01  9.529E-02  8.679E-02  7.685E-02  6.858E-02  5.984E-02  5.402E-02  4.710E-02  4.320E-02  3.929E-02  3.577E-02  3.009E-02  2.291E-02  2.119E-02  1.713E-02  1.446E-02  1.176E-02  6.087E-03  1.597E-05  4.879E-05  1.610E-05  0.000E+00  Z
 0.000E+00  0.000E+00  4.444E-01  5.169E-01  5.202E-01  5.213E-01  5.219E-01  5.265E-01  5.506E-01  5.493E-01  5.699E-01  5.739E-01  5.823E-01  5.969E-01  6.072E-01  7.154E-01  7.125E-01  7.323E-01  7.340E-01  7.489E-01  7.756E-01  7.755E-01  7.952E-01  7.922E-01  8.074E-01  8.260E-01  8.603E-01  9.668E-01  9.914E-01  9.909E-01  1.004E+00  9.920E-01  9.955E-01  9.835E-01  9.756E-01  9.690E-01  9.522E-01  9.340E-01  9.249E-01  9.135E-01  9.063E-01  9.011E-01  8.808E-01  8.708E-01  8.440E-01  8.253E-01  8.026E-01  7.909E-01  7.666E-01  7.457E-01  7.346E-01  7.156E-01  6.902E-01  6.664E-01  6.475E-01  6.332E-01  6.087E-01  5.859E-01  5.675E-01  5.485E-01  5.215E-01  5.003E-01  4.835E-01  4.623E-01  4.470E-01  4.292E-01  4.036E-01  3.782E-01  3.601E-01  3.395E-01  3.248E-01  3.062E-01  2.808E-01  2.621E-01  2.480E-01  2.365E-01  2.192E-01  2.008E-01  1.883E-01  1.737E-01  1.616E-01  1.480E-01  1.389E-01  1.226E-01  1.150E-01  1.061E-01  9.562E-02  8.608E-02  7.992E-02  7.153E-02  6.375E-02  5.745E-02  5.192E-02  4.605E-02  4.079E-02  3.223E-02  2.639E-02  2.263E-02  1.933E-02  1.671E-02  1.407E-02  1.046E-02  9.046E-03  6.848E-03  3.573E-03  6.252E-05  1.586E-05  6.453E-05  4.728E-05  0.000E+00  Z
 0.000E+00  2.574E-01  3.418E-01  3.274E-01  3.487E-01  3.572E-01  3.539E-01  3.543E-01  4.388E-01  4.855E-01  4.992E-01  5.113E-01  5.278E-01  5.709E-01  7.114E-01  7.621E-01  7.755E-01  7.885E-01  7.972E-01  8.215E-01  8.137E-01  8.141E-01  8.244E-01  8.225E-01  8.260E-01  8.255E-01  8.379E-01  8.501E-01  8.357E-01  8.543E-01  8.593E-01  8.604E-01  8.641E-01  8.749E-01  8.756E-01  8.756E-01  8.870E-01  8.887E-01  8.984E-01  9.021E-01  9.058E-01  9.154E-01  9.078E-01  9.144E-01  9.098E-01  9.067E-01  9.079E-01  9.042E-01  9.079E-01  8.941E-01  8.869E-01  8.854E-01  8.735E-01  8.522E-01  8.456E-01  8.298E-01  8.198E-01  7.987E-01  7.836E-01  7.644E-01  7.458E-01  7.209E-01  7.033E-01  6.818E-01  6.520E-01  6.290E-01  6.002E-01  5.830E-01  5.555E-01  5.322E-01  5.084E-01  4.829E-01  4.555E-01  4.401E-01  4.134E-01  3.904E-01  3.721E-01  3.491E-01  3.275E-01  3.097E-01  2.892E-01  2.696E-01  2.499E-01  2.322E-01  2.167E-01  1.963E-01  1.808E-01  1.709E-01  1.564E-01  1.407E-01  1.275E-01  1.174E-01  1.075E-01  9.650E-02  8.518E-02  7.541E-02  6.653E-02  5.947E-02  5.369E-02  4.645E-02  4.046E-02  3.604E-02  2.997E-02  2.686E-02  2.335E-02  2.049E-02  1.836E-02  1.576E-02  1.287E-02  1.138E-02  9.932E-03  8.421E-03  7.230E-03  6.218E-03  3.931E-03  2.897E-03  1.873E-03  3.713E-04  0.000E+00  Z
 2.376E-02  7.270E-02  6.194E-02  6.962E-02  8.351E-02  1.143E-01  1.221E-01  1.399E-01  1.849E-01  2.142E-01  2.168E-01  2.468E-01  2.615E-01  2.825E-01  3.054E-01  3.244E-01  3.418E-01  3.747E-01  3.951E-01  4.199E-01  4.333E-01  4.622E-01  4.949E-01  5.161E-01  5.455E-01  5.703E-01  6.045E-01  6.275E-01  6.590E-01  6.912E-01  7.150E-01  7.475E-01  7.782E-01  8.119E-01  8.337E-01  8.627E-01  8.876E-01  9.181E-01  9.464E-01  9.807E-01  1.004E+00  1.028E+00  1.047E+00  1.071E+00  1.100E+00  1.108E+00  1.133E+00  1.141E+00  1.163E+00  1.172E+00  1.184E+00  1.183E+00  1.203E+00  1.206E+00  1.197E+00  1.200E+00  1.188E+00  1.196E+00  1.184E+00  1.181E+00  1.153E+00  1.155E+00  1.127E+00  1.114E+00  1.086E+00  1.066E+00  1.047E+00  1.024E+00  1.004E+00  9.652E-01  9.396E-01  9.218E-01  8.860E-01  8.491E-01  8.233E-01  7.830E-01  7.498E-01  7.203E-01  6.826E-01  6.517E-01  6.162E-01  5.766E-01  5.518E-01  5.168E-01  4.837E-01  4.487E-01  4.149E-01  3.866E-01  3.548E-01  3.336E-01  3.080E-01  2.827E-01  2.599E-01  2.360E-01  2.172E-01  1.944E-01  1.769E-01  1.564E-01  1.424E-01  1.266E-01  1.123E-01  1.003E-01  8.835E-02  7.767E-02  6.917E-02  5.973E-02  5.244E-02  4.443E-02  3.875E-02  3.314E-02  2.802E-02  2.400E-02  2.039E-02  1.757E-02  1.374E-02  1.085E-02  9.363E-03  6.944E-03  6.340E-03  5.227E-03  4.458E-03  3.106E-03  2.220E-03  1.731E-03  1.375E-03  7.749E-04  6.725E-04  3.334E-04  5.783E-05  4.257E-05  2.815E-05  2.914E-05  5.620E-05  2.791E-05  0.000E+00  Z
 0.000E+00  1.342E-04  1.554E-03  3.847E-03  7.086E-03  9.064E-03  1.230E-02  1.760E-02  2.639E-02  3.273E-02  4.290E-02  5.600E-02  6.616E-02  8.266E-02  9.738E-02  1.187E-01  1.316E-01  1.525E-01  1.745E-01  1.919E-01  2.192E-01  2.481E-01  2.646E-01  2.987E-01  3.195E-01  3.533E-01  3.752E-01  4.145E-01  4.475E-01  4.844E-01  5.194E-01  5.587E-01  5.979E-01  6.460E-01  6.892E-01  7.339E-01  7.723E-01  8.291E-01  8.845E-01  9.279E-01  9.683E-01  1.020E+00  1.059E+00  1.109E+00  1.154E+00  1.199E+00  1.244E+00  1.279E+00  1.324E+00  1.373E+00  1.399E+00  1.434E+00  1.467E+00  1.485E+00  1.520E+00  1.542E+00  1.570E+00  1.581E+00  1.599E+00  1.613E+00  1.636E+00  1.627E+00  1.616E+00  1.622E+00  1.622E+00  1.610E+00  1.601E+00  1.568E+00  1.563E+00  1.535E+00  1.508E+00  1.488E+00  1.445E+00  1.430E+00  1.377E+00  1.344E+00  1.302E+00  1.272E+00  1.217E+00  1.171E+00  1.125E+00  1.078E+00  1.027E+00  9.852E-01  9.314E-01  8.899E-01  8.299E-01  7.889E-01  7.330E-01  6.936E-01  6.490E-01  6.043E-01  5.598E-01  5.150E-01  4.833E-01  4.393E-01  4.095E-01  3.698E-01  3.380E-01  3.024E-01  2.787E-01  2.476E-01  2.264E-01  2.013E-01  1.803E-01  1.604E-01  1.398E-01  1.244E-01  1.083E-01  9.586E-02  8.339E-02  7.160E-02  6.081E-02  5.017E-02  4.426E-02  3.629E-02  3.074E-02  2.648E-02  2.150E-02  1.759E-02  1.459E-02  1.152E-02  9.873E-03  7.387E-03  5.850E-03  4.506E-03  3.363E-03  2.873E-03  1.835E-03  1.670E-03  9.483E-04  9.170E-04  3.836E-04  3.405E-04  1.704E-04  1.271E-04  4.145E-05  1.395E-05  4.286E-05  0.000E+00  Z
 0.000E+00  2.685E-04  6.211E-04  2.188E-03  3.315E-03  6.414E-03  8.462E-03  1.391E-02  2.097E-02  2.891E-02  3.473E-02  4.304E-02  5.671E-02  6.651E-02  8.251E-02  9.118E-02  1.066E-01  1.217E-01  1.408E-01  1.601E-01  1.862E-01  1.991E-01  2.223E-01  2.483E-01  2.696E-01  2.960E-01  3.232E-01  3.545E-01  3.884E-01  4.244E-01  4.544E-01  4.955E-01  5.360E-01  5.785E-01  6.257E-01  6.575E-01  7.106E-01  7.625E-01  8.172E-01  8.668E-01  9.103E-01  9.622E-01  1.014E+00  1.062E+00  1.131E+00  1.176E+00  1.219E+00  1.277E+00  1.326E+00  1.367E+00  1.405E+00  1.451E+00  1.502E+00  1.538E+00  1.570E+00  1.602E+00  1.626E+00  1.660E+00  1.674E+00  1.688E+00  1.722E+00  1.727E+00  1.728E+00  1.740E+00  1.738E+00  1.737E+00  1.735E+00  1.724E+00  1.699E+00  1.681E+00  1.668E+00  1.639E+00  1.624E+00  1.591E+00  1.569E+00  1.518E+00  1.479E+00  1.438E+00  1.404E+00  1.342E+00  1.305E+00  1.251E+00  1.215E+00  1.165E+00  1.103E+00  1.047E+00  9.967E-01  9.397E-01  8.849E-01  8.442E-01  7.879E-01  7.356E-01  6.856E-01  6.402E-01  5.940E-01  5.462E-01  5.052E-01  4.614E-01  4.279E-01  3.886E-01  3.538E-01  3.225E-01  2.878E-01  2.589E-01  2.327E-01  2.059E-01  1.823E-01  1.652E-01  1.462E-01  1.273E-01  1.119E-01  9.724E-02  8.584E-02  7.155E-02  6.421E-02  5.427E-02  4.645E-02  3.912E-02  3.224E-02  2.702E-02  2.371E-02  1.774E-02  1.397E-02  1.155E-02  9.405E-03  7.690E-03  6.183E-03  4.335E-03  3.449E-03  2.690E-03  2.045E-03  1.455E-03  1.081E-03  6.102E-04  6.661E-04  3.920E-04  2.387E-04  9.890E-05  9.869E-05  5.515E-05  4.165E-05  2.661E-05  0.000E+00  Z
 0.000E+00  8.036E-04  1.347E-03  1.748E-03  1.543E-03  2.163E-03  3.206E-03  4.180E-03  5.663E-03  6.731E-03  7.915E-03  9.159E-03  1.465E-02  1.531E-02  1.972E-02  2.461E-02  3.073E-02  3.661E-02  3.971E-02  4.821E-02  5.991E-02  6.699E-02  8.219E-02  9.214E-02  1.046E-01  1.188E-01  1.308E-01  1.514E-01  1.689E-01  1.892E-01  2.099E-01  2.290E-01  2.532E-01  2.835E-01  3.067E-01  3.488E-01  3.860E-01  4.204E-01  4.479E-01  4.911E-01  5.333E-01  5.786E-01  6.214E-01  6.747E-01  7.269E-01  7.855E-01  8.302E-01  8.930E-01  9.618E-01  1.032E+00  1.097E+00  1.162E+00  1.242E+00  1.307E+00  1.376E+00  1.461E+00  1.533E+00  1.617E+00  1.697E+00  1.773E+00  1.856E+00  1.939E+00  2.026E+00  2.098E+00  2.180E+00  2.266E+00  2.323E+00  2.383E+00  2.459E+00  2.518E+00  2.566E+00  2.602E+00  2.658E+00  2.692E+00  2.740E+00  2.754E+00  2.773E+00  2.798E+00  2.788E+00  2.798E+00  2.785E+00  2.779E+00  2.748E+00  2.727E+00  2.696E+00  2.669E+00  2.630E+00  2.573E+00  2.516E+00  2.455E+00  2.404E+00  2.346E+00  2.270E+00  2.197E+00  2.127E+00  2.047E+00  1.963E+00  1.882E+00  1.791E+00  1.710E+00  1.612E+00  1.527E+00  1.441E+00  1.356E+00  1.282E+00  1.198E+00  1.112E+00  1.030E+00  9.562E-01  8.863E-01  8.102E-01  7.483E-01  6.814E-01  6.225E-01  5.622E-01  5.083E-01  4.622E-01  4.131E-01  3.723E-01  3.313E-01  2.922E-01  2.644E-01  2.288E-01  2.025E-01  1.747E-01  1.530E-01  1.323E-01  1.147E-01  9.928E-02  8.592E-02  7.229E-02  6.061E-02  5.220E-02  4.326E-02  3.557E-02  2.923E-02  2.397E-02  1.993E-02  1.667E-02  1.392E-02  1.018E-02  8.464E-03  7.033E-03  5.476E-03  4.042E-03  3.348E-03  2.698E-03  1.822E-03  1.532E-03  1.178E-03  9.073E-04  5.865E-04  4.234E-04  2.927E-04  2.775E-04  2.361E-04  6.537E-05  1.176E-04  2.573E-05  6.506E-05  6.501E-05  1.238E-05  2.565E-05  3.864E-05  0.000E+00  Z
 1.961E-03  1.475E-03  2.176E-03  2.011E-03  2.160E-03  3.141E-03  2.378E-03  3.224E-03  4.763E-03  5.677E-03  6.206E-03  7.760E-03  9.617E-03  1.193E-02  1.451E-02  1.494E-02  1.936E-02  2.340E-02  2.686E-02  3.472E-02  4.233E-02  4.583E-02  5.503E-02  6.103E-02  7.312E-02  7.917E-02  9.384E-02  1.062E-01  1.176E-01  1.356E-01  1.509E-01  1.682E-01  1.916E-01  2.113E-01  2.414E-01  2.514E-01  2.917E-01  3.147E-01  3.469E-01  3.767E-01  4.164E-01  4.540E-01  4.867E-01  5.391E-01  5.781E-01  6.172E-01  6.749E-01  7.225E-01  7.766E-01  8.333E-01  8.887E-01  9.633E-01  1.010E+00  1.072E+00  1.145E+00  1.228E+00  1.294E+00  1.370E+00  1.449E+00  1.522E+00  1.612E+00  1.693E+00  1.777E+00  1.863E+00  1.948E+00  2.041E+00  2.140E+00  2.226E+00  2.329E+00  2.432E+00  2.525E+00  2.617E+00  2.701E+00  2.799E+00  2.896E+00  2.983E+00  3.076E+00  3.152E+00  3.219E+00  3.309E+00  3.393E+00  3.441E+00  3.503E+00  3.552E+00  3.586E+00  3.616E+00  3.659E+00  3.661E+00  3.678E+00  3.679E+00  3.659E+00  3.652E+00  3.622E+00  3.588E+00  3.545E+00  3.526E+00  3.452E+00  3.378E+00  3.307E+00  3.232E+00  3.159E+00  3.061E+00  2.972E+00  2.872E+00  2.782E+00  2.680E+00  2.553E+00  2.450E+00  2.333E+00  2.226E+00  2.115E+00  2.003E+00  1.881E+00  1.772E+00  1.656E+00  1.554E+00  1.443E+00  1.332E+00  1.239E+00  1.142E+00  1.055E+00  9.684E-01  8.821E-01  8.107E-01  7.299E-01  6.604E-01  5.972E-01  5.358E-01  4.811E-01  4.298E-01  3.828E-01  3.366E-01  3.004E-01  2.617E-01  2.283E-01  1.993E-01  1.741E-01  1.508E-01  1.321E-01  1.125E-01  9.607E-02  7.924E-02  6.625E-02  5.742E-02  4.797E-02  4.167E-02  3.338E-02  2.770E-02  2.339E-02  1.956E-02  1.484E-02  1.190E-02  1.067E-02  8.000E-03  6.885E-03  5.219E-03  4.062E-03  3.274E-03  2.420E-03  2.080E-03  1.557E-03  1.093E-03  8.469E-04  7.320E-04  4.585E-04  4.184E-04  2.666E-04  2.533E-04  2.275E-04  1.642E-04  8.864E-05  8.754E-05  3.701E-05  2.550E-05  3.733E-05  1.196E-05  1.201E-05  1.207E-05  3.604E-05  0.000E+00  Z
 2.696E-03  2.819E-03  2.381E-03  2.012E-03  3.082E-03  3.139E-03  3.398E-03  2.565E-03  4.593E-03  4.719E-03  5.296E-03  6.222E-03  7.075E-03  8.632E-03  1.013E-02  1.345E-02  1.457E-02  1.813E-02  2.108E-02  2.469E-02  3.114E-02  3.399E-02  4.025E-02  4.603E-02  5.327E-02  6.286E-02  6.822E-02  7.950E-02  8.984E-02  1.042E-01  1.191E-01  1.325E-01  1.468E-01  1.675E-01  1.820E-01  2.045E-01  2.242E-01  2.458E-01  2.752E-01  3.006E-01  3.324E-01  3.634E-01  3.966E-01  4.347E-01  4.724E-01  5.173E-01  5.599E-01  5.985E-01  6.486E-01  6.935E-01  7.500E-01  8.026E-01  8.588E-01  9.203E-01  9.759E-01  1.044E+00  1.100E+00  1.176E+00  1.252E+00  1.324E+00  1.387E+00  1.473E+00  1.553E+00  1.632E+00  1.718E+00  1.817E+00  1.911E+00  2.006E+00  2.079E+00  2.184E+00  2.287E+00  2.389E+00  2.492E+00  2.602E+00  2.706E+00  2.809E+00  2.923E+00  3.027E+00  3.139E+00  3.247E+00  3.356E+00  3.479E+00  3.588E+00  3.689E+00  3.815E+00  3.908E+00  4.032E+00  4.139E+00  4.236E+00  4.345E+00  4.439E+00  4.522E+00  4.630E+00  4.707E+00  4.772E+00  4.841E+00  4.887E+00  4.943E+00  4.990E+00  5.016E+00  5.033E+00  5.020E+00  5.030E+00  4.994E+00  4.972E+00  4.930E+00  4.891E+00  4.830E+00  4.745E+00  4.659E+00  4.581E+00  4.476E+00  4.386E+00  4.248E+00  4.116E+00  3.986E+00  3.869E+00  3.712E+00  3.575E+00  3.411E+00  3.268E+00  3.111E+00  2.951E+00  2.794E+00  2.644E+00  2.483E+00  2.329E+00  2.180E+00  2.031E+00  1.893E+00  1.756E+00  1.625E+00  1.487E+00  1.371E+00  1.253E+00  1.147E+00  1.042E+00  9.414E-01  8.470E-01  7.637E-01  6.884E-01  6.150E-01  5.439E-01  4.825E-01  4.277E-01  3.800E-01  3.337E-01  2.882E-01  2.554E-01  2.159E-01  1.896E-01  1.645E-01  1.429E-01  1.214E-01  1.033E-01  8.870E-02  7.439E-02  6.158E-02  5.325E-02  4.328E-02  3.607E-02  3.074E-02  2.518E-02  2.120E-02  1.741E-02  1.419E-02  1.167E-02  1.002E-02  7.596E-03  6.010E-03  5.040E-03  4.244E-03  3.339E-03  2.702E-03  2.300E-03  1.471E-03  1.370E-03  9.708E-04  8.434E-04  8.054E-04  5.253E-04  4.599E-04  2.429E-04  2.048E-04  1.923E-04  1.438E-04  1.304E-04  1.318E-04  1.182E-05  9.488E-05  6.095E-05  6.019E-05  3.554E-05  3.517E-05  0.000E+00  Z
 2.698E-03  1.475E-03  2.176E-03  2.888E-03  2.853E-03  2.440E-03  3.914E-03  3.163E-03  4.484E-03  4.347E-03  5.451E-03  5.598E-03  7.491E-03  8.410E-03  9.018E-03  1.087E-02  1.420E-02  1.496E-02  1.656E-02  2.129E-02  2.498E-02  2.919E-02  3.455E-02  3.870E-02  4.633E-02  5.309E-02  5.933E-02  6.809E-02  7.856E-02  9.054E-02  1.009E-01  1.152E-01  1.271E-01  1.420E-01  1.614E-01  1.803E-01  2.007E-01  2.197E-01  2.443E-01  2.695E-01  2.976E-01  3.196E-01  3.570E-01  3.799E-01  4.147E-01  4.585E-01  4.950E-01  5.382E-01  5.790E-01  6.251E-01  6.779E-01  7.252E-01  7.823E-01  8.445E-01  8.927E-01  9.532E-01  1.028E+00  1.084E+00  1.148E+00  1.223E+00  1.292E+00  1.368E+00  1.445E+00  1.527E+00  1.603E+00  1.689E+00  1.786E+00  1.880E+00  1.988E+00  2.070E+00  2.163E+00  2.249E+00  2.364E+00  2.489E+00  2.579E+00  2.699E+00  2.788E+00  2.918E+00  3.042E+00  3.163E+00  3.289E+00  3.409E+00  3.509E+00  3.639E+00  3.771E+00  3.910E+00  4.032E+00  4.174E+00  4.296E+00  4.430E+00  4.545E+00  4.670E+00  4.802E+00  4.916E+00  5.046E+00  5.159E+00  5.298E+00  5.417E+00  5.523E+00  5.612E+00  5.719E+00  5.815E+00  5.894E+00  5.995E+00  6.052E+00  6.120E+00  6.171E+00  6.202E+00  6.242E+00  6.255E+00  6.263E+00  6.260E+00  6.214E+00  6.187E+00  6.127E+00  6.071E+00  5.984E+00  5.894E+00  5.799E+00  5.685E+00  5.561E+00  5.420E+00  5.271E+00  5.108E+00  4.953E+00  4.791E+00  4.606E+00  4.424E+00  4.220E+00  4.034E+00  3.861E+00  3.651E+00  3.458E+00  3.269E+00  3.070E+00  2.886E+00  2.702E+00  2.525E+00  2.340E+00  2.169E+00  2.006E+00  1.853E+00  1.696E+00  1.555E+00  1.423E+00  1.284E+00  1.166E+00  1.057E+00  9.474E-01  8.611E-01  7.606E-01  6.812E-01  6.030E-01  5.373E-01  4.724E-01  4.120E-01  3.677E-01  3.172E-01  2.768E-01  2.356E-01  2.070E-01  1.732E-01  1.491E-01  1.286E-01  1.087E-01  9.406E-02  7.860E-02  6.665E-02  5.566E-02  4.595E-02  3.897E-02  3.298E-02  2.644E-02  2.160E-02  1.809E-02  1.515E-02  1.223E-02  1.033E-02  8.992E-03  7.326E-03  5.212E-03  4.529E-03  4.145E-03  2.867E-03  2.498E-03  1.845E-03  1.570E-03  1.229E-03  9.531E-04  8.095E-04  7.616E-04  4.611E-04  3.079E-04  2.932E-04  2.469E-04  1.758E-04  1.380E-04  1.163E-04  1.267E-04  6.785E-05  1.040E-04  8.087E-05  5.727E-05  4.594E-05  3.380E-05  1.174E-05  2.228E-05  1.180E-05  2.264E-05  2.231E-05  3.401E-05  5.674E-05  1.085E-05  0.000E+00  Z
 2.453E-03  2.682E-03  2.176E-03  2.711E-03  3.777E-03  2.230E-03  3.397E-03  3.643E-03  4.829E-03  5.521E-03  4.996E-03  5.352E-03  7.215E-03  7.252E-03  9.924E-03  1.126E-02  1.192E-02  1.422E-02  1.722E-02  1.943E-02  2.124E-02  2.566E-02  3.163E-02  3.546E-02  4.368E-02  4.851E-02  5.549E-02  6.154E-02  7.089E-02  8.034E-02  9.120E-02  1.086E-01  1.167E-01  1.358E-01  1.487E-01  1.674E-01  1.830E-01  2.007E-01  2.259E-01  2.518E-01  2.731E-01  2.978E-01  3.338E-01  3.610E-01  3.845E-01  4.269E-01  4.616E-01  5.081E-01  5.457E-01  5.879E-01  6.385E-01  6.827E-01  7.307E-01  7.875E-01  8.442E-01  8.980E-01  9.599E-01  1.027E+00  1.102E+00  1.160E+00  1.233E+00  1.306E+00  1.380E+00  1.459E+00  1.543E+00  1.635E+00  1.724E+00  1.814E+00  1.896E+00  1.994E+00  2.090E+00  2.196E+00  2.294E+00  2.427E+00  2.518E+00  2.623E+00  2.741E+00  2.863E+00  2.983E+00  3.095E+00  3.228E+00  3.340E+00  3.498E+00  3.633E+00  3.754E+00  3.885E+00  4.033E+00  4.158E+00  4.287E+00  4.447E+00  4.577E+00  4.727E+00  4.860E+00  5.004E+00  5.141E+00  5.280E+00  5.418E+00  5.570E+00  5.697E+00  5.837E+00  5.973E+00  6.094E+00  6.213E+00  6.341E+00  6.454E+00  6.572E+00  6.667E+00  6.781E+00  6.885E+00  6.946E+00  7.009E+00  7.083E+00  7.136E+00  7.167E+00  7.202E+00  7.214E+00  7.220E+00  7.205E+00  7.162E+00  7.122E+00  7.051E+00  6.988E+00  6.899E+00  6.775E+00  6.664E+00  6.544E+00  6.389E+00  6.236E+00  6.057E+00  5.888E+00  5.686E+00  5.512E+00  5.300E+00  5.064E+00  4.870E+00  4.651E+00  4.407E+00  4.193E+00  3.973E+00  3.746E+00  3.523E+00  3.302E+00  3.101E+00  2.887E+00  2.694E+00  2.493E+00  2.311E+00  2.120E+00  1.952E+00  1.783E+00  1.621E+00  1.464E+00  1.346E+00  1.212E+00  1.081E+00  9.820E-01  8.731E-01  7.791E-01  6.861E-01  6.120E-01  5.429E-01  4.715E-01  4.186E-01  3.641E-01  3.140E-01  2.720E-01  2.327E-01  2.014E-01  1.765E-01  1.524E-01  1.290E-01  1.095E-01  9.150E-02  7.843E-02  6.657E-02  5.641E-02  4.618E-02  3.819E-02  3.203E-02  2.665E-02  2.206E-02  1.833E-02  1.446E-02  1.281E-02  9.575E-03  8.170E-03  7.108E-03  5.656E-03  4.404E-03  3.558E-03  2.793E-03  2.519E-03  1.908E-03  1.449E-03  1.383E-03  9.935E-04  7.621E-04  6.514E-04  4.764E-04  4.303E-04  3.618E-04  3.570E-04  2.984E-04  1.378E-04  9.075E-05  9.214E-05  5.614E-05  5.704E-05  2.309E-05  4.532E-05  5.657E-05  3.441E-05  2.224E-05  7.836E-05  2.288E-05  5.565E-05  2.218E-05  6.570E-05  2.212E-05  4.432E-05  1.103E-05  2.132E-05  4.342E-05  2.155E-05  3.171E-05  4.308E-05  3.299E-05  1.110E-05  1.065E-05  2.192E-05  0.000E+00  Z
 1.961E-03  2.949E-03  2.588E-03  3.063E-03  1.698E-03  3.206E-03  4.425E-03  5.011E-03  4.655E-03  5.145E-03  6.511E-03  6.649E-03  7.578E-03  9.391E-03  9.574E-03  1.109E-02  1.179E-02  1.524E-02  1.776E-02  1.991E-02  2.279E-02  2.704E-02  3.164E-02  3.726E-02  4.326E-02  4.836E-02  5.412E-02  6.169E-02  7.161E-02  8.070E-02  9.200E-02  1.015E-01  1.159E-01  1.276E-01  1.468E-01  1.640E-01  1.791E-01  2.014E-01  2.252E-01  2.448E-01  2.726E-01  3.012E-01  3.259E-01  3.596E-01  3.885E-01  4.258E-01  4.652E-01  5.026E-01  5.444E-01  5.916E-01  6.266E-01  6.850E-01  7.311E-01  7.854E-01  8.447E-01  8.915E-01  9.525E-01  1.017E+00  1.089E+00  1.154E+00  1.229E+00  1.301E+00  1.374E+00  1.457E+00  1.545E+00  1.627E+00  1.718E+00  1.800E+00  1.890E+00  1.986E+00  2.077E+00  2.191E+00  2.299E+00  2.403E+00  2.504E+00  2.630E+00  2.742E+00  2.869E+00  2.968E+00  3.071E+00  3.235E+00  3.353E+00  3.485E+00  3.616E+00  3.757E+00  3.874E+00  4.004E+00  4.159E+00  4.290E+00  4.448E+00  4.585E+00  4.720E+00  4.877E+00  5.011E+00  5.155E+00  5.284E+00  5.424E+00  5.574E+00  5.725E+00  5.848E+00  5.982E+00  6.116E+00  6.253E+00  6.363E+00  6.496E+00  6.614E+00  6.730E+00  6.822E+00  6.918E+00  7.008E+00  7.109E+00  7.163E+00  7.226E+00  7.272E+00  7.302E+00  7.329E+00  7.345E+00  7.332E+00  7.290E+00  7.284E+00  7.213E+00  7.146E+00  7.074E+00  6.979E+00  6.854E+00  6.733E+00  6.602E+00  6.451E+00  6.300E+00  6.114E+00  5.917E+00  5.715E+00  5.525E+00  5.315E+00  5.089E+00  4.867E+00  4.658E+00  4.422E+00  4.209E+00  3.971E+00  3.743E+00  3.529E+00  3.302E+00  3.098E+00  2.882E+00  2.682E+00  2.479E+00  2.278E+00  2.109E+00  1.924E+00  1.773E+00  1.612E+00  1.467E+00  1.322E+00  1.185E+00  1.076E+00  9.568E-01  8.612E-01  7.638E-01  6.794E-01  6.033E-01  5.255E-01  4.640E-01  4.096E-01  3.540E-01  3.131E-01  2.677E-01  2.313E-01  1.967E-01  1.709E-01  1.462E-01  1.227E-01  1.063E-01  8.860E-02  7.533E-02  6.311E-02  5.443E-02  4.327E-02  3.753E-02  3.100E-02  2.565E-02  2.114E-02  1.732E-02  1.502E-02  1.146E-02  1.004E-02  7.630E-03  6.423E-03  4.921E-03  4.415E-03  3.408E-03  2.769E-03  2.284E-03  1.698E-03  1.432E-03  1.146E-03  9.116E-04  8.355E-04  6.863E-04  5.706E-04  3.942E-04  3.932E-04  2.883E-04  2.067E-04  1.608E-04  1.025E-04  1.580E-04  6.840E-05  6.849E-05  6.853E-05  2.270E-05  4.503E-05  6.741E-05  4.480E-05  1.074E-05  3.386E-05  5.600E-05  2.203E-05  3.351E-05  2.193E-05  1.081E-05  2.113E-05  3.175E-05  3.324E-05  4.320E-05  2.158E-05  2.102E-05  4.359E-05  2.159E-05  2.134E-05  4.254E-05  4.309E-05  4.236E-05  2.104E-05  0.000E+00  Z
 3.435E-03  2.012E-03  2.074E-03  2.796E-03  4.014E-03  2.857E-03  3.399E-03  4.956E-03  3.928E-03  5.517E-03  6.556E-03  7.089E-03  8.049E-03  8.188E-03  1.022E-02  1.125E-02  1.397E-02  1.533E-02  1.808E-02  2.127E-02  2.438E-02  2.668E-02  3.170E-02  3.558E-02  4.246E-02  4.652E-02  5.757E-02  6.090E-02  7.331E-02  7.970E-02  9.092E-02  1.021E-01  1.135E-01  1.291E-01  1.454E-01  1.587E-01  1.767E-01  1.987E-01  2.218E-01  2.452E-01  2.699E-01  2.966E-01  3.313E-01  3.558E-01  3.863E-01  4.238E-01  4.536E-01  4.938E-01  5.381E-01  5.863E-01  6.340E-01  6.724E-01  7.186E-01  7.802E-01  8.285E-01  8.941E-01  9.596E-01  1.007E+00  1.080E+00  1.160E+00  1.218E+00  1.296E+00  1.372E+00  1.439E+00  1.531E+00  1.599E+00  1.700E+00  1.800E+00  1.884E+00  1.971E+00  2.085E+00  2.178E+00  2.285E+00  2.394E+00  2.504E+00  2.605E+00  2.731E+00  2.833E+00  2.966E+00  3.093E+00  3.212E+00  3.326E+00  3.469E+00  3.605E+00  3.748E+00  3.895E+00  4.016E+00  4.164E+00  4.306E+00  4.438E+00  4.579E+00  4.715E+00  4.869E+00  5.028E+00  5.150E+00  5.299E+00  5.449E+00  5.601E+00  5.731E+00  5.885E+00  6.024E+00  6.166E+00  6.274E+00  6.408E+00  6.552E+00  6.670E+00  6.790E+00  6.889E+00  6.999E+00  7.083E+00  7.181E+00  7.271E+00  7.317E+00  7.380E+00  7.438E+00  7.453E+00  7.484E+00  7.480E+00  7.493E+00  7.456E+00  7.402E+00  7.359E+00  7.272E+00  7.201E+00  7.091E+00  6.982E+00  6.871E+00  6.706E+00  6.553E+00  6.374E+00  6.203E+00  6.020E+00  5.807E+00  5.613E+00  5.398E+00  5.174E+00  4.938E+00  4.715E+00  4.489E+00  4.246E+00  4.007E+00  3.791E+00  3.576E+00  3.348E+00  3.118E+00  2.921E+00  2.694E+00  2.498E+00  2.310E+00  2.117E+00  1.942E+00  1.769E+00  1.613E+00  1.478E+00  1.330E+00  1.204E+00  1.083E+00  9.739E-01  8.683E-01  7.712E-01  6.795E-01  6.003E-01  5.310E-01  4.652E-01  4.094E-01  3.528E-01  3.106E-01  2.670E-01  2.284E-01  2.023E-01  1.693E-01  1.460E-01  1.223E-01  1.056E-01  8.763E-02  7.507E-02  6.522E-02  5.394E-02  4.358E-02  3.726E-02  3.102E-02  2.603E-02  2.142E-02  1.720E-02  1.401E-02  1.217E-02  9.642E-03  7.737E-03  6.595E-03  5.043E-03  4.155E-03  3.816E-03  3.011E-03  2.157E-03  1.994E-03  1.718E-03  1.131E-03  9.670E-04  8.005E-04  5.203E-04  5.872E-04  3.838E-04  3.565E-04  2.656E-04  1.611E-04  1.712E-04  1.130E-04  1.157E-04  6.849E-05  1.494E-04  3.474E-05  5.682E-05  5.682E-05  6.559E-05  5.503E-05  3.296E-05  3.344E-05  4.448E-05  5.532E-05  2.140E-05  5.485E-05  4.413E-05  2.265E-05  3.339E-05  3.241E-05  5.468E-05  1.051E-05  2.179E-05  5.318E-05  4.351E-05  2.210E-05  1.109E-05  2.154E-05  2.188E-05  2.162E-05  2.128E-05  2.116E-05  0.000E+00  Z
 2.698E-03  2.010E-03  1.656E-03  2.188E-03  3.314E-03  3.836E-03  3.850E-03  3.999E-03  4.375E-03  5.625E-03  6.259E-03  6.557E-03  9.202E-03  8.046E-03  9.576E-03  1.187E-02  1.344E-02  1.423E-02  1.725E-02  2.055E-02  2.188E-02  2.679E-02  3.217E-02  3.574E-02  4.117E-02  4.791E-02  5.691E-02  6.316E-02  7.063E-02  7.872E-02  9.214E-02  1.000E-01  1.135E-01  1.276E-01  1.434E-01  1.609E-01  1.770E-01  2.001E-01  2.220E-01  2.409E-01  2.690E-01  2.984E-01  3.247E-01  3.519E-01  3.816E-01  4.202E-01  4.596E-01  4.956E-01  5.376E-01  5.814E-01  6.253E-01  6.698E-01  7.211E-01  7.822E-01  8.298E-01  8.959E-01  9.520E-01  1.009E+00  1.079E+00  1.151E+00  1.219E+00  1.294E+00  1.363E+00  1.442E+00  1.524E+00  1.612E+00  1.688E+00  1.792E+00  1.879E+00  1.982E+00  2.074E+00  2.183E+00  2.292E+00  2.388E+00  2.498E+00  2.613E+00  2.729E+00  2.854E+00  2.975E+00  3.080E+00  3.217E+00  3.347E+00  3.472E+00  3.593E+00  3.747E+00  3.872E+00  4.024E+00  4.149E+00  4.297E+00  4.449E+00  4.588E+00  4.728E+00  4.885E+00  5.012E+00  5.177E+00  5.302E+00  5.458E+00  5.603E+00  5.734E+00  5.879E+00  6.028E+00  6.172E+00  6.290E+00  6.431E+00  6.534E+00  6.681E+00  6.796E+00  6.913E+00  6.989E+00  7.107E+00  7.188E+00  7.256E+00  7.306E+00  7.405E+00  7.440E+00  7.475E+00  7.506E+00  7.498E+00  7.518E+00  7.468E+00  7.442E+00  7.405E+00  7.327E+00  7.250E+00  7.153E+00  7.012E+00  6.891E+00  6.756E+00  6.584E+00  6.417E+00  6.248E+00  6.049E+00  5.851E+00  5.645E+00  5.417E+00  5.220E+00  4.975E+00  4.745E+00  4.522E+00  4.288E+00  4.065E+00  3.814E+00  3.600E+00  3.377E+00  3.155E+00  2.943E+00  2.723E+00  2.526E+00  2.331E+00  2.142E+00  1.980E+00  1.804E+00  1.645E+00  1.499E+00  1.351E+00  1.217E+00  1.093E+00  9.828E-01  8.745E-01  7.836E-01  6.955E-01  6.121E-01  5.440E-01  4.751E-01  4.151E-01  3.628E-01  3.162E-01  2.723E-01  2.317E-01  2.024E-01  1.744E-01  1.482E-01  1.272E-01  1.080E-01  9.070E-02  7.809E-02  6.298E-02  5.390E-02  4.655E-02  3.718E-02  3.203E-02  2.549E-02  2.204E-02  1.751E-02  1.453E-02  1.171E-02  9.604E-03  7.720E-03  7.582E-03  5.607E-03  4.066E-03  3.533E-03  2.825E-03  2.364E-03  1.871E-03  1.555E-03  1.195E-03  9.701E-04  8.586E-04  7.168E-04  5.422E-04  4.273E-04  2.389E-04  2.290E-04  1.834E-04  2.378E-04  1.474E-04  1.374E-04  1.485E-04  6.775E-05  1.125E-04  4.586E-05  6.721E-05  7.732E-05  2.216E-05  2.227E-05  4.432E-05  1.144E-05  2.221E-05  2.196E-05  2.269E-05  3.208E-05  2.206E-05  6.451E-05  3.267E-05  2.247E-05  0.000E+00  Z
 2.208E-03  2.014E-03  2.591E-03  3.060E-03  3.394E-03  2.441E-03  3.655E-03  4.776E-03  4.934E-03  5.836E-03  5.345E-03  5.927E-03  7.022E-03  8.764E-03  9.316E-03  1.084E-02  1.292E-02  1.618E-02  1.789E-02  2.070E-02  2.343E-02  2.838E-02  3.036E-02  3.430E-02  4.099E-02  4.625E-02  5.355E-02  6.306E-02  6.922E-02  7.850E-02  8.693E-02  1.013E-01  1.185E-01  1.287E-01  1.429E-01  1.573E-01  1.800E-01  1.980E-01  2.184E-01  2.418E-01  2.690E-01  2.895E-01  3.217E-01  3.533E-01  3.879E-01  4.180E-01  4.608E-01  4.946E-01  5.397E-01  5.816E-01  6.191E-01  6.651E-01  7.204E-01  7.801E-01  8.267E-01  8.815E-01  9.518E-01  1.006E+00  1.066E+00  1.144E+00  1.212E+00  1.288E+00  1.366E+00  1.438E+00  1.515E+00  1.608E+00  1.693E+00  1.776E+00  1.879E+00  1.973E+00  2.075E+00  2.179E+00  2.283E+00  2.388E+00  2.504E+00  2.607E+00  2.721E+00  2.845E+00  2.957E+00  3.092E+00  3.218E+00  3.345E+00  3.484E+00  3.612E+00  3.757E+00  3.875E+00  4.008E+00  4.143E+00  4.290E+00  4.434E+00  4.578E+00  4.729E+00  4.869E+00  5.020E+00  5.162E+00  5.318E+00  5.465E+00  5.598E+00  5.757E+00  5.902E+00  6.051E+00  6.198E+00  6.302E+00  6.455E+00  6.583E+00  6.709E+00  6.829E+00  6.927E+00  7.057E+00  7.142E+00  7.228E+00  7.333E+00  7.377E+00  7.467E+00  7.507E+00  7.548E+00  7.582E+00  7.599E+00  7.596E+00  7.576E+00  7.543E+00  7.472E+00  7.426E+00  7.351E+00  7.253E+00  7.134E+00  7.010E+00  6.864E+00  6.714E+00  6.558E+00  6.384E+00  6.182E+00  5.984E+00  5.777E+00  5.574E+00  5.356E+00  5.115E+00  4.888E+00  4.677E+00  4.429E+00  4.174E+00  3.976E+00  3.728E+00  3.510E+00  3.262E+00  3.042E+00  2.838E+00  2.634E+00  2.441E+00  2.237E+00  2.071E+00  1.887E+00  1.719E+00  1.559E+00  1.411E+00  1.279E+00  1.157E+00  1.039E+00  9.286E-01  8.244E-01  7.324E-01  6.517E-01  5.730E-01  5.038E-01  4.407E-01  3.864E-01  3.362E-01  2.885E-01  2.499E-01  2.191E-01  1.872E-01  1.608E-01  1.351E-01  1.161E-01  9.801E-02  8.311E-02  7.059E-02  5.876E-02  4.939E-02  4.134E-02  3.432E-02  2.760E-02  2.402E-02  2.021E-02  1.611E-02  1.312E-02  1.065E-02  8.454E-03  7.217E-03  5.880E-03  5.138E-03  3.754E-03  3.072E-03  2.468E-03  1.776E-03  1.513E-03  1.391E-03  1.035E-03  9.156E-04  8.690E-04  5.176E-04  4.148E-04  3.091E-04  2.978E-04  2.062E-04  2.312E-04  1.700E-04  1.141E-04  1.132E-04  3.412E-05  6.799E-05  3.442E-05  1.123E-05  4.462E-05  2.231E-05  2.218E-05  1.148E-05  4.358E-05  4.354E-05  1.125E-05  2.171E-05  2.265E-05  3.248E-05  0.000E+00  Z
 2.699E-03  2.280E-03  3.004E-03  2.712E-03  3.399E-03  3.625E-03  3.465E-03  5.434E-03  5.047E-03  5.034E-03  5.300E-03  6.844E-03  7.448E-03  9.078E-03  9.358E-03  1.183E-02  1.319E-02  1.470E-02  1.683E-02  2.095E-02  2.296E-02  2.799E-02  3.005E-02  3.567E-02  4.022E-02  4.682E-02  5.431E-02  6.131E-02  6.948E-02  7.619E-02  9.023E-02  9.944E-02  1.127E-01  1.250E-01  1.404E-01  1.600E-01  1.754E-01  1.968E-01  2.163E-01  2.448E-01  2.635E-01  2.903E-01  3.185E-01  3.491E-01  3.836E-01  4.176E-01  4.539E-01  4.980E-01  5.288E-01  5.702E-01  6.217E-01  6.667E-01  7.199E-01  7.679E-01  8.249E-01  8.801E-01  9.427E-01  1.011E+00  1.073E+00  1.134E+00  1.213E+00  1.274E+00  1.356E+00  1.432E+00  1.518E+00  1.597E+00  1.682E+00  1.788E+00  1.876E+00  1.973E+00  2.076E+00  2.173E+00  2.273E+00  2.378E+00  2.490E+00  2.604E+00  2.710E+00  2.843E+00  2.964E+00  3.085E+00  3.205E+00  3.328E+00  3.454E+00  3.601E+00  3.748E+00  3.878E+00  4.003E+00  4.165E+00  4.289E+00  4.430E+00  4.589E+00  4.717E+00  4.880E+00  5.037E+00  5.176E+00  5.322E+00  5.481E+00  5.618E+00  5.755E+00  5.917E+00  6.051E+00  6.202E+00  6.348E+00  6.463E+00  6.621E+00  6.737E+00  6.855E+00  6.990E+00  7.107E+00  7.197E+00  7.314E+00  7.385E+00  7.480E+00  7.537E+00  7.604E+00  7.635E+00  7.680E+00  7.705E+00  7.722E+00  7.694E+00  7.682E+00  7.649E+00  7.580E+00  7.507E+00  7.413E+00  7.324E+00  7.210E+00  7.062E+00  6.930E+00  6.752E+00  6.582E+00  6.391E+00  6.196E+00  5.993E+00  5.785E+00  5.557E+00  5.343E+00  5.097E+00  4.878E+00  4.632E+00  4.395E+00  4.150E+00  3.939E+00  3.703E+00  3.465E+00  3.227E+00  3.016E+00  2.801E+00  2.603E+00  2.390E+00  2.202E+00  2.025E+00  1.853E+00  1.687E+00  1.535E+00  1.392E+00  1.254E+00  1.123E+00  1.007E+00  9.023E-01  8.051E-01  7.123E-01  6.322E-01  5.520E-01  4.865E-01  4.265E-01  3.748E-01  3.195E-01  2.823E-01  2.444E-01  2.099E-01  1.791E-01  1.517E-01  1.316E-01  1.124E-01  9.253E-02  8.034E-02  6.744E-02  5.548E-02  4.675E-02  3.844E-02  3.187E-02  2.650E-02  2.354E-02  1.839E-02  1.506E-02  1.249E-02  9.896E-03  8.705E-03  6.519E-03  5.739E-03  4.921E-03  3.918E-03  3.018E-03  2.286E-03  2.103E-03  1.578E-03  1.135E-03  1.178E-03  8.219E-04  5.780E-04  5.329E-04  3.943E-04  3.572E-04  3.251E-04  2.050E-04  1.366E-04  1.249E-04  1.032E-04  1.021E-04  9.036E-05  2.194E-05  6.821E-05  4.459E-05  2.224E-05  2.246E-05  2.165E-05  4.364E-05  1.125E-05  4.446E-05  2.146E-05  4.358E-05  3.347E-05  0.000E+00  Z
 1.471E-03  1.742E-03  3.418E-03  3.409E-03  3.082E-03  4.532E-03  3.787E-03  4.599E-03  5.211E-03  4.080E-03  5.750E-03  6.794E-03  7.440E-03  8.813E-03  9.787E-03  1.088E-02  1.191E-02  1.692E-02  1.700E-02  1.989E-02  2.216E-02  2.654E-02  3.012E-02  3.600E-02  3.959E-02  4.555E-02  5.396E-02  6.080E-02  6.996E-02  7.563E-02  8.747E-02  9.958E-02  1.158E-01  1.251E-01  1.416E-01  1.565E-01  1.752E-01  1.974E-01  2.148E-01  2.398E-01  2.624E-01  2.870E-01  3.099E-01  3.470E-01  3.734E-01  4.097E-01  4.448E-01  4.857E-01  5.257E-01  5.712E-01  6.102E-01  6.628E-01  7.133E-01  7.623E-01  8.129E-01  8.777E-01  9.342E-01  9.970E-01  1.060E+00  1.133E+00  1.207E+00  1.275E+00  1.353E+00  1.424E+00  1.513E+00  1.592E+00  1.672E+00  1.764E+00  1.861E+00  1.954E+00  2.055E+00  2.155E+00  2.268E+00  2.371E+00  2.487E+00  2.587E+00  2.715E+00  2.828E+00  2.948E+00  3.066E+00  3.197E+00  3.332E+00  3.448E+00  3.583E+00  3.736E+00  3.861E+00  4.009E+00  4.145E+00  4.285E+00  4.436E+00  4.607E+00  4.734E+00  4.881E+00  5.044E+00  5.188E+00  5.348E+00  5.509E+00  5.638E+00  5.799E+00  5.940E+00  6.101E+00  6.240E+00  6.378E+00  6.521E+00  6.662E+00  6.799E+00  6.916E+00  7.064E+00  7.156E+00  7.285E+00  7.394E+00  7.482E+00  7.571E+00  7.664E+00  7.749E+00  7.824E+00  7.855E+00  7.888E+00  7.914E+00  7.930E+00  7.939E+00  7.891E+00  7.851E+00  7.796E+00  7.722E+00  7.626E+00  7.524E+00  7.405E+00  7.269E+00  7.118E+00  6.961E+00  6.790E+00  6.592E+00  6.400E+00  6.191E+00  5.980E+00  5.756E+00  5.522E+00  5.276E+00  5.031E+00  4.794E+00  4.554E+00  4.295E+00  4.072E+00  3.824E+00  3.583E+00  3.355E+00  3.134E+00  2.912E+00  2.703E+00  2.500E+00  2.295E+00  2.108E+00  1.928E+00  1.753E+00  1.599E+00  1.440E+00  1.302E+00  1.181E+00  1.059E+00  9.434E-01  8.403E-01  7.448E-01  6.589E-01  5.875E-01  5.128E-01  4.542E-01  3.903E-01  3.463E-01  2.968E-01  2.539E-01  2.195E-01  1.879E-01  1.600E-01  1.379E-01  1.178E-01  1.019E-01  8.330E-02  7.041E-02  6.155E-02  4.929E-02  4.264E-02  3.521E-02  2.944E-02  2.358E-02  2.133E-02  1.625E-02  1.388E-02  1.073E-02  8.865E-03  7.402E-03  5.905E-03  4.979E-03  3.942E-03  3.168E-03  2.426E-03  2.272E-03  1.917E-03  1.380E-03  1.043E-03  9.003E-04  6.791E-04  5.771E-04  4.216E-04  4.462E-04  2.865E-04  3.407E-04  2.286E-04  1.456E-04  1.249E-04  1.240E-04  9.060E-05  5.670E-05  5.561E-05  2.195E-05  4.423E-05  2.246E-05  3.285E-05  4.530E-05  5.654E-05  3.288E-05  0.000E+00  Z
 4.170E-03  3.486E-03  2.795E-03  2.010E-03  4.086E-03  3.976E-03  3.207E-03  4.294E-03  5.051E-03  5.892E-03  5.247E-03  6.411E-03  7.120E-03  7.565E-03  8.152E-03  1.188E-02  1.477E-02  1.555E-02  1.679E-02  2.037E-02  2.227E-02  2.630E-02  2.926E-02  3.458E-02  3.953E-02  4.526E-02  5.373E-02  6.002E-02  6.561E-02  7.507E-02  9.163E-02  9.621E-02  1.076E-01  1.277E-01  1.351E-01  1.546E-01  1.689E-01  1.907E-01  2.118E-01  2.292E-01  2.581E-01  2.881E-01  3.095E-01  3.435E-01  3.751E-01  4.088E-01  4.449E-01  4.770E-01  5.208E-01  5.603E-01  6.008E-01  6.549E-01  7.014E-01  7.577E-01  8.114E-01  8.683E-01  9.273E-01  9.828E-01  1.053E+00  1.123E+00  1.188E+00  1.261E+00  1.338E+00  1.417E+00  1.498E+00  1.575E+00  1.671E+00  1.759E+00  1.855E+00  1.948E+00  2.045E+00  2.145E+00  2.239E+00  2.348E+00  2.473E+00  2.584E+00  2.703E+00  2.822E+00  2.934E+00  3.057E+00  3.197E+00  3.328E+00  3.450E+00  3.574E+00  3.738E+00  3.885E+00  4.005E+00  4.164E+00  4.306E+00  4.439E+00  4.588E+00  4.754E+00  4.904E+00  5.039E+00  5.214E+00  5.376E+00  5.522E+00  5.667E+00  5.840E+00  6.001E+00  6.129E+00  6.277E+00  6.429E+00  6.576E+00  6.733E+00  6.871E+00  6.999E+00  7.136E+00  7.255E+00  7.382E+00  7.496E+00  7.619E+00  7.699E+00  7.790E+00  7.857E+00  7.954E+00  8.020E+00  8.090E+00  8.124E+00  8.147E+00  8.134E+00  8.145E+00  8.093E+00  8.087E+00  7.987E+00  7.930E+00  7.835E+00  7.744E+00  7.616E+00  7.475E+00  7.302E+00  7.173E+00  6.986E+00  6.774E+00  6.591E+00  6.364E+00  6.142E+00  5.914E+00  5.687E+00  5.437E+00  5.196E+00  4.949E+00  4.685E+00  4.443E+00  4.186E+00  3.950E+00  3.697E+00  3.460E+00  3.229E+00  3.008E+00  2.785E+00  2.571E+00  2.374E+00  2.172E+00  1.992E+00  1.814E+00  1.654E+00  1.497E+00  1.349E+00  1.224E+00  1.097E+00  9.806E-01  8.770E-01  7.766E-01  6.907E-01  6.077E-01  5.367E-01  4.626E-01  4.086E-01  3.522E-01  3.082E-01  2.665E-01  2.324E-01  1.975E-01  1.690E-01  1.426E-01  1.227E-01  1.046E-01  8.722E-02  7.568E-02  6.283E-02  5.342E-02  4.308E-02  3.669E-02  2.968E-02  2.468E-02  2.132E-02  1.735E-02  1.377E-02  1.189E-02  9.390E-03  7.813E-03  6.188E-03  5.036E-03  4.446E-03  3.269E-03  2.512E-03  2.333E-03  1.807E-03  1.280E-03  1.321E-03  8.118E-04  7.248E-04  7.452E-04  6.064E-04  4.484E-04  2.285E-04  2.380E-04  2.280E-04  2.260E-04  1.797E-04  1.352E-04  4.437E-05  1.230E-04  5.633E-05  1.003E-04  4.461E-05  3.257E-05  3.213E-05  2.157E-05  3.289E-05  2.118E-05  3.309E-05  0.000E+00  Z
 1.960E-03  3.618E-03  2.692E-03  2.711E-03  3.855E-03  3.761E-03  4.617E-03  5.136E-03  5.549E-03  5.619E-03  5.954E-03  6.941E-03  7.308E-03  8.584E-03  1.034E-02  1.042E-02  1.199E-02  1.445E-02  1.626E-02  1.978E-02  2.245E-02  2.566E-02  3.019E-02  3.560E-02  3.812E-02  4.479E-02  5.086E-02  5.988E-02  6.593E-02  7.465E-02  8.439E-02  9.989E-02  1.105E-01  1.246E-01  1.407E-01  1.508E-01  1.720E-01  1.922E-01  2.148E-01  2.329E-01  2.553E-01  2.804E-01  3.136E-01  3.411E-01  3.723E-01  4.022E-01  4.388E-01  4.768E-01  5.183E-01  5.640E-01  6.035E-01  6.518E-01  7.006E-01  7.492E-01  8.039E-01  8.548E-01  9.196E-01  9.798E-01  1.044E+00  1.117E+00  1.188E+00  1.252E+00  1.336E+00  1.407E+00  1.488E+00  1.587E+00  1.667E+00  1.757E+00  1.838E+00  1.939E+00  2.050E+00  2.149E+00  2.239E+00  2.346E+00  2.463E+00  2.577E+00  2.694E+00  2.823E+00  2.932E+00  3.063E+00  3.182E+00  3.318E+00  3.455E+00  3.581E+00  3.729E+00  3.880E+00  4.014E+00  4.157E+00  4.305E+00  4.434E+00  4.586E+00  4.753E+00  4.887E+00  5.041E+00  5.210E+00  5.352E+00  5.522E+00  5.673E+00  5.851E+00  5.991E+00  6.134E+00  6.292E+00  6.429E+00  6.601E+00  6.759E+00  6.892E+00  7.025E+00  7.170E+00  7.285E+00  7.431E+00  7.539E+00  7.674E+00  7.754E+00  7.837E+00  7.934E+00  8.041E+00  8.086E+00  8.173E+00  8.184E+00  8.222E+00  8.234E+00  8.235E+00  8.187E+00  8.187E+00  8.142E+00  8.047E+00  7.983E+00  7.898E+00  7.779E+00  7.641E+00  7.482E+00  7.317E+00  7.137E+00  6.956E+00  6.763E+00  6.541E+00  6.326E+00  6.097E+00  5.867E+00  5.637E+00  5.378E+00  5.124E+00  4.865E+00  4.615E+00  4.362E+00  4.108E+00  3.874E+00  3.622E+00  3.375E+00  3.159E+00  2.924E+00  2.699E+00  2.503E+00  2.295E+00  2.106E+00  1.918E+00  1.751E+00  1.594E+00  1.434E+00  1.304E+00  1.163E+00  1.044E+00  9.308E-01  8.368E-01  7.341E-01  6.543E-01  5.731E-01  5.036E-01  4.400E-01  3.821E-01  3.362E-01  2.869E-01  2.503E-01  2.159E-01  1.842E-01  1.595E-01  1.340E-01  1.123E-01  9.485E-02  8.143E-02  6.808E-02  5.773E-02  4.872E-02  4.064E-02  3.291E-02  2.842E-02  2.417E-02  1.951E-02  1.574E-02  1.338E-02  1.028E-02  8.606E-03  7.221E-03  6.062E-03  4.028E-03  3.674E-03  3.046E-03  2.606E-03  2.152E-03  1.537E-03  1.154E-03  1.186E-03  6.220E-04  8.846E-04  6.520E-04  4.349E-04  2.951E-04  2.630E-04  3.170E-04  1.917E-04  1.567E-04  1.688E-04  1.113E-04  1.228E-04  4.521E-05  3.313E-05  4.392E-05  6.680E-05  2.235E-05  6.518E-05  1.144E-05  3.274E-05  3.363E-05  6.533E-05  0.000E+00  Z
 2.206E-03  2.817E-03  2.796E-03  3.060E-03  3.237E-03  4.464E-03  5.514E-03  4.179E-03  5.050E-03  5.786E-03  4.787E-03  8.102E-03  7.770E-03  8.271E-03  8.709E-03  1.159E-02  1.295E-02  1.411E-02  1.521E-02  1.966E-02  2.342E-02  2.678E-02  3.051E-02  3.449E-02  3.929E-02  4.797E-02  5.386E-02  5.691E-02  6.631E-02  7.780E-02  8.717E-02  9.434E-02  1.109E-01  1.183E-01  1.392E-01  1.526E-01  1.722E-01  1.869E-01  2.090E-01  2.334E-01  2.586E-01  2.797E-01  3.085E-01  3.339E-01  3.656E-01  4.020E-01  4.349E-01  4.783E-01  5.126E-01  5.524E-01  6.026E-01  6.469E-01  6.992E-01  7.481E-01  8.028E-01  8.602E-01  9.134E-01  9.850E-01  1.043E+00  1.113E+00  1.182E+00  1.254E+00  1.318E+00  1.397E+00  1.485E+00  1.564E+00  1.653E+00  1.750E+00  1.853E+00  1.927E+00  2.028E+00  2.137E+00  2.237E+00  2.343E+00  2.453E+00  2.552E+00  2.695E+00  2.793E+00  2.929E+00  3.058E+00  3.180E+00  3.310E+00  3.443E+00  3.580E+00  3.715E+00  3.852E+00  4.002E+00  4.160E+00  4.292E+00  4.447E+00  4.604E+00  4.730E+00  4.892E+00  5.059E+00  5.209E+00  5.367E+00  5.538E+00  5.699E+00  5.849E+00  5.997E+00  6.144E+00  6.313E+00  6.465E+00  6.603E+00  6.764E+00  6.923E+00  7.057E+00  7.192E+00  7.336E+00  7.437E+00  7.567E+00  7.686E+00  7.821E+00  7.910E+00  7.998E+00  8.083E+00  8.167E+00  8.217E+00  8.280E+00  8.283E+00  8.322E+00  8.345E+00  8.326E+00  8.297E+00  8.238E+00  8.196E+00  8.122E+00  8.019E+00  7.902E+00  7.782E+00  7.652E+00  7.468E+00  7.318E+00  7.132E+00  6.924E+00  6.733E+00  6.501E+00  6.256E+00  6.044E+00  5.794E+00  5.559E+00  5.283E+00  5.038E+00  4.804E+00  4.540E+00  4.285E+00  4.034E+00  3.798E+00  3.533E+00  3.300E+00  3.080E+00  2.849E+00  2.630E+00  2.413E+00  2.222E+00  2.033E+00  1.848E+00  1.679E+00  1.527E+00  1.382E+00  1.245E+00  1.112E+00  9.960E-01  8.923E-01  7.893E-01  7.032E-01  6.177E-01  5.496E-01  4.797E-01  4.129E-01  3.603E-01  3.141E-01  2.733E-01  2.341E-01  2.019E-01  1.714E-01  1.497E-01  1.251E-01  1.068E-01  9.086E-02  7.409E-02  6.406E-02  5.382E-02  4.495E-02  3.801E-02  3.057E-02  2.499E-02  2.112E-02  1.729E-02  1.434E-02  1.116E-02  1.028E-02  7.494E-03  6.257E-03  5.754E-03  4.754E-03  3.736E-03  2.889E-03  2.420E-03  1.810E-03  1.636E-03  1.117E-03  1.127E-03  8.004E-04  4.690E-04  5.849E-04  4.657E-04  3.860E-04  2.266E-04  2.386E-04  1.477E-04  1.222E-04  8.897E-05  1.003E-04  1.553E-04  3.286E-05  7.724E-05  3.275E-05  1.448E-04  6.564E-05  3.320E-05  1.138E-05  2.121E-05  0.000E+00  Z
 2.454E-03  4.022E-03  3.003E-03  2.622E-03  4.241E-03  3.278E-03  4.935E-03  4.002E-03  6.224E-03  5.997E-03  6.663E-03  6.983E-03  8.232E-03  8.451E-03  9.704E-03  1.124E-02  1.336E-02  1.501E-02  1.629E-02  2.043E-02  2.245E-02  2.556E-02  3.053E-02  3.444E-02  3.791E-02  4.464E-02  4.902E-02  6.230E-02  6.923E-02  7.424E-02  8.404E-02  9.526E-02  1.098E-01  1.222E-01  1.357E-01  1.544E-01  1.691E-01  1.919E-01  2.047E-01  2.311E-01  2.537E-01  2.773E-01  3.086E-01  3.336E-01  3.632E-01  3.984E-01  4.354E-01  4.714E-01  5.148E-01  5.533E-01  6.015E-01  6.386E-01  6.960E-01  7.417E-01  7.962E-01  8.494E-01  9.065E-01  9.710E-01  1.044E+00  1.108E+00  1.165E+00  1.247E+00  1.310E+00  1.396E+00  1.480E+00  1.568E+00  1.647E+00  1.742E+00  1.833E+00  1.930E+00  2.027E+00  2.120E+00  2.232E+00  2.329E+00  2.448E+00  2.568E+00  2.674E+00  2.806E+00  2.921E+00  3.043E+00  3.179E+00  3.307E+00  3.440E+00  3.563E+00  3.706E+00  3.853E+00  4.003E+00  4.140E+00  4.285E+00  4.442E+00  4.609E+00  4.748E+00  4.909E+00  5.066E+00  5.217E+00  5.385E+00  5.566E+00  5.717E+00  5.867E+00  6.034E+00  6.185E+00  6.354E+00  6.499E+00  6.658E+00  6.810E+00  6.951E+00  7.101E+00  7.259E+00  7.387E+00  7.518E+00  7.691E+00  7.767E+00  7.891E+00  8.031E+00  8.110E+00  8.202E+00  8.290E+00  8.354E+00  8.392E+00  8.447E+00  8.482E+00  8.504E+00  8.518E+00  8.488E+00  8.470E+00  8.413E+00  8.373E+00  8.275E+00  8.165E+00  8.080E+00  7.938E+00  7.809E+00  7.611E+00  7.448E+00  7.276E+00  7.052E+00  6.849E+00  6.626E+00  6.384E+00  6.153E+00  5.908E+00  5.667E+00  5.375E+00  5.123E+00  4.863E+00  4.607E+00  4.334E+00  4.085E+00  3.831E+00  3.585E+00  3.346E+00  3.097E+00  2.876E+00  2.658E+00  2.447E+00  2.250E+00  2.052E+00  1.880E+00  1.700E+00  1.540E+00  1.400E+00  1.251E+00  1.121E+00  1.003E+00  8.981E-01  7.998E-01  7.037E-01  6.217E-01  5.460E-01  4.798E-01  4.217E-01  3.626E-01  3.159E-01  2.734E-01  2.344E-01  2.033E-01  1.706E-01  1.506E-01  1.242E-01  1.054E-01  9.043E-02  7.695E-02  6.334E-02  5.480E-02  4.483E-02  3.787E-02  3.082E-02  2.550E-02  2.142E-02  1.769E-02  1.465E-02  1.232E-02  1.050E-02  8.566E-03  6.169E-03  5.424E-03  4.448E-03  3.205E-03  2.928E-03  2.375E-03  2.093E-03  1.567E-03  1.227E-03  1.391E-03  6.633E-04  6.184E-04  6.300E-04  3.995E-04  3.494E-04  2.375E-04  2.602E-04  1.684E-04  1.116E-04  2.014E-04  6.673E-05  5.485E-05  1.111E-04  6.561E-05  4.424E-05  1.146E-05  6.631E-05  4.346E-05  4.298E-05  3.316E-05  2.175E-05  2.167E-05  1.070E-05  1.061E-05  3.352E-05  3.190E-05  2.165E-05  2.143E-05  0.000E+00  Z
 2.207E-03  3.351E-03  2.072E-03  3.237E-03  3.543E-03  3.905E-03  3.845E-03  4.957E-03  4.933E-03  5.678E-03  5.700E-03  7.718E-03  8.329E-03  9.166E-03  9.188E-03  1.080E-02  1.368E-02  1.445E-02  1.596E-02  1.754E-02  2.238E-02  2.516E-02  2.956E-02  3.137E-02  3.821E-02  4.442E-02  4.887E-02  5.559E-02  6.467E-02  7.410E-02  8.212E-02  9.426E-02  1.079E-01  1.179E-01  1.336E-01  1.500E-01  1.674E-01  1.843E-01  2.044E-01  2.279E-01  2.497E-01  2.771E-01  3.025E-01  3.329E-01  3.641E-01  3.963E-01  4.265E-01  4.714E-01  5.038E-01  5.438E-01  5.918E-01  6.363E-01  6.879E-01  7.342E-01  7.913E-01  8.462E-01  8.987E-01  9.695E-01  1.023E+00  1.099E+00  1.171E+00  1.244E+00  1.311E+00  1.388E+00  1.460E+00  1.555E+00  1.641E+00  1.725E+00  1.830E+00  1.924E+00  2.017E+00  2.119E+00  2.223E+00  2.324E+00  2.440E+00  2.553E+00  2.662E+00  2.795E+00  2.905E+00  3.031E+00  3.156E+00  3.301E+00  3.429E+00  3.584E+00  3.712E+00  3.853E+00  3.973E+00  4.152E+00  4.281E+00  4.450E+00  4.611E+00  4.761E+00  4.917E+00  5.083E+00  5.239E+00  5.391E+00  5.548E+00  5.713E+00  5.877E+00  6.055E+00  6.206E+00  6.378E+00  6.537E+00  6.684E+00  6.858E+00  7.011E+00  7.152E+00  7.309E+00  7.432E+00  7.595E+00  7.719E+00  7.859E+00  7.970E+00  8.105E+00  8.202E+00  8.306E+00  8.390E+00  8.471E+00  8.548E+00  8.601E+00  8.624E+00  8.666E+00  8.690E+00  8.676E+00  8.680E+00  8.650E+00  8.587E+00  8.527E+00  8.444E+00  8.325E+00  8.199E+00  8.071E+00  7.925E+00  7.757E+00  7.580E+00  7.376E+00  7.163E+00  6.930E+00  6.709E+00  6.476E+00  6.235E+00  5.965E+00  5.716E+00  5.450E+00  5.185E+00  4.924E+00  4.649E+00  4.381E+00  4.111E+00  3.876E+00  3.606E+00  3.383E+00  3.133E+00  2.903E+00  2.675E+00  2.468E+00  2.254E+00  2.069E+00  1.883E+00  1.705E+00  1.553E+00  1.405E+00  1.256E+00  1.128E+00  1.010E+00  8.992E-01  7.946E-01  7.039E-01  6.230E-01  5.475E-01  4.799E-01  4.152E-01  3.668E-01  3.161E-01  2.735E-01  2.318E-01  2.035E-01  1.736E-01  1.468E-01  1.278E-01  1.067E-01  9.073E-02  7.724E-02  6.311E-02  5.315E-02  4.412E-02  3.752E-02  3.135E-02  2.545E-02  2.195E-02  1.780E-02  1.468E-02  1.216E-02  9.626E-03  7.866E-03  7.009E-03  5.757E-03  4.305E-03  3.652E-03  2.829E-03  1.992E-03  1.562E-03  1.393E-03  1.273E-03  9.519E-04  9.117E-04  6.507E-04  4.997E-04  5.309E-04  3.509E-04  2.396E-04  2.264E-04  1.240E-04  1.438E-04  7.874E-05  1.449E-04  5.466E-05  9.883E-05  3.341E-05  8.811E-05  8.921E-05  2.219E-05  3.341E-05  3.207E-05  7.718E-05  1.131E-05  4.315E-05  1.110E-05  2.147E-05  3.273E-05  2.166E-05  3.183E-05  3.211E-05  0.000E+00  Z
 1.226E-03  2.950E-03  2.692E-03  3.674E-03  3.082E-03  4.321E-03  5.005E-03  4.717E-03  5.498E-03  5.466E-03  6.306E-03  6.842E-03  7.397E-03  9.654E-03  9.880E-03  1.029E-02  1.304E-02  1.395E-02  1.623E-02  1.917E-02  2.257E-02  2.633E-02  2.719E-02  3.280E-02  3.850E-02  4.628E-02  4.998E-02  5.726E-02  6.351E-02  7.326E-02  8.386E-02  9.204E-02  1.038E-01  1.135E-01  1.302E-01  1.494E-01  1.627E-01  1.807E-01  1.947E-01  2.234E-01  2.452E-01  2.742E-01  2.950E-01  3.248E-01  3.550E-01  3.918E-01  4.279E-01  4.607E-01  5.027E-01  5.408E-01  5.852E-01  6.310E-01  6.758E-01  7.291E-01  7.781E-01  8.299E-01  8.894E-01  9.592E-01  1.019E+00  1.095E+00  1.143E+00  1.240E+00  1.298E+00  1.384E+00  1.452E+00  1.526E+00  1.628E+00  1.712E+00  1.795E+00  1.900E+00  1.994E+00  2.091E+00  2.191E+00  2.298E+00  2.410E+00  2.534E+00  2.650E+00  2.771E+00  2.912E+00  3.026E+00  3.163E+00  3.293E+00  3.425E+00  3.557E+00  3.695E+00  3.844E+00  3.997E+00  4.149E+00  4.300E+00  4.445E+00  4.616E+00  4.757E+00  4.943E+00  5.098E+00  5.255E+00  5.428E+00  5.582E+00  5.764E+00  5.927E+00  6.096E+00  6.266E+00  6.445E+00  6.618E+00  6.763E+00  6.929E+00  7.090E+00  7.274E+00  7.436E+00  7.573E+00  7.730E+00  7.879E+00  8.000E+00  8.160E+00  8.268E+00  8.416E+00  8.524E+00  8.648E+00  8.723E+00  8.811E+00  8.897E+00  8.964E+00  9.032E+00  9.058E+00  9.080E+00  9.077E+00  9.095E+00  9.066E+00  9.044E+00  8.962E+00  8.906E+00  8.814E+00  8.706E+00  8.569E+00  8.421E+00  8.271E+00  8.075E+00  7.897E+00  7.695E+00  7.467E+00  7.235E+00  6.994E+00  6.742E+00  6.483E+00  6.217E+00  5.946E+00  5.667E+00  5.390E+00  5.116E+00  4.819E+00  4.554E+00  4.286E+00  4.032E+00  3.741E+00  3.501E+00  3.250E+00  3.012E+00  2.788E+00  2.562E+00  2.345E+00  2.152E+00  1.950E+00  1.782E+00  1.613E+00  1.447E+00  1.310E+00  1.168E+00  1.045E+00  9.337E-01  8.255E-01  7.304E-01  6.489E-01  5.587E-01  4.939E-01  4.342E-01  3.770E-01  3.227E-01  2.834E-01  2.431E-01  2.092E-01  1.777E-01  1.524E-01  1.308E-01  1.091E-01  9.211E-02  7.775E-02  6.513E-02  5.453E-02  4.572E-02  3.866E-02  3.206E-02  2.572E-02  2.248E-02  1.838E-02  1.529E-02  1.259E-02  1.057E-02  8.386E-03  7.176E-03  5.074E-03  4.474E-03  4.056E-03  3.362E-03  2.480E-03  2.208E-03  1.490E-03  1.197E-03  1.118E-03  7.603E-04  6.431E-04  5.779E-04  5.069E-04  2.898E-04  3.039E-04  2.685E-04  2.684E-04  1.457E-04  1.346E-04  1.884E-04  8.990E-05  1.103E-04  7.771E-05  8.723E-05  3.255E-05  4.343E-05  0.000E+00  Z
 3.679E-03  3.085E-03  2.070E-03  2.626E-03  3.700E-03  4.324E-03  4.488E-03  4.596E-03  5.496E-03  5.517E-03  6.862E-03  7.513E-03  7.486E-03  8.278E-03  9.441E-03  1.055E-02  1.260E-02  1.419E-02  1.658E-02  1.895E-02  2.184E-02  2.390E-02  2.898E-02  3.209E-02  3.697E-02  4.484E-02  4.961E-02  5.546E-02  6.278E-02  7.103E-02  8.442E-02  9.128E-02  1.003E-01  1.138E-01  1.285E-01  1.424E-01  1.640E-01  1.792E-01  2.004E-01  2.188E-01  2.398E-01  2.674E-01  2.915E-01  3.243E-01  3.500E-01  3.850E-01  4.127E-01  4.529E-01  4.932E-01  5.360E-01  5.780E-01  6.188E-01  6.684E-01  7.162E-01  7.687E-01  8.201E-01  8.769E-01  9.362E-01  9.979E-01  1.071E+00  1.136E+00  1.216E+00  1.281E+00  1.364E+00  1.443E+00  1.517E+00  1.605E+00  1.696E+00  1.789E+00  1.874E+00  1.995E+00  2.073E+00  2.183E+00  2.290E+00  2.399E+00  2.509E+00  2.637E+00  2.754E+00  2.879E+00  3.012E+00  3.140E+00  3.268E+00  3.421E+00  3.543E+00  3.689E+00  3.835E+00  3.984E+00  4.131E+00  4.298E+00  4.446E+00  4.605E+00  4.767E+00  4.928E+00  5.116E+00  5.271E+00  5.436E+00  5.600E+00  5.790E+00  5.956E+00  6.140E+00  6.275E+00  6.466E+00  6.648E+00  6.811E+00  6.988E+00  7.147E+00  7.354E+00  7.504E+00  7.682E+00  7.807E+00  7.970E+00  8.151E+00  8.277E+00  8.428E+00  8.544E+00  8.683E+00  8.812E+00  8.910E+00  9.028E+00  9.122E+00  9.209E+00  9.300E+00  9.312E+00  9.372E+00  9.431E+00  9.416E+00  9.435E+00  9.417E+00  9.416E+00  9.338E+00  9.265E+00  9.181E+00  9.087E+00  8.955E+00  8.808E+00  8.637E+00  8.461E+00  8.275E+00  8.061E+00  7.849E+00  7.621E+00  7.358E+00  7.104E+00  6.858E+00  6.575E+00  6.285E+00  6.004E+00  5.722E+00  5.440E+00  5.159E+00  4.859E+00  4.592E+00  4.296E+00  4.020E+00  3.756E+00  3.508E+00  3.242E+00  2.994E+00  2.761E+00  2.542E+00  2.324E+00  2.124E+00  1.934E+00  1.742E+00  1.584E+00  1.426E+00  1.281E+00  1.148E+00  1.026E+00  9.180E-01  8.076E-01  7.144E-01  6.279E-01  5.542E-01  4.855E-01  4.228E-01  3.676E-01  3.159E-01  2.731E-01  2.375E-01  2.022E-01  1.727E-01  1.483E-01  1.216E-01  1.055E-01  8.905E-02  7.583E-02  6.318E-02  5.351E-02  4.418E-02  3.693E-02  3.186E-02  2.633E-02  1.986E-02  1.795E-02  1.506E-02  1.175E-02  9.515E-03  7.501E-03  6.912E-03  5.528E-03  3.887E-03  3.281E-03  2.803E-03  2.626E-03  1.830E-03  1.614E-03  1.148E-03  9.411E-04  7.320E-04  6.226E-04  4.495E-04  4.387E-04  3.592E-04  3.792E-04  2.014E-04  1.322E-04  1.208E-04  1.669E-04  8.773E-05  8.839E-05  5.515E-05  3.369E-05  7.834E-05  4.392E-05  2.185E-05  3.192E-05  3.272E-05  7.644E-05  2.191E-05  7.495E-05  1.026E-05  4.268E-05  2.113E-05  4.230E-05  2.082E-05  2.114E-05  1.049E-05  5.233E-05  2.063E-05  5.316E-05  3.166E-05  2.117E-05  2.127E-05  4.084E-05  1.004E-05  3.103E-05  1.038E-05  1.573E-04  Z
 2.206E-03  2.416E-03  2.484E-03  2.272E-03  3.698E-03  4.675E-03  4.428E-03  4.831E-03  6.003E-03  6.095E-03  6.962E-03  7.373E-03  8.323E-03  9.076E-03  1.021E-02  1.088E-02  1.329E-02  1.368E-02  1.771E-02  1.747E-02  1.997E-02  2.523E-02  2.755E-02  3.138E-02  3.684E-02  4.061E-02  4.753E-02  5.430E-02  6.271E-02  6.987E-02  7.820E-02  9.016E-02  1.005E-01  1.152E-01  1.280E-01  1.359E-01  1.560E-01  1.738E-01  1.888E-01  2.168E-01  2.361E-01  2.593E-01  2.830E-01  3.108E-01  3.420E-01  3.726E-01  4.114E-01  4.394E-01  4.805E-01  5.167E-01  5.638E-01  6.085E-01  6.485E-01  6.991E-01  7.481E-01  8.132E-01  8.668E-01  9.260E-01  9.882E-01  1.050E+00  1.119E+00  1.181E+00  1.261E+00  1.340E+00  1.412E+00  1.492E+00  1.579E+00  1.676E+00  1.757E+00  1.848E+00  1.954E+00  2.041E+00  2.160E+00  2.271E+00  2.372E+00  2.499E+00  2.622E+00  2.727E+00  2.859E+00  2.984E+00  3.116E+00  3.257E+00  3.392E+00  3.535E+00  3.663E+00  3.830E+00  3.960E+00  4.127E+00  4.290E+00  4.451E+00  4.600E+00  4.777E+00  4.961E+00  5.122E+00  5.293E+00  5.467E+00  5.644E+00  5.824E+00  6.002E+00  6.204E+00  6.361E+00  6.558E+00  6.740E+00  6.920E+00  7.111E+00  7.285E+00  7.471E+00  7.649E+00  7.812E+00  7.988E+00  8.153E+00  8.337E+00  8.503E+00  8.653E+00  8.828E+00  8.948E+00  9.096E+00  9.247E+00  9.352E+00  9.506E+00  9.618E+00  9.708E+00  9.771E+00  9.886E+00  9.931E+00  9.986E+00  1.001E+01  1.004E+01  1.002E+01  1.004E+01  1.002E+01  9.951E+00  9.905E+00  9.827E+00  9.722E+00  9.596E+00  9.446E+00  9.306E+00  9.120E+00  8.905E+00  8.728E+00  8.480E+00  8.277E+00  7.984E+00  7.716E+00  7.476E+00  7.153E+00  6.863E+00  6.571E+00  6.289E+00  5.972E+00  5.651E+00  5.367E+00  5.065E+00  4.755E+00  4.455E+00  4.165E+00  3.883E+00  3.622E+00  3.350E+00  3.095E+00  2.851E+00  2.627E+00  2.403E+00  2.190E+00  1.992E+00  1.790E+00  1.620E+00  1.464E+00  1.317E+00  1.175E+00  1.042E+00  9.290E-01  8.247E-01  7.269E-01  6.413E-01  5.643E-01  4.906E-01  4.292E-01  3.699E-01  3.188E-01  2.773E-01  2.343E-01  2.076E-01  1.742E-01  1.484E-01  1.260E-01  1.065E-01  9.099E-02  7.477E-02  6.527E-02  5.335E-02  4.469E-02  3.637E-02  3.125E-02  2.597E-02  2.181E-02  1.870E-02  1.501E-02  1.240E-02  9.947E-03  8.048E-03  6.624E-03  5.872E-03  4.609E-03  3.376E-03  3.046E-03  2.207E-03  1.744E-03  1.550E-03  1.400E-03  9.982E-04  9.234E-04  6.073E-04  6.445E-04  4.984E-04  3.424E-04  2.020E-04  3.103E-04  1.889E-04  1.215E-04  1.084E-04  8.877E-05  6.643E-05  4.430E-05  7.549E-05  6.603E-05  0.000E+00  Z
 1.961E-03  2.949E-03  3.316E-03  4.111E-03  3.160E-03  3.765E-03  5.195E-03  4.476E-03  6.282E-03  6.846E-03  6.710E-03  8.438E-03  8.464E-03  8.988E-03  1.034E-02  1.204E-02  1.127E-02  1.454E-02  1.614E-02  1.799E-02  2.281E-02  2.409E-02  2.601E-02  3.111E-02  3.683E-02  4.169E-02  4.819E-02  5.159E-02  5.861E-02  6.756E-02  7.674E-02  8.771E-02  9.484E-02  1.059E-01  1.199E-01  1.351E-01  1.489E-01  1.643E-01  1.839E-01  2.062E-01  2.249E-01  2.494E-01  2.756E-01  2.985E-01  3.346E-01  3.559E-01  3.923E-01  4.234E-01  4.604E-01  4.985E-01  5.479E-01  5.916E-01  6.318E-01  6.849E-01  7.327E-01  7.890E-01  8.459E-01  8.960E-01  9.571E-01  1.021E+00  1.093E+00  1.165E+00  1.242E+00  1.307E+00  1.386E+00  1.460E+00  1.544E+00  1.633E+00  1.726E+00  1.832E+00  1.917E+00  2.017E+00  2.119E+00  2.239E+00  2.346E+00  2.459E+00  2.572E+00  2.698E+00  2.831E+00  2.955E+00  3.071E+00  3.230E+00  3.348E+00  3.511E+00  3.652E+00  3.788E+00  3.948E+00  4.108E+00  4.265E+00  4.448E+00  4.606E+00  4.791E+00  4.938E+00  5.141E+00  5.300E+00  5.508E+00  5.663E+00  5.883E+00  6.061E+00  6.248E+00  6.456E+00  6.652E+00  6.836E+00  7.042E+00  7.255E+00  7.460E+00  7.644E+00  7.858E+00  8.057E+00  8.251E+00  8.424E+00  8.623E+00  8.832E+00  9.007E+00  9.175E+00  9.368E+00  9.535E+00  9.702E+00  9.859E+00  1.000E+01  1.016E+01  1.029E+01  1.042E+01  1.053E+01  1.065E+01  1.074E+01  1.083E+01  1.090E+01  1.095E+01  1.100E+01  1.105E+01  1.105E+01  1.103E+01  1.104E+01  1.099E+01  1.093E+01  1.086E+01  1.073E+01  1.063E+01  1.049E+01  1.036E+01  1.016E+01  9.955E+00  9.728E+00  9.511E+00  9.255E+00  8.996E+00  8.704E+00  8.416E+00  8.113E+00  7.801E+00  7.493E+00  7.168E+00  6.833E+00  6.502E+00  6.168E+00  5.823E+00  5.495E+00  5.159E+00  4.845E+00  4.537E+00  4.227E+00  3.925E+00  3.636E+00  3.366E+00  3.098E+00  2.843E+00  2.618E+00  2.368E+00  2.169E+00  1.955E+00  1.771E+00  1.587E+00  1.427E+00  1.271E+00  1.136E+00  1.012E+00  9.023E-01  7.898E-01  6.970E-01  6.113E-01  5.371E-01  4.664E-01  4.057E-01  3.531E-01  3.040E-01  2.579E-01  2.229E-01  1.906E-01  1.649E-01  1.373E-01  1.162E-01  9.883E-02  8.153E-02  7.044E-02  5.905E-02  4.919E-02  4.076E-02  3.482E-02  2.915E-02  2.368E-02  1.934E-02  1.565E-02  1.325E-02  1.128E-02  9.038E-03  7.675E-03  5.774E-03  4.873E-03  4.147E-03  3.329E-03  2.898E-03  2.059E-03  1.754E-03  1.306E-03  1.079E-03  7.211E-04  6.238E-04  5.671E-04  4.968E-04  3.985E-04  3.183E-04  2.304E-04  2.523E-04  2.060E-04  8.776E-05  1.086E-04  1.210E-04  1.095E-04  4.428E-05  8.557E-05  5.404E-05  6.419E-05  3.189E-05  4.272E-05  2.102E-05  5.335E-05  1.065E-04  2.154E-05  3.237E-05  2.123E-05  3.068E-05  4.132E-05  3.204E-05  6.311E-05  2.126E-05  2.134E-05  4.106E-05  2.105E-04  Z
 2.697E-03  2.281E-03  4.351E-03  4.461E-03  4.473E-03  4.253E-03  6.286E-03  5.667E-03  5.556E-03  7.161E-03  6.814E-03  7.477E-03  8.596E-03  9.169E-03  1.052E-02  1.188E-02  1.365E-02  1.348E-02  1.407E-02  1.851E-02  2.053E-02  2.302E-02  2.626E-02  2.936E-02  3.620E-02  3.882E-02  4.445E-02  5.161E-02  5.502E-02  6.623E-02  7.352E-02  8.154E-02  9.112E-02  1.042E-01  1.158E-01  1.281E-01  1.422E-01  1.647E-01  1.781E-01  1.971E-01  2.207E-01  2.398E-01  2.631E-01  2.929E-01  3.147E-01  3.447E-01  3.759E-01  4.098E-01  4.492E-01  4.851E-01  5.227E-01  5.663E-01  6.120E-01  6.569E-01  7.090E-01  7.642E-01  8.142E-01  8.784E-01  9.370E-01  1.002E+00  1.063E+00  1.134E+00  1.207E+00  1.268E+00  1.349E+00  1.437E+00  1.514E+00  1.598E+00  1.692E+00  1.781E+00  1.880E+00  1.978E+00  2.088E+00  2.199E+00  2.293E+00  2.419E+00  2.526E+00  2.653E+00  2.801E+00  2.923E+00  3.057E+00  3.200E+00  3.338E+00  3.463E+00  3.625E+00  3.782E+00  3.936E+00  4.111E+00  4.275E+00  4.443E+00  4.611E+00  4.779E+00  4.967E+00  5.144E+00  5.332E+00  5.523E+00  5.737E+00  5.918E+00  6.133E+00  6.337E+00  6.559E+00  6.749E+00  6.943E+00  7.191E+00  7.373E+00  7.609E+00  7.821E+00  8.025E+00  8.270E+00  8.473E+00  8.693E+00  8.899E+00  9.112E+00  9.320E+00  9.543E+00  9.753E+00  9.939E+00  1.014E+01  1.034E+01  1.052E+01  1.073E+01  1.090E+01  1.105E+01  1.123E+01  1.137E+01  1.153E+01  1.164E+01  1.176E+01  1.188E+01  1.196E+01  1.204E+01  1.208E+01  1.214E+01  1.221E+01  1.221E+01  1.224E+01  1.223E+01  1.217E+01  1.213E+01  1.205E+01  1.195E+01  1.186E+01  1.173E+01  1.155E+01  1.139E+01  1.118E+01  1.096E+01  1.071E+01  1.047E+01  1.019E+01  9.876E+00  9.599E+00  9.267E+00  8.939E+00  8.612E+00  8.225E+00  7.900E+00  7.530E+00  7.140E+00  6.783E+00  6.414E+00  6.080E+00  5.709E+00  5.367E+00  5.015E+00  4.676E+00  4.339E+00  4.035E+00  3.739E+00  3.431E+00  3.152E+00  2.879E+00  2.643E+00  2.389E+00  2.170E+00  1.957E+00  1.772E+00  1.590E+00  1.423E+00  1.269E+00  1.127E+00  1.007E+00  8.845E-01  7.758E-01  6.787E-01  6.007E-01  5.228E-01  4.566E-01  3.960E-01  3.385E-01  2.953E-01  2.501E-01  2.156E-01  1.848E-01  1.580E-01  1.325E-01  1.125E-01  9.443E-02  7.975E-02  6.732E-02  5.546E-02  4.798E-02  3.894E-02  3.291E-02  2.775E-02  2.318E-02  1.851E-02  1.526E-02  1.228E-02  1.089E-02  8.532E-03  7.383E-03  6.006E-03  4.732E-03  3.820E-03  2.840E-03  2.438E-03  2.111E-03  1.606E-03  1.250E-03  1.069E-03  8.042E-04  5.682E-04  5.476E-04  3.721E-04  3.157E-04  2.391E-04  3.578E-04  2.269E-04  1.634E-04  2.043E-04  7.491E-05  8.738E-05  1.390E-04  1.408E-04  5.291E-05  4.193E-05  2.077E-05  5.261E-05  5.305E-05  9.438E-05  1.063E-05  7.338E-05  4.198E-05  7.417E-05  5.311E-05  3.134E-05  4.080E-05  2.253E-04  Z
 3.924E-03  2.414E-03  2.590E-03  4.636E-03  4.005E-03  5.021E-03  5.258E-03  6.091E-03  7.568E-03  6.523E-03  6.961E-03  8.002E-03  8.554E-03  9.296E-03  1.057E-02  1.238E-02  1.436E-02  1.477E-02  1.573E-02  1.822E-02  1.960E-02  2.271E-02  2.649E-02  2.969E-02  3.302E-02  3.687E-02  4.365E-02  4.832E-02  5.344E-02  6.150E-02  6.954E-02  7.738E-02  8.399E-02  9.822E-02  1.101E-01  1.238E-01  1.399E-01  1.502E-01  1.755E-01  1.904E-01  2.070E-01  2.317E-01  2.575E-01  2.783E-01  3.032E-01  3.340E-01  3.656E-01  3.957E-01  4.326E-01  4.717E-01  5.091E-01  5.476E-01  5.846E-01  6.390E-01  6.864E-01  7.358E-01  7.881E-01  8.490E-01  9.047E-01  9.689E-01  1.019E+00  1.092E+00  1.175E+00  1.234E+00  1.321E+00  1.392E+00  1.485E+00  1.571E+00  1.650E+00  1.744E+00  1.840E+00  1.945E+00  2.036E+00  2.149E+00  2.274E+00  2.388E+00  2.481E+00  2.632E+00  2.750E+00  2.870E+00  3.013E+00  3.164E+00  3.283E+00  3.448E+00  3.603E+00  3.754E+00  3.904E+00  4.083E+00  4.258E+00  4.418E+00  4.604E+00  4.780E+00  4.977E+00  5.144E+00  5.354E+00  5.557E+00  5.757E+00  5.966E+00  6.200E+00  6.404E+00  6.621E+00  6.843E+00  7.059E+00  7.301E+00  7.515E+00  7.757E+00  8.010E+00  8.253E+00  8.470E+00  8.706E+00  8.943E+00  9.194E+00  9.437E+00  9.691E+00  9.899E+00  1.014E+01  1.042E+01  1.062E+01  1.082E+01  1.106E+01  1.128E+01  1.149E+01  1.172E+01  1.190E+01  1.211E+01  1.228E+01  1.249E+01  1.262E+01  1.275E+01  1.294E+01  1.309E+01  1.319E+01  1.334E+01  1.341E+01  1.350E+01  1.355E+01  1.360E+01  1.367E+01  1.368E+01  1.368E+01  1.364E+01  1.357E+01  1.354E+01  1.344E+01  1.337E+01  1.327E+01  1.309E+01  1.293E+01  1.270E+01  1.252E+01  1.228E+01  1.202E+01  1.175E+01  1.145E+01  1.113E+01  1.080E+01  1.046E+01  1.010E+01  9.709E+00  9.333E+00  8.964E+00  8.553E+00  8.158E+00  7.750E+00  7.334E+00  6.942E+00  6.542E+00  6.147E+00  5.762E+00  5.381E+00  5.011E+00  4.660E+00  4.316E+00  3.993E+00  3.676E+00  3.382E+00  3.090E+00  2.812E+00  2.553E+00  2.299E+00  2.092E+00  1.889E+00  1.691E+00  1.511E+00  1.357E+00  1.195E+00  1.061E+00  9.412E-01  8.253E-01  7.202E-01  6.340E-01  5.568E-01  4.765E-01  4.183E-01  3.570E-01  3.123E-01  2.655E-01  2.280E-01  1.956E-01  1.654E-01  1.413E-01  1.214E-01  1.016E-01  8.425E-02  7.103E-02  6.036E-02  5.023E-02  4.160E-02  3.552E-02  3.009E-02  2.375E-02  2.022E-02  1.700E-02  1.422E-02  1.057E-02  9.262E-03  7.532E-03  6.173E-03  5.159E-03  4.038E-03  3.102E-03  2.639E-03  2.108E-03  1.837E-03  1.311E-03  1.196E-03  8.272E-04  8.449E-04  5.860E-04  4.642E-04  5.804E-04  4.563E-04  3.214E-04  2.132E-04  1.917E-04  1.596E-04  9.669E-05  1.295E-04  6.350E-05  1.069E-04  5.220E-05  7.373E-05  3.155E-05  4.072E-05  5.279E-05  4.108E-05  1.063E-05  3.189E-05  3.690E-04  Z
 1.717E-03  2.817E-03  3.833E-03  4.458E-03  4.702E-03  5.020E-03  5.448E-03  6.865E-03  7.231E-03  8.376E-03  7.366E-03  1.047E-02  9.714E-03  1.006E-02  1.082E-02  1.130E-02  1.319E-02  1.434E-02  1.581E-02  1.759E-02  1.978E-02  2.161E-02  2.527E-02  3.020E-02  3.234E-02  3.706E-02  4.289E-02  4.840E-02  5.305E-02  6.274E-02  7.181E-02  7.375E-02  8.355E-02  1.012E-01  1.098E-01  1.202E-01  1.343E-01  1.508E-01  1.655E-01  1.873E-01  2.018E-01  2.273E-01  2.478E-01  2.737E-01  3.026E-01  3.273E-01  3.556E-01  3.843E-01  4.220E-01  4.612E-01  4.914E-01  5.322E-01  5.792E-01  6.220E-01  6.699E-01  7.197E-01  7.715E-01  8.286E-01  8.816E-01  9.495E-01  1.016E+00  1.077E+00  1.142E+00  1.213E+00  1.298E+00  1.371E+00  1.453E+00  1.542E+00  1.617E+00  1.725E+00  1.821E+00  1.918E+00  2.020E+00  2.126E+00  2.248E+00  2.346E+00  2.459E+00  2.595E+00  2.718E+00  2.853E+00  2.983E+00  3.125E+00  3.276E+00  3.423E+00  3.584E+00  3.719E+00  3.881E+00  4.046E+00  4.220E+00  4.398E+00  4.586E+00  4.793E+00  4.965E+00  5.179E+00  5.350E+00  5.569E+00  5.804E+00  5.985E+00  6.214E+00  6.438E+00  6.666E+00  6.899E+00  7.135E+00  7.373E+00  7.604E+00  7.847E+00  8.107E+00  8.364E+00  8.613E+00  8.871E+00  9.120E+00  9.383E+00  9.634E+00  9.900E+00  1.014E+01  1.039E+01  1.068E+01  1.092E+01  1.118E+01  1.142E+01  1.165E+01  1.189E+01  1.212E+01  1.235E+01  1.261E+01  1.280E+01  1.304E+01  1.321E+01  1.343E+01  1.360E+01  1.375E+01  1.393E+01  1.405E+01  1.424E+01  1.434E+01  1.447E+01  1.456E+01  1.461E+01  1.471E+01  1.476E+01  1.477E+01  1.479E+01  1.479E+01  1.476E+01  1.472E+01  1.465E+01  1.454E+01  1.446E+01  1.431E+01  1.414E+01  1.397E+01  1.371E+01  1.353E+01  1.327E+01  1.297E+01  1.269E+01  1.238E+01  1.201E+01  1.171E+01  1.128E+01  1.092E+01  1.051E+01  1.011E+01  9.702E+00  9.274E+00  8.843E+00  8.410E+00  7.984E+00  7.543E+00  7.126E+00  6.684E+00  6.294E+00  5.889E+00  5.479E+00  5.099E+00  4.725E+00  4.361E+00  4.021E+00  3.696E+00  3.370E+00  3.083E+00  2.805E+00  2.549E+00  2.298E+00  2.075E+00  1.866E+00  1.670E+00  1.489E+00  1.332E+00  1.180E+00  1.045E+00  9.207E-01  8.060E-01  7.086E-01  6.148E-01  5.354E-01  4.697E-01  4.031E-01  3.439E-01  3.001E-01  2.591E-01  2.195E-01  1.869E-01  1.571E-01  1.332E-01  1.149E-01  9.566E-02  7.946E-02  6.776E-02  5.730E-02  4.735E-02  3.992E-02  3.288E-02  2.747E-02  2.270E-02  1.900E-02  1.529E-02  1.252E-02  1.110E-02  8.489E-03  7.052E-03  6.118E-03  5.041E-03  3.850E-03  2.753E-03  2.541E-03  2.107E-03  1.865E-03  1.448E-03  1.035E-03  8.046E-04  7.441E-04  6.665E-04  4.470E-04  3.625E-04  3.318E-04  2.646E-04  2.554E-04  1.480E-04  1.273E-04  8.490E-05  8.337E-05  1.380E-04  4.305E-05  1.155E-04  6.252E-05  2.113E-05  7.221E-05  3.713E-04  Z
 4.169E-03  3.220E-03  3.211E-03  5.512E-03  5.085E-03  5.724E-03  6.540E-03  6.445E-03  7.905E-03  7.319E-03  7.570E-03  9.591E-03  1.063E-02  1.162E-02  1.103E-02  1.267E-02  1.409E-02  1.457E-02  1.680E-02  1.762E-02  2.079E-02  2.239E-02  2.586E-02  2.906E-02  3.120E-02  3.596E-02  3.892E-02  4.310E-02  5.217E-02  5.901E-02  6.458E-02  7.522E-02  8.168E-02  9.021E-02  1.030E-01  1.185E-01  1.287E-01  1.418E-01  1.574E-01  1.753E-01  1.941E-01  2.163E-01  2.364E-01  2.623E-01  2.825E-01  3.133E-01  3.430E-01  3.757E-01  4.087E-01  4.418E-01  4.771E-01  5.230E-01  5.656E-01  5.968E-01  6.544E-01  6.998E-01  7.431E-01  8.109E-01  8.630E-01  9.125E-01  9.819E-01  1.045E+00  1.114E+00  1.195E+00  1.264E+00  1.333E+00  1.418E+00  1.508E+00  1.596E+00  1.671E+00  1.776E+00  1.883E+00  1.992E+00  2.087E+00  2.188E+00  2.306E+00  2.425E+00  2.554E+00  2.677E+00  2.795E+00  2.945E+00  3.093E+00  3.241E+00  3.380E+00  3.538E+00  3.697E+00  3.854E+00  4.047E+00  4.200E+00  4.403E+00  4.572E+00  4.779E+00  4.961E+00  5.179E+00  5.377E+00  5.567E+00  5.814E+00  6.030E+00  6.269E+00  6.498E+00  6.707E+00  6.975E+00  7.210E+00  7.467E+00  7.736E+00  7.950E+00  8.226E+00  8.513E+00  8.790E+00  9.069E+00  9.320E+00  9.611E+00  9.903E+00  1.019E+01  1.046E+01  1.078E+01  1.104E+01  1.132E+01  1.159E+01  1.190E+01  1.214E+01  1.244E+01  1.271E+01  1.296E+01  1.326E+01  1.353E+01  1.375E+01  1.401E+01  1.427E+01  1.448E+01  1.472E+01  1.493E+01  1.515E+01  1.532E+01  1.550E+01  1.566E+01  1.588E+01  1.596E+01  1.608E+01  1.622E+01  1.632E+01  1.638E+01  1.647E+01  1.648E+01  1.651E+01  1.652E+01  1.651E+01  1.645E+01  1.641E+01  1.631E+01  1.620E+01  1.607E+01  1.593E+01  1.576E+01  1.555E+01  1.531E+01  1.507E+01  1.478E+01  1.448E+01  1.417E+01  1.383E+01  1.346E+01  1.305E+01  1.262E+01  1.223E+01  1.179E+01  1.133E+01  1.088E+01  1.043E+01  9.974E+00  9.475E+00  9.012E+00  8.542E+00  8.055E+00  7.591E+00  7.142E+00  6.704E+00  6.245E+00  5.814E+00  5.394E+00  4.995E+00  4.613E+00  4.252E+00  3.893E+00  3.567E+00  3.255E+00  2.953E+00  2.673E+00  2.414E+00  2.161E+00  1.951E+00  1.745E+00  1.559E+00  1.379E+00  1.221E+00  1.081E+00  9.516E-01  8.342E-01  7.276E-01  6.389E-01  5.550E-01  4.851E-01  4.172E-01  3.615E-01  3.105E-01  2.682E-01  2.265E-01  1.939E-01  1.638E-01  1.381E-01  1.179E-01  9.928E-02  8.351E-02  7.031E-02  5.954E-02  4.798E-02  4.140E-02  3.425E-02  2.843E-02  2.371E-02  2.005E-02  1.572E-02  1.327E-02  1.129E-02  9.011E-03  7.286E-03  6.119E-03  5.102E-03  3.758E-03  3.212E-03  2.942E-03  2.254E-03  1.684E-03  1.265E-03  1.041E-03  9.180E-04  7.817E-04  6.487E-04  5.189E-04  5.634E-04  4.130E-04  3.681E-04  1.467E-04  2.106E-04  1.660E-04  1.051E-04  1.139E-04  9.310E-05  6.903E-04  Z
 4.416E-03  2.550E-03  3.106E-03  4.367E-03  5.245E-03  5.648E-03  5.770E-03  6.446E-03  7.175E-03  7.955E-03  9.391E-03  9.108E-03  8.601E-03  1.001E-02  1.249E-02  1.349E-02  1.361E-02  1.447E-02  1.585E-02  1.785E-02  2.015E-02  2.301E-02  2.618E-02  2.775E-02  3.093E-02  3.473E-02  3.912E-02  4.692E-02  4.984E-02  5.692E-02  6.379E-02  7.327E-02  8.245E-02  8.716E-02  1.019E-01  1.111E-01  1.259E-01  1.436E-01  1.547E-01  1.732E-01  1.897E-01  2.120E-01  2.290E-01  2.544E-01  2.745E-01  3.058E-01  3.397E-01  3.717E-01  4.002E-01  4.354E-01  4.634E-01  5.083E-01  5.467E-01  5.961E-01  6.362E-01  6.851E-01  7.326E-01  7.867E-01  8.485E-01  9.037E-01  9.638E-01  1.025E+00  1.094E+00  1.166E+00  1.239E+00  1.319E+00  1.393E+00  1.488E+00  1.560E+00  1.656E+00  1.756E+00  1.852E+00  1.956E+00  2.059E+00  2.180E+00  2.280E+00  2.404E+00  2.519E+00  2.651E+00  2.792E+00  2.923E+00  3.064E+00  3.217E+00  3.365E+00  3.502E+00  3.685E+00  3.847E+00  4.019E+00  4.189E+00  4.379E+00  4.568E+00  4.757E+00  4.962E+00  5.158E+00  5.376E+00  5.605E+00  5.813E+00  6.048E+00  6.284E+00  6.511E+00  6.755E+00  7.019E+00  7.246E+00  7.499E+00  7.800E+00  8.067E+00  8.338E+00  8.611E+00  8.897E+00  9.175E+00  9.480E+00  9.765E+00  1.008E+01  1.035E+01  1.067E+01  1.094E+01  1.128E+01  1.159E+01  1.186E+01  1.218E+01  1.248E+01  1.279E+01  1.308E+01  1.338E+01  1.369E+01  1.398E+01  1.427E+01  1.456E+01  1.481E+01  1.510E+01  1.533E+01  1.560E+01  1.582E+01  1.607E+01  1.630E+01  1.650E+01  1.671E+01  1.690E+01  1.706E+01  1.722E+01  1.740E+01  1.750E+01  1.758E+01  1.770E+01  1.776E+01  1.781E+01  1.785E+01  1.786E+01  1.785E+01  1.781E+01  1.779E+01  1.769E+01  1.761E+01  1.744E+01  1.733E+01  1.716E+01  1.693E+01  1.672E+01  1.646E+01  1.621E+01  1.589E+01  1.559E+01  1.522E+01  1.487E+01  1.447E+01  1.406E+01  1.361E+01  1.317E+01  1.268E+01  1.220E+01  1.174E+01  1.124E+01  1.074E+01  1.023E+01  9.725E+00  9.218E+00  8.682E+00  8.185E+00  7.710E+00  7.242E+00  6.748E+00  6.303E+00  5.838E+00  5.410E+00  5.012E+00  4.612E+00  4.238E+00  3.863E+00  3.527E+00  3.217E+00  2.919E+00  2.626E+00  2.370E+00  2.132E+00  1.906E+00  1.705E+00  1.510E+00  1.342E+00  1.189E+00  1.043E+00  9.161E-01  8.050E-01  7.088E-01  6.108E-01  5.341E-01  4.614E-01  3.989E-01  3.420E-01  2.943E-01  2.498E-01  2.148E-01  1.802E-01  1.564E-01  1.311E-01  1.102E-01  9.281E-02  7.887E-02  6.548E-02  5.477E-02  4.592E-02  3.961E-02  3.173E-02  2.693E-02  2.200E-02  1.905E-02  1.469E-02  1.216E-02  9.845E-03  8.926E-03  6.814E-03  5.561E-03  4.611E-03  3.869E-03  3.140E-03  2.528E-03  2.061E-03  1.417E-03  1.215E-03  1.076E-03  1.067E-03  7.467E-04  6.769E-04  4.435E-04  4.102E-04  3.347E-04  2.516E-04  2.512E-04  1.152E-04  8.857E-04  Z
 2.697E-03  3.623E-03  3.418E-03  4.721E-03  5.703E-03  6.136E-03  6.346E-03  6.869E-03  8.694E-03  8.271E-03  8.834E-03  1.041E-02  1.123E-02  1.042E-02  1.292E-02  1.328E-02  1.348E-02  1.504E-02  1.835E-02  1.636E-02  2.026E-02  2.273E-02  2.465E-02  2.933E-02  3.216E-02  3.442E-02  4.025E-02  4.398E-02  4.951E-02  5.288E-02  6.391E-02  7.021E-02  7.791E-02  8.785E-02  9.872E-02  1.086E-01  1.226E-01  1.359E-01  1.485E-01  1.651E-01  1.846E-01  2.034E-01  2.238E-01  2.474E-01  2.685E-01  2.978E-01  3.252E-01  3.541E-01  3.786E-01  4.201E-01  4.502E-01  4.927E-01  5.312E-01  5.772E-01  6.210E-01  6.685E-01  7.126E-01  7.621E-01  8.209E-01  8.780E-01  9.411E-01  1.000E+00  1.068E+00  1.141E+00  1.210E+00  1.290E+00  1.369E+00  1.447E+00  1.544E+00  1.637E+00  1.735E+00  1.811E+00  1.917E+00  2.025E+00  2.148E+00  2.249E+00  2.371E+00  2.481E+00  2.618E+00  2.748E+00  2.877E+00  3.031E+00  3.173E+00  3.332E+00  3.501E+00  3.637E+00  3.826E+00  3.975E+00  4.171E+00  4.351E+00  4.563E+00  4.727E+00  4.948E+00  5.176E+00  5.381E+00  5.591E+00  5.834E+00  6.056E+00  6.303E+00  6.554E+00  6.812E+00  7.064E+00  7.329E+00  7.606E+00  7.875E+00  8.151E+00  8.464E+00  8.738E+00  9.036E+00  9.355E+00  9.638E+00  9.970E+00  1.029E+01  1.060E+01  1.092E+01  1.126E+01  1.160E+01  1.194E+01  1.225E+01  1.260E+01  1.292E+01  1.328E+01  1.359E+01  1.393E+01  1.427E+01  1.460E+01  1.491E+01  1.523E+01  1.556E+01  1.588E+01  1.618E+01  1.647E+01  1.678E+01  1.710E+01  1.734E+01  1.761E+01  1.788E+01  1.813E+01  1.832E+01  1.853E+01  1.881E+01  1.897E+01  1.913E+01  1.928E+01  1.944E+01  1.956E+01  1.966E+01  1.976E+01  1.981E+01  1.983E+01  1.989E+01  1.990E+01  1.987E+01  1.982E+01  1.973E+01  1.964E+01  1.953E+01  1.937E+01  1.923E+01  1.899E+01  1.880E+01  1.852E+01  1.827E+01  1.794E+01  1.762E+01  1.725E+01  1.688E+01  1.644E+01  1.604E+01  1.559E+01  1.513E+01  1.463E+01  1.413E+01  1.360E+01  1.308E+01  1.253E+01  1.197E+01  1.142E+01  1.086E+01  1.029E+01  9.757E+00  9.193E+00  8.655E+00  8.095E+00  7.619E+00  7.086E+00  6.608E+00  6.130E+00  5.672E+00  5.223E+00  4.795E+00  4.401E+00  4.012E+00  3.665E+00  3.331E+00  2.998E+00  2.720E+00  2.452E+00  2.197E+00  1.966E+00  1.740E+00  1.554E+00  1.371E+00  1.211E+00  1.074E+00  9.315E-01  8.177E-01  7.151E-01  6.238E-01  5.408E-01  4.653E-01  3.997E-01  3.484E-01  2.976E-01  2.515E-01  2.165E-01  1.848E-01  1.565E-01  1.322E-01  1.121E-01  9.373E-02  7.973E-02  6.648E-02  5.517E-02  4.646E-02  3.962E-02  3.294E-02  2.626E-02  2.177E-02  1.890E-02  1.526E-02  1.217E-02  1.016E-02  8.394E-03  7.078E-03  5.235E-03  4.682E-03  3.924E-03  2.969E-03  2.341E-03  2.020E-03  1.911E-03  1.477E-03  1.259E-03  6.607E-04  6.153E-04  5.841E-04  4.921E-04  1.807E-03  Z
 1.963E-03  3.218E-03  4.763E-03  3.674E-03  5.396E-03  7.463E-03  6.474E-03  7.048E-03  7.973E-03  7.375E-03  9.383E-03  9.259E-03  9.847E-03  1.180E-02  1.263E-02  1.254E-02  1.562E-02  1.513E-02  1.718E-02  1.869E-02  1.971E-02  2.330E-02  2.367E-02  2.813E-02  3.156E-02  3.350E-02  3.952E-02  4.126E-02  4.864E-02  5.456E-02  6.072E-02  6.854E-02  7.524E-02  8.322E-02  9.439E-02  1.065E-01  1.161E-01  1.296E-01  1.442E-01  1.615E-01  1.770E-01  1.961E-01  2.175E-01  2.326E-01  2.616E-01  2.838E-01  3.164E-01  3.457E-01  3.680E-01  4.020E-01  4.344E-01  4.687E-01  5.130E-01  5.499E-01  5.973E-01  6.479E-01  6.980E-01  7.439E-01  7.985E-01  8.530E-01  9.127E-01  9.778E-01  1.046E+00  1.106E+00  1.187E+00  1.263E+00  1.331E+00  1.412E+00  1.502E+00  1.593E+00  1.693E+00  1.777E+00  1.877E+00  1.989E+00  2.102E+00  2.201E+00  2.319E+00  2.447E+00  2.580E+00  2.712E+00  2.844E+00  2.982E+00  3.126E+00  3.282E+00  3.440E+00  3.612E+00  3.777E+00  3.961E+00  4.145E+00  4.333E+00  4.531E+00  4.716E+00  4.941E+00  5.155E+00  5.376E+00  5.599E+00  5.825E+00  6.061E+00  6.341E+00  6.589E+00  6.836E+00  7.121E+00  7.387E+00  7.692E+00  7.966E+00  8.221E+00  8.562E+00  8.907E+00  9.214E+00  9.546E+00  9.843E+00  1.018E+01  1.052E+01  1.088E+01  1.123E+01  1.159E+01  1.196E+01  1.230E+01  1.270E+01  1.307E+01  1.339E+01  1.381E+01  1.419E+01  1.456E+01  1.494E+01  1.533E+01  1.569E+01  1.607E+01  1.647E+01  1.682E+01  1.717E+01  1.753E+01  1.791E+01  1.829E+01  1.863E+01  1.891E+01  1.928E+01  1.960E+01  1.991E+01  2.018E+01  2.049E+01  2.076E+01  2.104E+01  2.129E+01  2.150E+01  2.170E+01  2.190E+01  2.209E+01  2.225E+01  2.239E+01  2.245E+01  2.261E+01  2.267E+01  2.277E+01  2.277E+01  2.274E+01  2.273E+01  2.266E+01  2.262E+01  2.249E+01  2.243E+01  2.225E+01  2.207E+01  2.185E+01  2.161E+01  2.134E+01  2.108E+01  2.072E+01  2.039E+01  2.003E+01  1.962E+01  1.918E+01  1.872E+01  1.825E+01  1.774E+01  1.721E+01  1.669E+01  1.608E+01  1.551E+01  1.494E+01  1.429E+01  1.369E+01  1.307E+01  1.244E+01  1.184E+01  1.121E+01  1.059E+01  9.967E+00  9.374E+00  8.778E+00  8.210E+00  7.647E+00  7.121E+00  6.571E+00  6.066E+00  5.603E+00  5.143E+00  4.716E+00  4.293E+00  3.897E+00  3.536E+00  3.198E+00  2.883E+00  2.591E+00  2.315E+00  2.074E+00  1.846E+00  1.639E+00  1.447E+00  1.281E+00  1.123E+00  9.879E-01  8.618E-01  7.533E-01  6.541E-01  5.668E-01  4.931E-01  4.214E-01  3.608E-01  3.099E-01  2.628E-01  2.243E-01  1.934E-01  1.641E-01  1.376E-01  1.174E-01  9.835E-02  8.313E-02  7.013E-02  5.838E-02  4.867E-02  3.990E-02  3.372E-02  2.793E-02  2.226E-02  1.812E-02  1.529E-02  1.313E-02  1.080E-02  9.113E-03  7.303E-03  5.677E-03  4.950E-03  3.797E-03  3.411E-03  2.606E-03  1.948E-03  1.696E-03  5.821E-03  Z
