gamma
Z
Z
Z
 0.000E+00  0.000E+00  0.000E+00  0.000E+00  0.000E+00  0.000E+00  0.000E+00  0.000E+00  0.000E+00  0.000E+00  0.000E+00  0.000E+00  0.000E+00  0.000E+00  0.000E+00  0.000E+00  0.000E+00  0.000E+00  0.000E+00  0.000E+00  0.000E+00  0.000E+00  0.000E+00  0.000E+00  0.000E+00  0.000E+00  3.130E-05  1.551E-03  5.936E-03  3.489E-02  1.154E-01  2.789E-01  4.479E-01  6.146E-01  7.616E-01  9.076E-01  9.788E-01  1.005E+00  1.015E+00  9.744E-01  9.601E-01  9.522E-01  9.642E-01  9.893E-01  1.036E+00  1.100E+00  1.145E+00  1.190E+00  1.239E+00  1.276E+00  1.300E+00  1.319E+00  1.326E+00  1.337E+00  1.325E+00  1.318E+00  1.296E+00  1.267E+00  1.245E+00  1.190E+00  1.162E+00  1.096E+00  1.058E+00  9.903E-01  9.435E-01  8.832E-01  8.270E-01  7.712E-01  7.074E-01  6.470E-01  5.919E-01  5.274E-01  4.719E-01  4.159E-01  3.595E-01  3.121E-01  2.608E-01  2.240E-01  1.835E-01  1.646E-01  1.475E-01  1.343E-01  1.248E-01  1.073E-01  8.112E-02  4.901E-02  2.420E-02  4.655E-03  2.969E-04  5.170E-05  5.269E-05  3.362E-05  3.364E-05  0.000E+00  Z
 0.000E+00  0.000E+00  0.000E+00  0.000E+00  0.000E+00  0.000E+00  0.000E+00  0.000E+00  0.000E+00  0.000E+00  0.000E+00  0.000E+00  0.000E+00  0.000E+00  0.000E+00  2.887E-04  6.035E-04  1.292E-03  2.500E-03  8.424E-02  1.727E-01  2.108E-01  2.451E-01  2.786E-01  3.155E-01  3.336E-01  3.690E-01  4.035E-01  4.258E-01  4.566E-01  4.759E-01  5.119E-01  5.362E-01  5.758E-01  6.061E-01  6.383E-01  6.810E-01  7.265E-01  7.751E-01  8.189E-01  8.471E-01  8.967E-01  9.477E-01  9.864E-01  1.020E+00  1.027E+00  1.068E+00  1.120E+00  1.149E+00  1.174E+00  1.192E+00  1.228E+00  1.260E+00  1.276E+00  1.275E+00  1.268E+00  1.247E+00  1.238E+00  1.207E+00  1.187E+00  1.169E+00  1.137E+00  1.109E+00  1.058E+00  1.016E+00  9.799E-01  9.255E-01  8.782E-01  8.438E-01  7.830E-01  7.240E-01  6.676E-01  6.131E-01  5.637E-01  5.165E-01  4.737E-01  4.317E-01  3.851E-01  3.372E-01  2.983E-01  2.552E-01  2.223E-01  1.893E-01  1.631E-01  1.357E-01  1.139E-01  9.524E-02  7.818E-02  6.447E-02  4.947E-02  3.917E-02  3.262E-02  2.398E-02  1.973E-02  1.567E-02  1.111E-02  8.346E-03  4.689E-03  2.090E-03  1.997E-04  0.000E+00  Z
 0.000E+00  0.000E+00  0.000E+00  0.000E+00  0.000E+00  0.000E+00  0.000E+00  1.189E-04  8.402E-04  7.637E-03  6.917E-03  7.806E-03  1.205E-02  2.227E-02  3.560E-02  4.626E-02  5.738E-02  6.518E-02  8.253E-02  9.745E-02  1.122E-01  1.250E-01  1.487E-01  1.742E-01  2.090E-01  2.406E-01  2.731E-01  3.088E-01  3.425E-01  3.756E-01  4.101E-01  4.459E-01  4.867E-01  5.107E-01  5.574E-01  5.964E-01  6.396E-01  6.795E-01  7.194E-01  7.736E-01  8.306E-01  8.600E-01  9.058E-01  9.526E-01  9.923E-01  1.031E+00  1.065E+00  1.081E+00  1.110E+00  1.145E+00  1.156E+00  1.180E+00  1.185E+00  1.207E+00  1.216E+00  1.215E+00  1.213E+00  1.209E+00  1.209E+00  1.208E+00  1.178E+00  1.164E+00  1.149E+00  1.129E+00  1.100E+00  1.078E+00  1.041E+00  1.012E+00  9.762E-01  9.442E-01  9.053E-01  8.712E-01  8.261E-01  7.963E-01  7.405E-01  7.097E-01  6.710E-01  6.249E-01  5.809E-01  5.418E-01  5.040E-01  4.656E-01  4.329E-01  3.938E-01  3.611E-01  3.314E-01  2.966E-01  2.709E-01  2.420E-01  2.149E-01  1.926E-01  1.673E-01  1.502E-01  1.300E-01  1.150E-01  9.858E-02  8.292E-02  7.052E-02  5.963E-02  4.966E-02  3.931E-02  3.248E-02  2.627E-02  1.997E-02  1.555E-02  1.213E-02  9.715E-03  6.847E-03  4.845E-03  2.829E-03  2.192E-03  1.194E-03  6.008E-04  3.574E-04  1.088E-04  0.000E+00  Z
 0.000E+00  0.000E+00  0.000E+00  0.000E+00  7.688E-05  7.108E-03  6.733E-03  7.231E-03  7.788E-03  7.531E-03  1.115E-02  1.802E-02  3.631E-02  5.076E-02  6.700E-02  7.522E-02  8.888E-02  1.048E-01  1.193E-01  1.351E-01  1.565E-01  1.772E-01  1.969E-01  2.222E-01  2.418E-01  2.752E-01  3.030E-01  3.302E-01  3.647E-01  3.887E-01  4.214E-01  4.580E-01  4.952E-01  5.201E-01  5.591E-01  5.994E-01  6.356E-01  6.707E-01  7.118E-01  7.461E-01  7.734E-01  8.162E-01  8.518E-01  8.819E-01  9.283E-01  9.532E-01  9.956E-01  1.028E+00  1.059E+00  1.085E+00  1.108E+00  1.143E+00  1.153E+00  1.189E+00  1.201E+00  1.221E+00  1.236E+00  1.254E+00  1.264E+00  1.262E+00  1.264E+00  1.266E+00  1.263E+00  1.250E+00  1.242E+00  1.237E+00  1.216E+00  1.190E+00  1.182E+00  1.148E+00  1.118E+00  1.096E+00  1.068E+00  1.028E+00  9.914E-01  9.584E-01  9.170E-01  8.711E-01  8.431E-01  7.919E-01  7.589E-01  7.111E-01  6.713E-01  6.309E-01  5.893E-01  5.590E-01  5.147E-01  4.743E-01  4.395E-01  4.009E-01  3.716E-01  3.354E-01  3.090E-01  2.811E-01  2.477E-01  2.241E-01  2.025E-01  1.832E-01  1.596E-01  1.429E-01  1.242E-01  1.082E-01  9.234E-02  7.977E-02  7.055E-02  5.938E-02  5.125E-02  4.296E-02  3.509E-02  2.992E-02  2.515E-02  2.060E-02  1.550E-02  1.304E-02  1.076E-02  8.556E-03  5.859E-03  4.829E-03  3.695E-03  2.408E-03  1.866E-03  1.144E-03  7.002E-04  5.026E-04  1.468E-04  7.272E-05  0.000E+00  Z
 0.000E+00  0.000E+00  0.000E+00  0.000E+00  0.000E+00  0.000E+00  0.000E+00  2.379E-04  1.401E-03  2.862E-03  3.839E-03  5.831E-03  8.636E-03  1.054E-02  1.528E-02  2.188E-02  2.699E-02  3.257E-02  4.218E-02  5.048E-02  6.307E-02  7.329E-02  9.045E-02  1.074E-01  1.291E-01  1.499E-01  1.736E-01  2.008E-01  2.242E-01  2.490E-01  2.964E-01  3.245E-01  3.718E-01  3.956E-01  4.348E-01  4.867E-01  5.325E-01  5.751E-01  6.148E-01  6.604E-01  7.088E-01  7.534E-01  8.154E-01  8.569E-01  9.224E-01  9.601E-01  1.008E+00  1.052E+00  1.111E+00  1.164E+00  1.208E+00  1.259E+00  1.304E+00  1.357E+00  1.391E+00  1.441E+00  1.477E+00  1.518E+00  1.548E+00  1.589E+00  1.621E+00  1.663E+00  1.681E+00  1.691E+00  1.711E+00  1.726E+00  1.726E+00  1.741E+00  1.739E+00  1.721E+00  1.725E+00  1.696E+00  1.685E+00  1.658E+00  1.639E+00  1.602E+00  1.560E+00  1.527E+00  1.488E+00  1.424E+00  1.381E+00  1.318E+00  1.275E+00  1.216E+00  1.163E+00  1.101E+00  1.040E+00  9.831E-01  9.232E-01  8.680E-01  8.082E-01  7.473E-01  6.879E-01  6.413E-01  5.864E-01  5.335E-01  4.897E-01  4.408E-01  4.034E-01  3.660E-01  3.276E-01  2.897E-01  2.556E-01  2.240E-01  1.981E-01  1.725E-01  1.514E-01  1.311E-01  1.136E-01  9.720E-02  8.195E-02  7.136E-02  6.131E-02  5.030E-02  4.100E-02  3.404E-02  2.752E-02  2.291E-02  1.829E-02  1.466E-02  1.096E-02  9.073E-03  7.294E-03  5.841E-03  4.182E-03  3.405E-03  1.995E-03  1.255E-03  1.038E-03  7.936E-04  4.159E-04  2.283E-04  1.848E-04  8.435E-05  2.816E-05  2.799E-05  2.804E-05  0.000E+00  Z
 0.000E+00  0.000E+00  0.000E+00  0.000E+00  0.000E+00  0.000E+00  1.275E-04  8.362E-04  1.123E-03  2.229E-03  3.024E-03  4.769E-03  7.538E-03  9.688E-03  1.159E-02  1.499E-02  2.048E-02  2.754E-02  3.184E-02  3.990E-02  4.738E-02  5.677E-02  6.718E-02  8.054E-02  9.757E-02  1.134E-01  1.342E-01  1.554E-01  1.805E-01  2.057E-01  2.394E-01  2.716E-01  3.070E-01  3.408E-01  3.922E-01  4.281E-01  4.750E-01  5.246E-01  5.732E-01  6.179E-01  6.681E-01  7.381E-01  7.856E-01  8.322E-01  8.875E-01  9.472E-01  1.009E+00  1.066E+00  1.110E+00  1.162E+00  1.220E+00  1.275E+00  1.332E+00  1.379E+00  1.427E+00  1.473E+00  1.520E+00  1.567E+00  1.595E+00  1.641E+00  1.687E+00  1.731E+00  1.758E+00  1.776E+00  1.798E+00  1.821E+00  1.835E+00  1.833E+00  1.852E+00  1.838E+00  1.836E+00  1.836E+00  1.817E+00  1.799E+00  1.782E+00  1.755E+00  1.720E+00  1.680E+00  1.636E+00  1.590E+00  1.549E+00  1.496E+00  1.439E+00  1.375E+00  1.329E+00  1.264E+00  1.201E+00  1.132E+00  1.070E+00  1.014E+00  9.530E-01  8.895E-01  8.354E-01  7.708E-01  7.137E-01  6.558E-01  5.976E-01  5.517E-01  4.995E-01  4.548E-01  4.110E-01  3.683E-01  3.272E-01  2.979E-01  2.605E-01  2.320E-01  2.008E-01  1.792E-01  1.562E-01  1.338E-01  1.132E-01  9.935E-02  8.347E-02  7.158E-02  6.009E-02  5.025E-02  4.204E-02  3.479E-02  2.934E-02  2.319E-02  1.915E-02  1.507E-02  1.225E-02  9.254E-03  7.393E-03  6.011E-03  4.219E-03  3.013E-03  2.312E-03  1.500E-03  8.927E-04  6.721E-04  5.966E-04  2.689E-04  1.834E-04  5.688E-05  7.105E-05  4.251E-05  2.850E-05  1.379E-05  5.423E-05  4.064E-05  0.000E+00  Z
 0.000E+00  0.000E+00  1.040E-04  4.380E-04  5.391E-04  4.188E-04  4.481E-04  5.363E-04  2.800E-04  4.255E-04  1.008E-03  1.013E-03  1.526E-03  2.449E-03  2.577E-03  3.073E-03  4.625E-03  5.270E-03  6.838E-03  9.739E-03  1.213E-02  1.477E-02  1.854E-02  2.252E-02  2.703E-02  3.142E-02  4.187E-02  4.796E-02  5.630E-02  6.910E-02  8.130E-02  9.638E-02  1.154E-01  1.312E-01  1.496E-01  1.734E-01  2.019E-01  2.290E-01  2.525E-01  2.946E-01  3.265E-01  3.713E-01  4.121E-01  4.607E-01  5.135E-01  5.764E-01  6.184E-01  6.774E-01  7.586E-01  8.164E-01  8.912E-01  9.590E-01  1.046E+00  1.131E+00  1.215E+00  1.296E+00  1.369E+00  1.466E+00  1.569E+00  1.660E+00  1.764E+00  1.854E+00  1.959E+00  2.042E+00  2.130E+00  2.220E+00  2.318E+00  2.381E+00  2.465E+00  2.542E+00  2.610E+00  2.670E+00  2.723E+00  2.787E+00  2.824E+00  2.861E+00  2.900E+00  2.910E+00  2.910E+00  2.931E+00  2.933E+00  2.917E+00  2.905E+00  2.884E+00  2.856E+00  2.816E+00  2.780E+00  2.729E+00  2.684E+00  2.613E+00  2.553E+00  2.483E+00  2.405E+00  2.333E+00  2.245E+00  2.165E+00  2.088E+00  2.003E+00  1.897E+00  1.811E+00  1.714E+00  1.626E+00  1.529E+00  1.438E+00  1.352E+00  1.265E+00  1.184E+00  1.092E+00  1.015E+00  9.430E-01  8.607E-01  7.869E-01  7.252E-01  6.580E-01  5.997E-01  5.400E-01  4.886E-01  4.400E-01  3.937E-01  3.472E-01  3.086E-01  2.758E-01  2.446E-01  2.134E-01  1.861E-01  1.632E-01  1.397E-01  1.221E-01  1.017E-01  8.984E-02  7.421E-02  6.334E-02  5.249E-02  4.511E-02  3.744E-02  3.008E-02  2.457E-02  1.962E-02  1.602E-02  1.273E-02  1.024E-02  7.949E-03  6.789E-03  4.827E-03  3.456E-03  2.939E-03  1.843E-03  1.338E-03  9.091E-04  6.668E-04  5.906E-04  4.522E-04  1.727E-04  2.489E-04  1.470E-04  9.276E-05  3.897E-05  1.277E-05  5.202E-05  1.307E-05  0.000E+00  Z
 0.000E+00  5.365E-04  8.286E-04  3.500E-04  8.480E-04  5.575E-04  7.711E-04  4.777E-04  7.292E-04  5.823E-04  1.111E-03  8.687E-04  1.109E-03  1.648E-03  1.887E-03  2.283E-03  2.452E-03  3.709E-03  3.572E-03  5.925E-03  6.749E-03  8.953E-03  1.079E-02  1.385E-02  1.658E-02  2.112E-02  2.644E-02  3.019E-02  3.695E-02  4.684E-02  4.992E-02  6.004E-02  7.423E-02  8.776E-02  1.041E-01  1.180E-01  1.385E-01  1.587E-01  1.794E-01  2.139E-01  2.362E-01  2.659E-01  3.040E-01  3.383E-01  3.754E-01  4.230E-01  4.730E-01  5.247E-01  5.701E-01  6.264E-01  6.922E-01  7.552E-01  8.289E-01  8.910E-01  9.718E-01  1.050E+00  1.132E+00  1.210E+00  1.291E+00  1.392E+00  1.475E+00  1.583E+00  1.668E+00  1.783E+00  1.879E+00  1.992E+00  2.086E+00  2.193E+00  2.307E+00  2.424E+00  2.532E+00  2.633E+00  2.758E+00  2.860E+00  2.955E+00  3.065E+00  3.154E+00  3.263E+00  3.338E+00  3.417E+00  3.490E+00  3.568E+00  3.640E+00  3.692E+00  3.718E+00  3.769E+00  3.795E+00  3.800E+00  3.825E+00  3.808E+00  3.806E+00  3.783E+00  3.760E+00  3.711E+00  3.678E+00  3.613E+00  3.562E+00  3.494E+00  3.401E+00  3.327E+00  3.238E+00  3.148E+00  3.049E+00  2.951E+00  2.853E+00  2.736E+00  2.624E+00  2.506E+00  2.403E+00  2.284E+00  2.162E+00  2.040E+00  1.931E+00  1.815E+00  1.697E+00  1.582E+00  1.471E+00  1.369E+00  1.272E+00  1.172E+00  1.074E+00  9.892E-01  9.040E-01  8.262E-01  7.501E-01  6.811E-01  6.114E-01  5.549E-01  4.920E-01  4.356E-01  3.934E-01  3.517E-01  3.120E-01  2.680E-01  2.365E-01  2.078E-01  1.797E-01  1.564E-01  1.359E-01  1.174E-01  9.988E-02  8.541E-02  7.203E-02  5.755E-02  5.154E-02  4.296E-02  3.502E-02  2.947E-02  2.407E-02  1.994E-02  1.530E-02  1.210E-02  1.047E-02  7.792E-03  6.884E-03  5.253E-03  4.008E-03  3.062E-03  2.476E-03  1.701E-03  1.520E-03  1.042E-03  7.855E-04  5.752E-04  4.595E-04  4.238E-04  2.048E-04  1.649E-04  1.018E-04  1.011E-04  8.731E-05  3.715E-05  3.775E-05  3.631E-05  0.000E+00  Z
 2.453E-04  4.018E-04  3.110E-04  7.881E-04  5.408E-04  4.881E-04  3.858E-04  7.162E-04  1.010E-03  9.007E-04  9.600E-04  1.111E-03  1.201E-03  1.780E-03  1.629E-03  1.911E-03  2.332E-03  3.202E-03  2.966E-03  3.290E-03  5.456E-03  6.102E-03  8.743E-03  8.971E-03  1.185E-02  1.361E-02  1.594E-02  2.032E-02  2.634E-02  3.057E-02  3.800E-02  4.597E-02  5.341E-02  6.285E-02  7.168E-02  8.817E-02  1.008E-01  1.201E-01  1.361E-01  1.511E-01  1.818E-01  2.039E-01  2.293E-01  2.574E-01  2.958E-01  3.293E-01  3.700E-01  4.103E-01  4.538E-01  4.986E-01  5.645E-01  6.124E-01  6.714E-01  7.334E-01  7.969E-01  8.604E-01  9.287E-01  1.014E+00  1.087E+00  1.174E+00  1.253E+00  1.337E+00  1.433E+00  1.521E+00  1.634E+00  1.734E+00  1.837E+00  1.931E+00  2.049E+00  2.155E+00  2.274E+00  2.392E+00  2.500E+00  2.631E+00  2.745E+00  2.862E+00  2.982E+00  3.088E+00  3.218E+00  3.344E+00  3.465E+00  3.583E+00  3.705E+00  3.815E+00  3.940E+00  4.047E+00  4.164E+00  4.269E+00  4.355E+00  4.475E+00  4.580E+00  4.665E+00  4.757E+00  4.815E+00  4.894E+00  4.963E+00  5.025E+00  5.059E+00  5.114E+00  5.114E+00  5.112E+00  5.125E+00  5.111E+00  5.086E+00  5.067E+00  5.023E+00  4.965E+00  4.895E+00  4.810E+00  4.717E+00  4.638E+00  4.530E+00  4.417E+00  4.304E+00  4.176E+00  4.026E+00  3.885E+00  3.749E+00  3.590E+00  3.442E+00  3.291E+00  3.138E+00  2.983E+00  2.811E+00  2.660E+00  2.500E+00  2.339E+00  2.195E+00  2.048E+00  1.914E+00  1.767E+00  1.635E+00  1.506E+00  1.382E+00  1.254E+00  1.153E+00  1.050E+00  9.470E-01  8.618E-01  7.756E-01  6.900E-01  6.206E-01  5.492E-01  4.948E-01  4.309E-01  3.816E-01  3.400E-01  2.958E-01  2.580E-01  2.246E-01  1.983E-01  1.705E-01  1.437E-01  1.228E-01  1.053E-01  8.907E-02  7.570E-02  6.265E-02  5.454E-02  4.350E-02  3.736E-02  3.203E-02  2.618E-02  2.173E-02  1.713E-02  1.455E-02  1.197E-02  9.628E-03  7.621E-03  6.252E-03  5.134E-03  4.617E-03  3.574E-03  2.547E-03  2.309E-03  1.611E-03  1.407E-03  9.883E-04  7.932E-04  5.398E-04  4.263E-04  3.295E-04  1.935E-04  1.455E-04  8.356E-05  9.773E-05  4.798E-05  1.218E-05  7.179E-05  1.225E-05  1.214E-05  2.406E-05  1.147E-05  1.129E-05  0.000E+00  Z
 4.904E-04  5.367E-04  2.073E-04  5.237E-04  8.476E-04  6.974E-04  8.970E-04  1.371E-03  1.513E-03  7.958E-04  9.078E-04  1.594E-03  1.154E-03  1.780E-03  1.715E-03  2.409E-03  2.095E-03  2.576E-03  3.307E-03  3.368E-03  4.043E-03  5.321E-03  6.337E-03  7.687E-03  1.013E-02  1.206E-02  1.502E-02  1.980E-02  2.177E-02  2.599E-02  3.237E-02  3.776E-02  4.357E-02  5.235E-02  6.088E-02  7.337E-02  8.738E-02  1.001E-01  1.156E-01  1.295E-01  1.509E-01  1.747E-01  1.992E-01  2.266E-01  2.510E-01  2.836E-01  3.191E-01  3.611E-01  4.004E-01  4.466E-01  4.900E-01  5.399E-01  5.901E-01  6.512E-01  7.053E-01  7.746E-01  8.321E-01  9.100E-01  9.964E-01  1.061E+00  1.143E+00  1.230E+00  1.323E+00  1.405E+00  1.498E+00  1.601E+00  1.707E+00  1.807E+00  1.917E+00  2.027E+00  2.127E+00  2.252E+00  2.359E+00  2.480E+00  2.598E+00  2.717E+00  2.849E+00  2.969E+00  3.098E+00  3.236E+00  3.356E+00  3.490E+00  3.620E+00  3.741E+00  3.883E+00  4.011E+00  4.141E+00  4.291E+00  4.414E+00  4.522E+00  4.653E+00  4.780E+00  4.914E+00  5.035E+00  5.144E+00  5.277E+00  5.383E+00  5.503E+00  5.623E+00  5.727E+00  5.816E+00  5.913E+00  5.995E+00  6.089E+00  6.124E+00  6.198E+00  6.229E+00  6.281E+00  6.315E+00  6.325E+00  6.321E+00  6.296E+00  6.282E+00  6.240E+00  6.180E+00  6.098E+00  6.036E+00  5.933E+00  5.845E+00  5.727E+00  5.570E+00  5.442E+00  5.288E+00  5.145E+00  4.982E+00  4.798E+00  4.622E+00  4.434E+00  4.246E+00  4.075E+00  3.859E+00  3.667E+00  3.486E+00  3.284E+00  3.089E+00  2.898E+00  2.717E+00  2.528E+00  2.348E+00  2.185E+00  2.022E+00  1.861E+00  1.706E+00  1.559E+00  1.423E+00  1.285E+00  1.170E+00  1.054E+00  9.490E-01  8.577E-01  7.716E-01  6.830E-01  6.104E-01  5.344E-01  4.761E-01  4.221E-01  3.660E-01  3.143E-01  2.762E-01  2.398E-01  2.075E-01  1.804E-01  1.552E-01  1.308E-01  1.130E-01  9.515E-02  8.248E-02  6.654E-02  5.642E-02  4.993E-02  4.018E-02  3.359E-02  2.768E-02  2.129E-02  1.813E-02  1.580E-02  1.273E-02  1.068E-02  8.694E-03  7.381E-03  5.607E-03  4.708E-03  3.547E-03  3.576E-03  2.543E-03  1.812E-03  1.533E-03  1.335E-03  8.587E-04  8.230E-04  4.747E-04  3.687E-04  3.781E-04  2.944E-04  2.596E-04  1.772E-04  1.171E-04  1.172E-04  1.051E-04  7.018E-05  6.849E-05  3.461E-05  1.193E-05  1.155E-05  2.295E-05  3.433E-05  0.000E+00  Z
 0.000E+00  8.050E-04  5.176E-04  6.126E-04  8.472E-04  6.290E-04  8.327E-04  8.362E-04  1.401E-03  1.109E-03  1.059E-03  1.835E-03  1.341E-03  1.779E-03  2.744E-03  1.786E-03  2.536E-03  3.398E-03  2.854E-03  3.551E-03  4.047E-03  5.384E-03  6.477E-03  7.077E-03  9.215E-03  1.070E-02  1.283E-02  1.581E-02  1.974E-02  2.118E-02  2.814E-02  3.433E-02  4.248E-02  4.716E-02  5.669E-02  6.505E-02  7.454E-02  8.947E-02  1.072E-01  1.196E-01  1.371E-01  1.611E-01  1.795E-01  2.030E-01  2.335E-01  2.603E-01  2.988E-01  3.312E-01  3.691E-01  4.097E-01  4.548E-01  4.983E-01  5.582E-01  6.107E-01  6.555E-01  7.240E-01  7.892E-01  8.598E-01  9.339E-01  1.006E+00  1.081E+00  1.165E+00  1.251E+00  1.332E+00  1.434E+00  1.533E+00  1.630E+00  1.734E+00  1.841E+00  1.944E+00  2.055E+00  2.168E+00  2.288E+00  2.401E+00  2.528E+00  2.638E+00  2.773E+00  2.904E+00  3.030E+00  3.168E+00  3.301E+00  3.443E+00  3.573E+00  3.706E+00  3.859E+00  3.972E+00  4.134E+00  4.269E+00  4.390E+00  4.550E+00  4.700E+00  4.831E+00  4.982E+00  5.123E+00  5.236E+00  5.398E+00  5.544E+00  5.666E+00  5.822E+00  5.932E+00  6.075E+00  6.201E+00  6.316E+00  6.427E+00  6.529E+00  6.654E+00  6.751E+00  6.869E+00  6.942E+00  7.029E+00  7.098E+00  7.153E+00  7.213E+00  7.238E+00  7.281E+00  7.278E+00  7.268E+00  7.257E+00  7.222E+00  7.184E+00  7.094E+00  7.012E+00  6.941E+00  6.825E+00  6.702E+00  6.563E+00  6.427E+00  6.260E+00  6.084E+00  5.900E+00  5.706E+00  5.502E+00  5.315E+00  5.103E+00  4.887E+00  4.666E+00  4.450E+00  4.214E+00  3.977E+00  3.769E+00  3.542E+00  3.320E+00  3.121E+00  2.918E+00  2.699E+00  2.499E+00  2.310E+00  2.126E+00  1.959E+00  1.781E+00  1.637E+00  1.487E+00  1.346E+00  1.213E+00  1.099E+00  9.863E-01  8.788E-01  7.848E-01  6.958E-01  6.149E-01  5.425E-01  4.770E-01  4.176E-01  3.676E-01  3.158E-01  2.772E-01  2.378E-01  2.054E-01  1.778E-01  1.511E-01  1.284E-01  1.087E-01  9.309E-02  7.694E-02  6.446E-02  5.426E-02  4.693E-02  3.841E-02  3.211E-02  2.804E-02  2.166E-02  1.890E-02  1.575E-02  1.252E-02  1.034E-02  8.670E-03  6.085E-03  5.735E-03  4.519E-03  4.101E-03  2.844E-03  2.268E-03  1.949E-03  1.541E-03  1.433E-03  9.455E-04  8.019E-04  4.297E-04  3.943E-04  3.004E-04  3.463E-04  2.187E-04  1.850E-04  1.377E-04  1.375E-04  5.696E-05  5.732E-05  4.617E-05  4.566E-05  3.373E-05  3.369E-05  1.097E-05  1.169E-05  1.138E-05  1.135E-05  0.000E+00  Z
 9.811E-04  5.372E-04  8.276E-04  2.623E-04  9.246E-04  9.053E-04  7.696E-04  1.372E-03  8.981E-04  1.007E-03  1.111E-03  1.446E-03  1.110E-03  1.558E-03  2.105E-03  1.663E-03  2.779E-03  2.892E-03  2.622E-03  3.771E-03  3.718E-03  5.002E-03  5.889E-03  8.122E-03  9.214E-03  1.009E-02  1.307E-02  1.498E-02  1.911E-02  2.302E-02  2.910E-02  3.355E-02  3.837E-02  4.608E-02  5.497E-02  6.712E-02  7.672E-02  8.901E-02  1.011E-01  1.193E-01  1.366E-01  1.562E-01  1.849E-01  2.043E-01  2.278E-01  2.612E-01  2.955E-01  3.309E-01  3.641E-01  4.095E-01  4.477E-01  5.006E-01  5.551E-01  6.046E-01  6.556E-01  7.231E-01  7.876E-01  8.539E-01  9.206E-01  1.001E+00  1.082E+00  1.163E+00  1.245E+00  1.346E+00  1.427E+00  1.526E+00  1.624E+00  1.720E+00  1.821E+00  1.940E+00  2.038E+00  2.163E+00  2.276E+00  2.398E+00  2.522E+00  2.637E+00  2.763E+00  2.909E+00  3.029E+00  3.165E+00  3.290E+00  3.422E+00  3.552E+00  3.706E+00  3.857E+00  3.984E+00  4.128E+00  4.268E+00  4.403E+00  4.560E+00  4.698E+00  4.837E+00  4.960E+00  5.118E+00  5.270E+00  5.409E+00  5.541E+00  5.685E+00  5.820E+00  5.958E+00  6.095E+00  6.212E+00  6.353E+00  6.478E+00  6.571E+00  6.688E+00  6.808E+00  6.907E+00  6.994E+00  7.095E+00  7.162E+00  7.238E+00  7.295E+00  7.322E+00  7.366E+00  7.387E+00  7.400E+00  7.385E+00  7.350E+00  7.333E+00  7.267E+00  7.205E+00  7.116E+00  7.037E+00  6.889E+00  6.759E+00  6.623E+00  6.461E+00  6.296E+00  6.127E+00  5.932E+00  5.743E+00  5.540E+00  5.332E+00  5.107E+00  4.880E+00  4.664E+00  4.440E+00  4.215E+00  3.994E+00  3.755E+00  3.525E+00  3.312E+00  3.098E+00  2.879E+00  2.678E+00  2.479E+00  2.297E+00  2.104E+00  1.939E+00  1.768E+00  1.610E+00  1.465E+00  1.326E+00  1.193E+00  1.077E+00  9.697E-01  8.649E-01  7.722E-01  6.791E-01  6.135E-01  5.373E-01  4.650E-01  4.113E-01  3.605E-01  3.106E-01  2.666E-01  2.344E-01  1.991E-01  1.741E-01  1.460E-01  1.240E-01  1.059E-01  9.012E-02  7.415E-02  6.454E-02  5.316E-02  4.483E-02  3.685E-02  3.086E-02  2.577E-02  2.151E-02  1.861E-02  1.451E-02  1.196E-02  9.853E-03  7.971E-03  6.661E-03  5.086E-03  4.566E-03  3.259E-03  2.869E-03  2.118E-03  1.811E-03  1.593E-03  1.244E-03  9.349E-04  7.693E-04  4.992E-04  5.417E-04  2.888E-04  2.875E-04  1.256E-04  2.034E-04  6.860E-05  9.175E-05  1.142E-04  5.734E-05  7.913E-05  4.514E-05  3.394E-05  3.340E-05  2.300E-05  4.536E-05  0.000E+00  Z
 1.227E-03  4.015E-04  4.149E-04  1.399E-03  7.711E-04  3.476E-04  1.217E-03  5.973E-04  1.064E-03  1.644E-03  1.059E-03  1.349E-03  1.944E-03  1.999E-03  1.720E-03  2.409E-03  2.172E-03  2.225E-03  2.281E-03  3.775E-03  4.439E-03  5.070E-03  6.683E-03  7.082E-03  8.259E-03  1.039E-02  1.159E-02  1.621E-02  1.890E-02  2.226E-02  2.719E-02  3.275E-02  3.779E-02  4.554E-02  5.480E-02  6.335E-02  7.659E-02  8.550E-02  1.029E-01  1.204E-01  1.395E-01  1.576E-01  1.775E-01  2.065E-01  2.244E-01  2.597E-01  2.867E-01  3.284E-01  3.664E-01  4.078E-01  4.478E-01  4.907E-01  5.475E-01  5.942E-01  6.581E-01  7.159E-01  7.810E-01  8.452E-01  9.206E-01  9.917E-01  1.061E+00  1.150E+00  1.235E+00  1.324E+00  1.411E+00  1.515E+00  1.611E+00  1.720E+00  1.817E+00  1.929E+00  2.031E+00  2.155E+00  2.280E+00  2.380E+00  2.499E+00  2.634E+00  2.764E+00  2.894E+00  3.018E+00  3.155E+00  3.298E+00  3.427E+00  3.565E+00  3.700E+00  3.832E+00  3.984E+00  4.122E+00  4.253E+00  4.403E+00  4.561E+00  4.703E+00  4.837E+00  4.989E+00  5.131E+00  5.269E+00  5.419E+00  5.554E+00  5.719E+00  5.849E+00  5.998E+00  6.099E+00  6.265E+00  6.388E+00  6.521E+00  6.633E+00  6.746E+00  6.852E+00  6.962E+00  7.070E+00  7.156E+00  7.263E+00  7.326E+00  7.399E+00  7.433E+00  7.468E+00  7.502E+00  7.521E+00  7.548E+00  7.514E+00  7.508E+00  7.465E+00  7.395E+00  7.312E+00  7.264E+00  7.124E+00  7.020E+00  6.887E+00  6.725E+00  6.584E+00  6.404E+00  6.239E+00  6.021E+00  5.837E+00  5.628E+00  5.419E+00  5.183E+00  4.969E+00  4.723E+00  4.494E+00  4.264E+00  4.026E+00  3.812E+00  3.569E+00  3.351E+00  3.127E+00  2.910E+00  2.714E+00  2.503E+00  2.302E+00  2.128E+00  1.960E+00  1.783E+00  1.622E+00  1.474E+00  1.346E+00  1.205E+00  1.087E+00  9.701E-01  8.663E-01  7.704E-01  6.830E-01  6.028E-01  5.297E-01  4.685E-01  4.137E-01  3.581E-01  3.083E-01  2.684E-01  2.295E-01  1.996E-01  1.714E-01  1.484E-01  1.257E-01  1.073E-01  9.024E-02  7.459E-02  6.460E-02  5.339E-02  4.506E-02  3.769E-02  3.046E-02  2.664E-02  2.192E-02  1.749E-02  1.432E-02  1.163E-02  1.022E-02  8.631E-03  6.665E-03  5.139E-03  4.274E-03  3.503E-03  3.246E-03  2.564E-03  1.821E-03  1.569E-03  1.269E-03  8.957E-04  6.376E-04  7.075E-04  5.082E-04  3.311E-04  2.642E-04  1.848E-04  1.268E-04  1.480E-04  1.023E-04  4.584E-05  3.413E-05  3.380E-05  3.325E-05  3.466E-05  2.219E-05  3.307E-05  1.129E-05  0.000E+00  Z
 4.904E-04  6.692E-04  6.209E-04  8.746E-04  6.944E-04  9.058E-04  7.687E-04  8.351E-04  1.234E-03  1.006E-03  1.364E-03  1.734E-03  2.033E-03  1.782E-03  2.016E-03  1.616E-03  2.132E-03  2.894E-03  3.038E-03  3.699E-03  4.290E-03  5.392E-03  6.062E-03  6.710E-03  9.281E-03  1.067E-02  1.339E-02  1.565E-02  1.782E-02  2.043E-02  2.695E-02  3.250E-02  4.037E-02  4.623E-02  5.494E-02  6.437E-02  7.704E-02  8.703E-02  1.011E-01  1.197E-01  1.368E-01  1.545E-01  1.839E-01  2.029E-01  2.275E-01  2.565E-01  2.892E-01  3.243E-01  3.641E-01  3.972E-01  4.454E-01  4.954E-01  5.387E-01  5.970E-01  6.575E-01  7.231E-01  7.785E-01  8.511E-01  9.137E-01  9.905E-01  1.065E+00  1.153E+00  1.234E+00  1.327E+00  1.411E+00  1.507E+00  1.602E+00  1.710E+00  1.820E+00  1.920E+00  2.034E+00  2.146E+00  2.260E+00  2.387E+00  2.513E+00  2.624E+00  2.762E+00  2.875E+00  3.023E+00  3.147E+00  3.284E+00  3.418E+00  3.549E+00  3.702E+00  3.837E+00  3.978E+00  4.128E+00  4.265E+00  4.405E+00  4.552E+00  4.697E+00  4.832E+00  4.999E+00  5.145E+00  5.283E+00  5.428E+00  5.578E+00  5.695E+00  5.829E+00  5.993E+00  6.115E+00  6.246E+00  6.384E+00  6.531E+00  6.645E+00  6.746E+00  6.882E+00  6.976E+00  7.089E+00  7.176E+00  7.269E+00  7.321E+00  7.399E+00  7.477E+00  7.511E+00  7.538E+00  7.544E+00  7.563E+00  7.552E+00  7.520E+00  7.480E+00  7.419E+00  7.367E+00  7.266E+00  7.166E+00  7.045E+00  6.922E+00  6.775E+00  6.617E+00  6.444E+00  6.260E+00  6.072E+00  5.868E+00  5.645E+00  5.421E+00  5.236E+00  4.990E+00  4.761E+00  4.541E+00  4.314E+00  4.077E+00  3.832E+00  3.604E+00  3.376E+00  3.171E+00  2.937E+00  2.746E+00  2.540E+00  2.344E+00  2.152E+00  1.982E+00  1.812E+00  1.640E+00  1.500E+00  1.349E+00  1.227E+00  1.095E+00  9.854E-01  8.789E-01  7.877E-01  6.925E-01  6.165E-01  5.439E-01  4.737E-01  4.178E-01  3.669E-01  3.175E-01  2.736E-01  2.358E-01  2.031E-01  1.708E-01  1.518E-01  1.280E-01  1.082E-01  9.100E-02  7.637E-02  6.561E-02  5.436E-02  4.815E-02  3.939E-02  3.159E-02  2.678E-02  2.219E-02  1.861E-02  1.512E-02  1.225E-02  1.062E-02  8.561E-03  6.516E-03  5.596E-03  4.591E-03  3.774E-03  2.626E-03  2.414E-03  1.969E-03  1.717E-03  1.353E-03  9.944E-04  8.873E-04  7.416E-04  4.954E-04  3.103E-04  2.406E-04  2.619E-04  1.483E-04  1.392E-04  1.477E-04  5.671E-05  7.990E-05  7.901E-05  2.210E-05  1.131E-05  4.503E-05  2.240E-05  3.316E-05  1.131E-05  1.131E-05  0.000E+00  Z
 4.907E-04  5.369E-04  6.215E-04  7.871E-04  4.634E-04  1.046E-03  8.333E-04  1.076E-03  8.406E-04  6.910E-04  1.162E-03  1.107E-03  1.157E-03  1.780E-03  1.592E-03  2.491E-03  2.971E-03  2.460E-03  3.007E-03  3.743E-03  4.579E-03  5.456E-03  4.757E-03  7.985E-03  9.024E-03  1.087E-02  1.302E-02  1.580E-02  1.866E-02  2.296E-02  2.701E-02  3.200E-02  3.781E-02  4.707E-02  5.387E-02  6.239E-02  7.415E-02  8.680E-02  1.052E-01  1.173E-01  1.375E-01  1.537E-01  1.740E-01  2.002E-01  2.287E-01  2.554E-01  2.871E-01  3.210E-01  3.611E-01  3.986E-01  4.446E-01  4.926E-01  5.370E-01  5.955E-01  6.538E-01  7.130E-01  7.773E-01  8.357E-01  9.181E-01  9.814E-01  1.066E+00  1.139E+00  1.236E+00  1.319E+00  1.410E+00  1.497E+00  1.605E+00  1.695E+00  1.805E+00  1.906E+00  2.025E+00  2.146E+00  2.261E+00  2.374E+00  2.510E+00  2.624E+00  2.741E+00  2.883E+00  3.008E+00  3.133E+00  3.280E+00  3.415E+00  3.551E+00  3.694E+00  3.840E+00  3.975E+00  4.113E+00  4.266E+00  4.413E+00  4.559E+00  4.694E+00  4.852E+00  4.995E+00  5.131E+00  5.289E+00  5.428E+00  5.578E+00  5.706E+00  5.865E+00  6.004E+00  6.158E+00  6.281E+00  6.410E+00  6.554E+00  6.654E+00  6.792E+00  6.894E+00  6.986E+00  7.110E+00  7.206E+00  7.294E+00  7.382E+00  7.457E+00  7.498E+00  7.561E+00  7.607E+00  7.638E+00  7.636E+00  7.612E+00  7.606E+00  7.560E+00  7.522E+00  7.467E+00  7.379E+00  7.266E+00  7.158E+00  7.034E+00  6.914E+00  6.738E+00  6.575E+00  6.398E+00  6.207E+00  6.007E+00  5.802E+00  5.582E+00  5.362E+00  5.130E+00  4.908E+00  4.669E+00  4.436E+00  4.190E+00  3.972E+00  3.742E+00  3.507E+00  3.282E+00  3.070E+00  2.854E+00  2.637E+00  2.438E+00  2.248E+00  2.072E+00  1.884E+00  1.723E+00  1.568E+00  1.423E+00  1.292E+00  1.160E+00  1.035E+00  9.332E-01  8.317E-01  7.390E-01  6.511E-01  5.757E-01  5.041E-01  4.439E-01  3.844E-01  3.392E-01  2.946E-01  2.551E-01  2.209E-01  1.874E-01  1.624E-01  1.386E-01  1.159E-01  9.985E-02  8.401E-02  7.059E-02  5.864E-02  5.073E-02  4.215E-02  3.478E-02  2.872E-02  2.418E-02  2.027E-02  1.653E-02  1.386E-02  1.103E-02  9.032E-03  7.507E-03  6.049E-03  4.989E-03  3.668E-03  3.162E-03  2.562E-03  2.209E-03  1.723E-03  1.288E-03  9.357E-04  1.062E-03  6.935E-04  5.326E-04  4.237E-04  4.261E-04  2.173E-04  2.163E-04  1.139E-04  1.134E-04  4.679E-05  1.132E-04  6.790E-05  3.376E-05  2.262E-05  3.420E-05  2.230E-05  3.323E-05  1.119E-05  3.380E-05  3.297E-05  1.138E-05  1.100E-05  0.000E+00  Z
 4.902E-04  5.373E-04  4.151E-04  1.135E-03  8.474E-04  7.670E-04  1.090E-03  1.013E-03  1.457E-03  1.273E-03  1.667E-03  1.492E-03  1.528E-03  2.357E-03  2.447E-03  2.367E-03  2.254E-03  2.852E-03  3.002E-03  3.438E-03  3.894E-03  4.578E-03  5.408E-03  6.409E-03  8.786E-03  1.043E-02  1.308E-02  1.512E-02  1.998E-02  2.344E-02  2.676E-02  3.290E-02  3.830E-02  4.528E-02  5.135E-02  6.292E-02  7.530E-02  8.906E-02  1.028E-01  1.171E-01  1.337E-01  1.536E-01  1.780E-01  1.989E-01  2.269E-01  2.578E-01  2.917E-01  3.180E-01  3.545E-01  3.950E-01  4.384E-01  4.846E-01  5.359E-01  5.913E-01  6.460E-01  7.031E-01  7.668E-01  8.368E-01  9.092E-01  9.836E-01  1.062E+00  1.141E+00  1.222E+00  1.311E+00  1.403E+00  1.490E+00  1.590E+00  1.702E+00  1.801E+00  1.915E+00  2.014E+00  2.124E+00  2.252E+00  2.374E+00  2.493E+00  2.619E+00  2.738E+00  2.860E+00  2.994E+00  3.135E+00  3.276E+00  3.427E+00  3.546E+00  3.678E+00  3.826E+00  3.958E+00  4.128E+00  4.252E+00  4.409E+00  4.573E+00  4.699E+00  4.864E+00  4.999E+00  5.149E+00  5.303E+00  5.433E+00  5.590E+00  5.726E+00  5.865E+00  6.019E+00  6.177E+00  6.303E+00  6.431E+00  6.567E+00  6.684E+00  6.815E+00  6.940E+00  7.069E+00  7.165E+00  7.259E+00  7.352E+00  7.442E+00  7.521E+00  7.585E+00  7.641E+00  7.663E+00  7.693E+00  7.750E+00  7.746E+00  7.743E+00  7.694E+00  7.664E+00  7.621E+00  7.522E+00  7.449E+00  7.332E+00  7.240E+00  7.083E+00  6.920E+00  6.767E+00  6.594E+00  6.402E+00  6.212E+00  6.013E+00  5.791E+00  5.563E+00  5.342E+00  5.120E+00  4.873E+00  4.650E+00  4.412E+00  4.167E+00  3.928E+00  3.706E+00  3.463E+00  3.242E+00  3.011E+00  2.809E+00  2.589E+00  2.401E+00  2.205E+00  2.033E+00  1.855E+00  1.694E+00  1.528E+00  1.384E+00  1.253E+00  1.128E+00  1.013E+00  9.018E-01  8.076E-01  7.150E-01  6.367E-01  5.519E-01  4.893E-01  4.317E-01  3.725E-01  3.246E-01  2.829E-01  2.455E-01  2.092E-01  1.782E-01  1.520E-01  1.332E-01  1.129E-01  9.697E-02  8.120E-02  6.813E-02  5.741E-02  4.716E-02  3.965E-02  3.315E-02  2.744E-02  2.198E-02  1.858E-02  1.535E-02  1.333E-02  1.020E-02  8.496E-03  6.712E-03  5.933E-03  4.451E-03  3.807E-03  3.002E-03  2.403E-03  1.932E-03  1.845E-03  1.372E-03  1.115E-03  7.094E-04  4.990E-04  5.526E-04  3.105E-04  2.750E-04  2.179E-04  2.065E-04  2.072E-04  1.687E-04  7.926E-05  7.921E-05  6.665E-05  4.446E-05  4.524E-05  4.483E-05  3.375E-05  2.171E-05  0.000E+00  Z
 0.000E+00  5.370E-04  3.110E-04  8.732E-04  8.487E-04  1.468E-03  1.154E-03  8.371E-04  1.176E-03  1.432E-03  1.314E-03  1.878E-03  1.619E-03  1.912E-03  1.759E-03  1.703E-03  2.692E-03  2.575E-03  3.232E-03  4.074E-03  4.578E-03  4.693E-03  6.168E-03  6.877E-03  8.589E-03  1.052E-02  1.232E-02  1.564E-02  1.724E-02  2.262E-02  2.604E-02  3.325E-02  3.865E-02  4.434E-02  5.156E-02  6.203E-02  7.349E-02  8.518E-02  9.880E-02  1.124E-01  1.291E-01  1.537E-01  1.716E-01  1.928E-01  2.226E-01  2.474E-01  2.819E-01  3.186E-01  3.547E-01  3.939E-01  4.368E-01  4.791E-01  5.311E-01  5.898E-01  6.412E-01  6.977E-01  7.616E-01  8.252E-01  8.901E-01  9.654E-01  1.044E+00  1.134E+00  1.206E+00  1.296E+00  1.391E+00  1.494E+00  1.582E+00  1.685E+00  1.782E+00  1.885E+00  2.014E+00  2.117E+00  2.236E+00  2.363E+00  2.468E+00  2.595E+00  2.731E+00  2.867E+00  3.004E+00  3.126E+00  3.257E+00  3.411E+00  3.540E+00  3.670E+00  3.840E+00  3.972E+00  4.108E+00  4.263E+00  4.405E+00  4.574E+00  4.707E+00  4.852E+00  5.004E+00  5.158E+00  5.306E+00  5.471E+00  5.610E+00  5.756E+00  5.923E+00  6.062E+00  6.197E+00  6.354E+00  6.479E+00  6.612E+00  6.782E+00  6.877E+00  7.024E+00  7.143E+00  7.268E+00  7.372E+00  7.467E+00  7.566E+00  7.683E+00  7.724E+00  7.795E+00  7.861E+00  7.906E+00  7.946E+00  7.967E+00  7.973E+00  7.961E+00  7.917E+00  7.899E+00  7.843E+00  7.754E+00  7.682E+00  7.553E+00  7.457E+00  7.296E+00  7.155E+00  6.996E+00  6.821E+00  6.633E+00  6.430E+00  6.210E+00  6.010E+00  5.787E+00  5.544E+00  5.301E+00  5.065E+00  4.813E+00  4.573E+00  4.328E+00  4.089E+00  3.857E+00  3.604E+00  3.379E+00  3.145E+00  2.925E+00  2.709E+00  2.500E+00  2.305E+00  2.117E+00  1.936E+00  1.765E+00  1.608E+00  1.458E+00  1.312E+00  1.187E+00  1.067E+00  9.487E-01  8.451E-01  7.480E-01  6.641E-01  5.872E-01  5.205E-01  4.498E-01  3.903E-01  3.407E-01  2.987E-01  2.573E-01  2.190E-01  1.894E-01  1.631E-01  1.391E-01  1.162E-01  1.017E-01  8.564E-02  7.065E-02  6.064E-02  5.082E-02  4.230E-02  3.532E-02  2.920E-02  2.383E-02  1.928E-02  1.584E-02  1.343E-02  1.143E-02  9.658E-03  7.974E-03  5.941E-03  4.711E-03  4.000E-03  3.342E-03  2.706E-03  2.005E-03  2.035E-03  1.227E-03  1.323E-03  9.711E-04  7.958E-04  5.666E-04  3.669E-04  3.057E-04  2.186E-04  1.592E-04  1.257E-04  1.136E-04  9.127E-05  3.387E-05  4.583E-05  8.969E-05  1.136E-05  1.111E-05  3.359E-05  3.413E-05  2.271E-05  1.104E-05  0.000E+00  Z
 2.453E-04  6.713E-04  6.222E-04  8.753E-04  1.312E-03  1.534E-03  1.473E-03  1.256E-03  1.629E-03  7.950E-04  1.213E-03  2.169E-03  1.758E-03  1.780E-03  2.319E-03  1.497E-03  2.534E-03  2.855E-03  2.623E-03  3.254E-03  3.650E-03  5.850E-03  6.025E-03  7.045E-03  8.424E-03  9.675E-03  1.226E-02  1.474E-02  1.747E-02  2.184E-02  2.571E-02  3.213E-02  3.614E-02  4.438E-02  5.197E-02  6.138E-02  7.108E-02  8.311E-02  9.586E-02  1.130E-01  1.318E-01  1.468E-01  1.657E-01  1.935E-01  2.208E-01  2.481E-01  2.800E-01  3.138E-01  3.534E-01  3.961E-01  4.318E-01  4.777E-01  5.270E-01  5.860E-01  6.359E-01  6.928E-01  7.497E-01  8.196E-01  8.962E-01  9.722E-01  1.037E+00  1.116E+00  1.204E+00  1.294E+00  1.380E+00  1.474E+00  1.577E+00  1.676E+00  1.783E+00  1.887E+00  2.002E+00  2.102E+00  2.225E+00  2.343E+00  2.464E+00  2.597E+00  2.707E+00  2.854E+00  2.976E+00  3.116E+00  3.243E+00  3.389E+00  3.514E+00  3.666E+00  3.818E+00  3.964E+00  4.092E+00  4.254E+00  4.425E+00  4.548E+00  4.708E+00  4.848E+00  5.012E+00  5.168E+00  5.316E+00  5.459E+00  5.643E+00  5.756E+00  5.934E+00  6.081E+00  6.245E+00  6.372E+00  6.530E+00  6.663E+00  6.809E+00  6.941E+00  7.067E+00  7.201E+00  7.332E+00  7.445E+00  7.559E+00  7.677E+00  7.760E+00  7.871E+00  7.916E+00  8.010E+00  8.089E+00  8.104E+00  8.148E+00  8.180E+00  8.166E+00  8.154E+00  8.121E+00  8.088E+00  8.041E+00  7.957E+00  7.864E+00  7.746E+00  7.656E+00  7.500E+00  7.341E+00  7.175E+00  7.001E+00  6.782E+00  6.605E+00  6.370E+00  6.168E+00  5.945E+00  5.698E+00  5.449E+00  5.200E+00  4.955E+00  4.693E+00  4.425E+00  4.196E+00  3.949E+00  3.707E+00  3.468E+00  3.242E+00  3.016E+00  2.784E+00  2.583E+00  2.372E+00  2.180E+00  1.995E+00  1.814E+00  1.654E+00  1.498E+00  1.355E+00  1.219E+00  1.092E+00  9.794E-01  8.723E-01  7.809E-01  6.880E-01  6.038E-01  5.355E-01  4.661E-01  4.110E-01  3.551E-01  3.039E-01  2.656E-01  2.289E-01  1.953E-01  1.696E-01  1.467E-01  1.250E-01  1.031E-01  8.721E-02  7.447E-02  6.079E-02  5.290E-02  4.258E-02  3.606E-02  3.133E-02  2.445E-02  2.139E-02  1.766E-02  1.450E-02  1.165E-02  9.882E-03  7.707E-03  6.171E-03  5.077E-03  4.386E-03  3.431E-03  2.979E-03  2.239E-03  1.707E-03  1.267E-03  1.261E-03  1.095E-03  7.840E-04  5.746E-04  4.925E-04  4.665E-04  3.645E-04  2.153E-04  2.281E-04  6.751E-05  1.455E-04  7.766E-05  1.122E-04  4.395E-05  2.231E-05  2.247E-05  5.536E-05  4.419E-05  5.489E-05  2.267E-05  0.000E+00  Z
 0.000E+00  9.395E-04  8.289E-04  3.491E-04  4.619E-04  1.047E-03  1.025E-03  1.312E-03  9.525E-04  9.549E-04  1.110E-03  1.447E-03  1.434E-03  1.426E-03  1.932E-03  2.159E-03  2.254E-03  2.501E-03  4.143E-03  3.812E-03  3.967E-03  5.644E-03  5.723E-03  6.815E-03  7.559E-03  9.313E-03  1.197E-02  1.638E-02  1.773E-02  2.028E-02  2.582E-02  3.025E-02  3.555E-02  4.266E-02  5.345E-02  5.856E-02  6.996E-02  8.386E-02  9.697E-02  1.141E-01  1.273E-01  1.493E-01  1.684E-01  1.944E-01  2.173E-01  2.440E-01  2.762E-01  3.132E-01  3.455E-01  3.852E-01  4.229E-01  4.759E-01  5.261E-01  5.753E-01  6.304E-01  6.901E-01  7.461E-01  8.099E-01  8.902E-01  9.555E-01  1.039E+00  1.107E+00  1.203E+00  1.279E+00  1.373E+00  1.466E+00  1.560E+00  1.669E+00  1.771E+00  1.861E+00  1.999E+00  2.098E+00  2.230E+00  2.339E+00  2.455E+00  2.591E+00  2.719E+00  2.853E+00  2.969E+00  3.118E+00  3.247E+00  3.389E+00  3.528E+00  3.674E+00  3.808E+00  3.966E+00  4.107E+00  4.263E+00  4.393E+00  4.561E+00  4.703E+00  4.874E+00  5.030E+00  5.168E+00  5.322E+00  5.466E+00  5.619E+00  5.788E+00  5.937E+00  6.090E+00  6.251E+00  6.394E+00  6.528E+00  6.695E+00  6.825E+00  6.959E+00  7.127E+00  7.223E+00  7.356E+00  7.469E+00  7.616E+00  7.720E+00  7.828E+00  7.893E+00  8.002E+00  8.062E+00  8.122E+00  8.176E+00  8.230E+00  8.240E+00  8.244E+00  8.265E+00  8.240E+00  8.199E+00  8.171E+00  8.099E+00  7.997E+00  7.913E+00  7.786E+00  7.667E+00  7.498E+00  7.353E+00  7.161E+00  6.980E+00  6.774E+00  6.554E+00  6.349E+00  6.107E+00  5.864E+00  5.632E+00  5.375E+00  5.119E+00  4.878E+00  4.633E+00  4.377E+00  4.119E+00  3.881E+00  3.634E+00  3.394E+00  3.162E+00  2.928E+00  2.715E+00  2.498E+00  2.307E+00  2.104E+00  1.921E+00  1.754E+00  1.598E+00  1.447E+00  1.299E+00  1.168E+00  1.048E+00  9.346E-01  8.315E-01  7.392E-01  6.573E-01  5.701E-01  5.091E-01  4.360E-01  3.836E-01  3.398E-01  2.890E-01  2.517E-01  2.186E-01  1.831E-01  1.558E-01  1.367E-01  1.139E-01  9.604E-02  8.275E-02  6.978E-02  5.803E-02  4.927E-02  3.999E-02  3.408E-02  2.799E-02  2.332E-02  1.910E-02  1.540E-02  1.254E-02  1.046E-02  9.142E-03  7.833E-03  5.687E-03  4.247E-03  3.828E-03  3.402E-03  2.451E-03  2.052E-03  1.584E-03  1.409E-03  9.989E-04  8.403E-04  6.925E-04  7.188E-04  4.229E-04  4.200E-04  2.954E-04  1.688E-04  1.574E-04  1.355E-04  6.793E-05  1.358E-04  7.819E-05  1.010E-04  7.803E-05  5.626E-05  2.251E-05  0.000E+00  Z
 7.358E-04  9.399E-04  7.264E-04  7.005E-04  1.078E-03  1.046E-03  1.026E-03  8.938E-04  1.458E-03  1.326E-03  1.360E-03  1.348E-03  1.430E-03  1.465E-03  1.886E-03  2.158E-03  2.172E-03  3.365E-03  2.847E-03  2.926E-03  3.320E-03  3.949E-03  5.267E-03  7.251E-03  8.094E-03  1.078E-02  1.289E-02  1.359E-02  1.714E-02  2.154E-02  2.571E-02  3.112E-02  3.683E-02  4.491E-02  5.144E-02  5.872E-02  7.153E-02  8.241E-02  9.591E-02  1.103E-01  1.286E-01  1.517E-01  1.683E-01  1.942E-01  2.121E-01  2.454E-01  2.684E-01  3.059E-01  3.440E-01  3.861E-01  4.263E-01  4.724E-01  5.185E-01  5.740E-01  6.240E-01  6.850E-01  7.463E-01  8.124E-01  8.862E-01  9.584E-01  1.033E+00  1.107E+00  1.200E+00  1.280E+00  1.376E+00  1.460E+00  1.560E+00  1.659E+00  1.769E+00  1.865E+00  1.981E+00  2.094E+00  2.216E+00  2.326E+00  2.467E+00  2.575E+00  2.707E+00  2.848E+00  2.968E+00  3.100E+00  3.241E+00  3.393E+00  3.523E+00  3.671E+00  3.811E+00  3.955E+00  4.100E+00  4.254E+00  4.399E+00  4.557E+00  4.715E+00  4.873E+00  5.013E+00  5.159E+00  5.336E+00  5.475E+00  5.630E+00  5.796E+00  5.961E+00  6.103E+00  6.243E+00  6.407E+00  6.549E+00  6.710E+00  6.846E+00  7.002E+00  7.133E+00  7.270E+00  7.391E+00  7.532E+00  7.620E+00  7.750E+00  7.865E+00  7.967E+00  8.049E+00  8.139E+00  8.202E+00  8.272E+00  8.300E+00  8.320E+00  8.352E+00  8.335E+00  8.341E+00  8.303E+00  8.288E+00  8.221E+00  8.141E+00  8.036E+00  7.915E+00  7.797E+00  7.654E+00  7.502E+00  7.338E+00  7.140E+00  6.944E+00  6.726E+00  6.505E+00  6.294E+00  6.063E+00  5.792E+00  5.567E+00  5.317E+00  5.063E+00  4.793E+00  4.534E+00  4.289E+00  4.031E+00  3.786E+00  3.541E+00  3.295E+00  3.068E+00  2.857E+00  2.632E+00  2.418E+00  2.220E+00  2.034E+00  1.850E+00  1.686E+00  1.530E+00  1.372E+00  1.236E+00  1.116E+00  9.990E-01  8.921E-01  7.866E-01  6.951E-01  6.142E-01  5.451E-01  4.705E-01  4.177E-01  3.634E-01  3.139E-01  2.715E-01  2.363E-01  2.023E-01  1.727E-01  1.468E-01  1.269E-01  1.068E-01  8.925E-02  7.717E-02  6.251E-02  5.357E-02  4.514E-02  3.724E-02  3.030E-02  2.489E-02  2.087E-02  1.702E-02  1.458E-02  1.137E-02  9.465E-03  7.961E-03  6.549E-03  5.158E-03  4.298E-03  3.708E-03  2.669E-03  2.391E-03  1.871E-03  1.459E-03  1.057E-03  1.024E-03  6.869E-04  6.883E-04  3.987E-04  4.244E-04  3.518E-04  2.597E-04  1.241E-04  9.058E-05  9.078E-05  9.997E-05  7.853E-05  6.740E-05  5.575E-05  4.461E-05  1.065E-05  4.351E-05  0.000E+00  Z
 7.349E-04  5.368E-04  6.212E-04  6.994E-04  3.851E-04  1.464E-03  1.026E-03  1.136E-03  1.122E-03  1.642E-03  1.212E-03  1.593E-03  1.430E-03  1.426E-03  2.060E-03  2.240E-03  2.534E-03  2.305E-03  2.960E-03  2.997E-03  4.368E-03  4.054E-03  6.342E-03  6.910E-03  8.591E-03  9.508E-03  1.146E-02  1.331E-02  1.815E-02  2.067E-02  2.583E-02  3.102E-02  3.370E-02  4.353E-02  4.871E-02  5.874E-02  7.335E-02  8.264E-02  9.587E-02  1.078E-01  1.277E-01  1.439E-01  1.673E-01  1.916E-01  2.131E-01  2.406E-01  2.773E-01  3.071E-01  3.419E-01  3.784E-01  4.200E-01  4.704E-01  5.166E-01  5.643E-01  6.206E-01  6.758E-01  7.434E-01  8.120E-01  8.766E-01  9.448E-01  1.032E+00  1.108E+00  1.184E+00  1.275E+00  1.370E+00  1.452E+00  1.550E+00  1.653E+00  1.758E+00  1.863E+00  1.958E+00  2.088E+00  2.199E+00  2.335E+00  2.445E+00  2.574E+00  2.696E+00  2.832E+00  2.964E+00  3.096E+00  3.239E+00  3.386E+00  3.503E+00  3.659E+00  3.804E+00  3.955E+00  4.096E+00  4.240E+00  4.408E+00  4.559E+00  4.723E+00  4.895E+00  5.020E+00  5.193E+00  5.341E+00  5.499E+00  5.656E+00  5.821E+00  5.964E+00  6.122E+00  6.284E+00  6.438E+00  6.581E+00  6.749E+00  6.880E+00  7.045E+00  7.195E+00  7.332E+00  7.467E+00  7.599E+00  7.725E+00  7.832E+00  7.945E+00  8.064E+00  8.166E+00  8.258E+00  8.321E+00  8.389E+00  8.441E+00  8.491E+00  8.531E+00  8.536E+00  8.536E+00  8.519E+00  8.484E+00  8.447E+00  8.387E+00  8.306E+00  8.201E+00  8.110E+00  7.952E+00  7.817E+00  7.640E+00  7.463E+00  7.278E+00  7.064E+00  6.865E+00  6.636E+00  6.395E+00  6.149E+00  5.914E+00  5.646E+00  5.382E+00  5.129E+00  4.860E+00  4.602E+00  4.360E+00  4.081E+00  3.836E+00  3.591E+00  3.338E+00  3.101E+00  2.890E+00  2.656E+00  2.441E+00  2.244E+00  2.074E+00  1.884E+00  1.714E+00  1.543E+00  1.398E+00  1.262E+00  1.137E+00  1.009E+00  9.007E-01  8.019E-01  7.071E-01  6.225E-01  5.457E-01  4.771E-01  4.157E-01  3.674E-01  3.188E-01  2.740E-01  2.359E-01  2.029E-01  1.771E-01  1.472E-01  1.270E-01  1.059E-01  9.145E-02  7.637E-02  6.361E-02  5.393E-02  4.713E-02  3.675E-02  3.131E-02  2.666E-02  2.225E-02  1.812E-02  1.445E-02  1.190E-02  1.042E-02  8.690E-03  6.295E-03  5.239E-03  4.528E-03  3.388E-03  2.864E-03  2.411E-03  2.078E-03  1.733E-03  1.263E-03  1.113E-03  8.519E-04  6.181E-04  4.087E-04  3.872E-04  3.498E-04  2.833E-04  2.494E-04  1.808E-04  1.363E-04  1.219E-04  3.353E-05  3.427E-05  6.687E-05  2.215E-05  5.386E-05  1.061E-05  1.119E-05  0.000E+00  Z
 2.453E-04  8.039E-04  5.172E-04  2.620E-04  9.250E-04  1.465E-03  1.027E-03  1.017E-03  9.511E-04  1.593E-03  1.161E-03  1.157E-03  1.529E-03  1.470E-03  1.759E-03  2.200E-03  2.658E-03  2.926E-03  2.964E-03  2.814E-03  3.756E-03  5.215E-03  5.238E-03  7.516E-03  7.895E-03  9.966E-03  1.197E-02  1.367E-02  1.703E-02  2.150E-02  2.592E-02  2.913E-02  3.468E-02  4.301E-02  5.128E-02  5.765E-02  6.790E-02  8.107E-02  9.465E-02  1.094E-01  1.273E-01  1.457E-01  1.664E-01  1.911E-01  2.119E-01  2.423E-01  2.733E-01  3.071E-01  3.374E-01  3.749E-01  4.196E-01  4.638E-01  5.103E-01  5.615E-01  6.156E-01  6.731E-01  7.414E-01  7.978E-01  8.703E-01  9.414E-01  1.019E+00  1.101E+00  1.182E+00  1.270E+00  1.352E+00  1.446E+00  1.555E+00  1.641E+00  1.747E+00  1.860E+00  1.964E+00  2.079E+00  2.193E+00  2.317E+00  2.439E+00  2.558E+00  2.689E+00  2.826E+00  2.950E+00  3.085E+00  3.229E+00  3.367E+00  3.495E+00  3.663E+00  3.818E+00  3.947E+00  4.100E+00  4.243E+00  4.404E+00  4.556E+00  4.708E+00  4.859E+00  5.021E+00  5.184E+00  5.345E+00  5.506E+00  5.673E+00  5.803E+00  5.982E+00  6.148E+00  6.283E+00  6.455E+00  6.615E+00  6.768E+00  6.911E+00  7.068E+00  7.238E+00  7.370E+00  7.510E+00  7.617E+00  7.768E+00  7.894E+00  8.030E+00  8.113E+00  8.258E+00  8.352E+00  8.416E+00  8.507E+00  8.578E+00  8.630E+00  8.658E+00  8.686E+00  8.705E+00  8.690E+00  8.683E+00  8.653E+00  8.585E+00  8.506E+00  8.456E+00  8.344E+00  8.208E+00  8.047E+00  7.907E+00  7.744E+00  7.581E+00  7.365E+00  7.147E+00  6.942E+00  6.718E+00  6.474E+00  6.231E+00  5.975E+00  5.714E+00  5.451E+00  5.183E+00  4.917E+00  4.668E+00  4.390E+00  4.113E+00  3.876E+00  3.611E+00  3.364E+00  3.130E+00  2.901E+00  2.677E+00  2.463E+00  2.257E+00  2.055E+00  1.882E+00  1.710E+00  1.550E+00  1.396E+00  1.253E+00  1.124E+00  1.009E+00  8.987E-01  7.906E-01  7.052E-01  6.215E-01  5.456E-01  4.767E-01  4.146E-01  3.644E-01  3.194E-01  2.742E-01  2.329E-01  2.026E-01  1.727E-01  1.491E-01  1.275E-01  1.071E-01  8.852E-02  7.605E-02  6.183E-02  5.368E-02  4.498E-02  3.712E-02  3.067E-02  2.606E-02  2.169E-02  1.740E-02  1.394E-02  1.208E-02  9.617E-03  8.095E-03  7.201E-03  5.171E-03  4.338E-03  3.499E-03  2.668E-03  2.315E-03  1.845E-03  1.567E-03  1.237E-03  9.156E-04  7.196E-04  5.711E-04  5.149E-04  3.848E-04  3.141E-04  2.286E-04  1.368E-04  1.686E-04  1.350E-04  1.122E-04  5.624E-05  7.756E-05  5.561E-05  3.351E-05  3.313E-05  2.189E-05  2.256E-05  0.000E+00  Z
 7.350E-04  2.679E-04  8.281E-04  8.753E-04  1.159E-03  9.786E-04  1.027E-03  1.137E-03  8.968E-04  7.949E-04  1.714E-03  1.641E-03  1.758E-03  1.512E-03  1.505E-03  2.403E-03  3.058E-03  3.044E-03  2.588E-03  3.593E-03  3.614E-03  4.193E-03  5.616E-03  6.403E-03  8.377E-03  9.833E-03  1.161E-02  1.440E-02  1.708E-02  2.130E-02  2.393E-02  2.883E-02  3.598E-02  4.151E-02  4.894E-02  5.866E-02  6.763E-02  7.793E-02  9.090E-02  1.027E-01  1.217E-01  1.412E-01  1.626E-01  1.827E-01  2.068E-01  2.326E-01  2.699E-01  2.933E-01  3.353E-01  3.706E-01  4.049E-01  4.549E-01  4.998E-01  5.486E-01  6.077E-01  6.532E-01  7.246E-01  7.776E-01  8.592E-01  9.286E-01  9.979E-01  1.076E+00  1.154E+00  1.235E+00  1.339E+00  1.437E+00  1.520E+00  1.621E+00  1.733E+00  1.826E+00  1.939E+00  2.067E+00  2.182E+00  2.292E+00  2.419E+00  2.535E+00  2.662E+00  2.800E+00  2.932E+00  3.074E+00  3.195E+00  3.343E+00  3.484E+00  3.637E+00  3.778E+00  3.958E+00  4.095E+00  4.241E+00  4.398E+00  4.572E+00  4.724E+00  4.874E+00  5.032E+00  5.219E+00  5.357E+00  5.537E+00  5.705E+00  5.869E+00  6.031E+00  6.179E+00  6.350E+00  6.504E+00  6.704E+00  6.867E+00  7.015E+00  7.177E+00  7.332E+00  7.490E+00  7.632E+00  7.785E+00  7.944E+00  8.070E+00  8.206E+00  8.340E+00  8.465E+00  8.600E+00  8.668E+00  8.765E+00  8.876E+00  8.937E+00  8.983E+00  9.024E+00  9.075E+00  9.106E+00  9.111E+00  9.127E+00  9.075E+00  9.044E+00  9.003E+00  8.920E+00  8.817E+00  8.698E+00  8.581E+00  8.429E+00  8.290E+00  8.083E+00  7.896E+00  7.686E+00  7.457E+00  7.241E+00  6.997E+00  6.755E+00  6.491E+00  6.219E+00  5.945E+00  5.677E+00  5.398E+00  5.112E+00  4.829E+00  4.559E+00  4.289E+00  4.013E+00  3.755E+00  3.480E+00  3.255E+00  3.005E+00  2.777E+00  2.550E+00  2.342E+00  2.141E+00  1.957E+00  1.769E+00  1.607E+00  1.459E+00  1.307E+00  1.165E+00  1.050E+00  9.329E-01  8.286E-01  7.317E-01  6.478E-01  5.670E-01  4.938E-01  4.309E-01  3.739E-01  3.242E-01  2.850E-01  2.422E-01  2.092E-01  1.782E-01  1.531E-01  1.285E-01  1.123E-01  9.252E-02  7.966E-02  6.489E-02  5.514E-02  4.710E-02  3.916E-02  3.229E-02  2.676E-02  2.187E-02  1.888E-02  1.505E-02  1.310E-02  1.021E-02  8.331E-03  7.272E-03  5.296E-03  4.939E-03  3.846E-03  3.288E-03  2.161E-03  1.940E-03  1.661E-03  1.043E-03  8.190E-04  7.651E-04  7.552E-04  5.302E-04  3.164E-04  2.477E-04  2.700E-04  3.250E-04  1.558E-04  1.227E-04  7.678E-05  1.001E-04  6.524E-05  7.648E-05  3.221E-05  5.415E-05  3.237E-05  2.191E-05  0.000E+00  Z
 2.453E-04  4.020E-04  1.140E-03  1.050E-03  7.711E-04  1.465E-03  1.477E-03  1.254E-03  7.851E-04  1.696E-03  1.011E-03  1.688E-03  1.711E-03  1.783E-03  2.274E-03  1.743E-03  2.575E-03  2.615E-03  2.505E-03  3.701E-03  3.822E-03  4.512E-03  5.166E-03  6.842E-03  8.256E-03  8.833E-03  1.152E-02  1.326E-02  1.744E-02  1.849E-02  2.452E-02  2.962E-02  3.513E-02  3.947E-02  4.760E-02  5.549E-02  6.641E-02  7.655E-02  9.040E-02  1.079E-01  1.231E-01  1.349E-01  1.570E-01  1.789E-01  2.045E-01  2.273E-01  2.568E-01  2.874E-01  3.270E-01  3.608E-01  4.063E-01  4.488E-01  4.991E-01  5.365E-01  5.957E-01  6.572E-01  7.120E-01  7.719E-01  8.413E-01  9.159E-01  9.849E-01  1.060E+00  1.143E+00  1.230E+00  1.320E+00  1.418E+00  1.501E+00  1.609E+00  1.709E+00  1.808E+00  1.932E+00  2.036E+00  2.143E+00  2.273E+00  2.399E+00  2.509E+00  2.654E+00  2.786E+00  2.910E+00  3.059E+00  3.194E+00  3.330E+00  3.465E+00  3.615E+00  3.782E+00  3.939E+00  4.088E+00  4.240E+00  4.386E+00  4.548E+00  4.724E+00  4.868E+00  5.049E+00  5.207E+00  5.360E+00  5.542E+00  5.723E+00  5.879E+00  6.064E+00  6.226E+00  6.406E+00  6.575E+00  6.750E+00  6.932E+00  7.096E+00  7.240E+00  7.427E+00  7.587E+00  7.756E+00  7.920E+00  8.066E+00  8.215E+00  8.337E+00  8.476E+00  8.599E+00  8.751E+00  8.864E+00  8.980E+00  9.068E+00  9.163E+00  9.261E+00  9.321E+00  9.392E+00  9.431E+00  9.448E+00  9.434E+00  9.462E+00  9.465E+00  9.398E+00  9.355E+00  9.277E+00  9.205E+00  9.093E+00  8.994E+00  8.824E+00  8.654E+00  8.502E+00  8.292E+00  8.106E+00  7.859E+00  7.625E+00  7.394E+00  7.122E+00  6.867E+00  6.592E+00  6.315E+00  6.028E+00  5.722E+00  5.449E+00  5.147E+00  4.866E+00  4.584E+00  4.324E+00  4.043E+00  3.759E+00  3.514E+00  3.248E+00  3.004E+00  2.769E+00  2.545E+00  2.334E+00  2.131E+00  1.944E+00  1.747E+00  1.597E+00  1.428E+00  1.281E+00  1.156E+00  1.026E+00  9.096E-01  8.131E-01  7.149E-01  6.350E-01  5.501E-01  4.862E-01  4.195E-01  3.669E-01  3.221E-01  2.754E-01  2.353E-01  2.015E-01  1.729E-01  1.486E-01  1.245E-01  1.078E-01  8.944E-02  7.572E-02  6.484E-02  5.317E-02  4.337E-02  3.710E-02  3.065E-02  2.570E-02  2.120E-02  1.802E-02  1.460E-02  1.107E-02  9.899E-03  8.372E-03  6.625E-03  5.872E-03  4.511E-03  3.436E-03  3.058E-03  2.214E-03  1.752E-03  1.356E-03  9.563E-04  8.761E-04  8.267E-04  6.894E-04  4.623E-04  4.458E-04  3.037E-04  2.465E-04  3.012E-04  1.897E-04  1.427E-04  7.822E-05  3.299E-05  6.665E-05  7.672E-05  5.487E-05  0.000E+00  Z
 4.908E-04  4.025E-04  1.139E-03  4.368E-04  6.929E-04  7.662E-04  7.695E-04  1.014E-03  1.851E-03  1.750E-03  1.864E-03  2.026E-03  1.941E-03  1.824E-03  2.229E-03  1.910E-03  2.733E-03  3.047E-03  3.044E-03  3.702E-03  3.571E-03  4.302E-03  5.063E-03  6.377E-03  7.257E-03  9.685E-03  1.141E-02  1.325E-02  1.616E-02  1.860E-02  2.349E-02  2.783E-02  3.311E-02  3.878E-02  4.606E-02  5.630E-02  6.523E-02  7.503E-02  8.525E-02  9.876E-02  1.148E-01  1.354E-01  1.530E-01  1.690E-01  1.962E-01  2.227E-01  2.518E-01  2.816E-01  3.150E-01  3.555E-01  3.920E-01  4.311E-01  4.823E-01  5.348E-01  5.806E-01  6.367E-01  6.898E-01  7.654E-01  8.214E-01  8.857E-01  9.599E-01  1.041E+00  1.122E+00  1.212E+00  1.283E+00  1.381E+00  1.487E+00  1.575E+00  1.680E+00  1.791E+00  1.901E+00  2.015E+00  2.132E+00  2.237E+00  2.366E+00  2.496E+00  2.613E+00  2.753E+00  2.894E+00  3.032E+00  3.171E+00  3.312E+00  3.457E+00  3.620E+00  3.751E+00  3.921E+00  4.083E+00  4.233E+00  4.394E+00  4.560E+00  4.705E+00  4.891E+00  5.056E+00  5.228E+00  5.396E+00  5.586E+00  5.762E+00  5.931E+00  6.099E+00  6.297E+00  6.478E+00  6.637E+00  6.854E+00  7.019E+00  7.209E+00  7.386E+00  7.568E+00  7.735E+00  7.920E+00  8.069E+00  8.246E+00  8.432E+00  8.553E+00  8.741E+00  8.888E+00  9.013E+00  9.165E+00  9.295E+00  9.445E+00  9.543E+00  9.648E+00  9.749E+00  9.814E+00  9.904E+00  9.981E+00  1.002E+01  1.006E+01  1.007E+01  1.008E+01  1.008E+01  1.003E+01  9.999E+00  9.928E+00  9.823E+00  9.726E+00  9.624E+00  9.492E+00  9.320E+00  9.140E+00  8.936E+00  8.737E+00  8.498E+00  8.256E+00  8.009E+00  7.749E+00  7.462E+00  7.178E+00  6.899E+00  6.593E+00  6.279E+00  5.970E+00  5.665E+00  5.365E+00  5.076E+00  4.768E+00  4.472E+00  4.171E+00  3.892E+00  3.614E+00  3.361E+00  3.096E+00  2.846E+00  2.622E+00  2.399E+00  2.174E+00  1.983E+00  1.803E+00  1.626E+00  1.466E+00  1.309E+00  1.175E+00  1.049E+00  9.331E-01  8.284E-01  7.223E-01  6.417E-01  5.630E-01  4.903E-01  4.295E-01  3.719E-01  3.188E-01  2.781E-01  2.369E-01  2.047E-01  1.735E-01  1.497E-01  1.260E-01  1.079E-01  9.070E-02  7.612E-02  6.421E-02  5.364E-02  4.467E-02  3.639E-02  3.147E-02  2.485E-02  2.159E-02  1.743E-02  1.524E-02  1.248E-02  9.677E-03  7.586E-03  6.566E-03  5.354E-03  4.109E-03  3.198E-03  2.945E-03  2.380E-03  1.942E-03  1.280E-03  1.242E-03  9.889E-04  9.873E-04  5.835E-04  4.673E-04  5.460E-04  3.338E-04  2.646E-04  1.002E-04  1.968E-04  1.217E-04  8.862E-05  1.314E-04  7.689E-05  1.132E-05  4.465E-05  4.373E-05  1.055E-05  3.173E-05  2.141E-05  3.166E-05  3.174E-05  0.000E+00  Z
 2.448E-04  6.694E-04  1.037E-03  8.739E-04  9.247E-04  9.758E-04  1.475E-03  1.433E-03  1.405E-03  1.859E-03  1.262E-03  2.022E-03  1.845E-03  2.444E-03  1.587E-03  2.954E-03  3.100E-03  3.361E-03  3.039E-03  3.739E-03  3.535E-03  4.541E-03  5.370E-03  6.642E-03  6.636E-03  9.355E-03  9.582E-03  1.150E-02  1.426E-02  1.818E-02  2.242E-02  2.697E-02  3.130E-02  3.702E-02  4.296E-02  5.039E-02  6.028E-02  6.924E-02  8.277E-02  9.595E-02  1.106E-01  1.278E-01  1.458E-01  1.665E-01  1.882E-01  2.102E-01  2.425E-01  2.719E-01  2.994E-01  3.405E-01  3.727E-01  4.150E-01  4.621E-01  5.065E-01  5.683E-01  6.128E-01  6.668E-01  7.334E-01  8.024E-01  8.654E-01  9.401E-01  1.014E+00  1.097E+00  1.174E+00  1.268E+00  1.353E+00  1.434E+00  1.541E+00  1.636E+00  1.749E+00  1.846E+00  1.969E+00  2.097E+00  2.203E+00  2.330E+00  2.451E+00  2.580E+00  2.723E+00  2.853E+00  2.999E+00  3.131E+00  3.280E+00  3.427E+00  3.581E+00  3.732E+00  3.900E+00  4.042E+00  4.224E+00  4.355E+00  4.541E+00  4.717E+00  4.895E+00  5.067E+00  5.251E+00  5.442E+00  5.616E+00  5.807E+00  5.973E+00  6.163E+00  6.341E+00  6.565E+00  6.730E+00  6.942E+00  7.160E+00  7.352E+00  7.550E+00  7.730E+00  7.926E+00  8.116E+00  8.316E+00  8.501E+00  8.698E+00  8.884E+00  9.050E+00  9.224E+00  9.401E+00  9.578E+00  9.760E+00  9.915E+00  1.003E+01  1.021E+01  1.035E+01  1.046E+01  1.059E+01  1.067E+01  1.077E+01  1.087E+01  1.094E+01  1.100E+01  1.105E+01  1.107E+01  1.109E+01  1.109E+01  1.107E+01  1.102E+01  1.095E+01  1.088E+01  1.077E+01  1.063E+01  1.051E+01  1.035E+01  1.018E+01  9.983E+00  9.761E+00  9.525E+00  9.259E+00  9.010E+00  8.727E+00  8.429E+00  8.118E+00  7.817E+00  7.486E+00  7.183E+00  6.826E+00  6.505E+00  6.179E+00  5.847E+00  5.501E+00  5.184E+00  4.851E+00  4.534E+00  4.243E+00  3.931E+00  3.645E+00  3.359E+00  3.092E+00  2.845E+00  2.614E+00  2.384E+00  2.162E+00  1.949E+00  1.764E+00  1.596E+00  1.430E+00  1.277E+00  1.145E+00  1.013E+00  9.006E-01  7.909E-01  6.975E-01  6.128E-01  5.361E-01  4.635E-01  4.074E-01  3.473E-01  3.009E-01  2.639E-01  2.235E-01  1.893E-01  1.627E-01  1.392E-01  1.177E-01  9.886E-02  8.512E-02  6.990E-02  5.919E-02  4.995E-02  4.081E-02  3.490E-02  2.905E-02  2.330E-02  2.030E-02  1.699E-02  1.291E-02  1.005E-02  9.344E-03  8.012E-03  6.075E-03  4.870E-03  3.935E-03  3.259E-03  2.550E-03  2.052E-03  1.794E-03  1.214E-03  1.001E-03  1.017E-03  7.562E-04  6.189E-04  4.290E-04  2.997E-04  3.941E-04  2.420E-04  3.032E-04  9.784E-05  1.202E-04  5.478E-05  1.429E-04  9.596E-05  9.650E-05  7.593E-05  3.279E-05  3.218E-05  5.368E-05  2.162E-05  3.173E-05  1.043E-05  3.107E-05  1.078E-05  2.142E-05  3.189E-05  0.000E+00  Z
 7.366E-04  5.374E-04  1.451E-03  1.485E-03  6.927E-04  1.046E-03  1.477E-03  1.433E-03  1.460E-03  1.483E-03  1.615E-03  1.544E-03  1.805E-03  1.733E-03  2.231E-03  2.077E-03  2.053E-03  2.458E-03  2.926E-03  3.667E-03  3.578E-03  4.826E-03  5.716E-03  5.798E-03  6.636E-03  8.470E-03  9.715E-03  1.190E-02  1.385E-02  1.678E-02  1.959E-02  2.410E-02  2.947E-02  3.561E-02  4.097E-02  4.717E-02  5.734E-02  6.577E-02  8.012E-02  8.949E-02  1.043E-01  1.190E-01  1.408E-01  1.580E-01  1.768E-01  2.041E-01  2.299E-01  2.566E-01  2.922E-01  3.282E-01  3.582E-01  4.023E-01  4.436E-01  4.915E-01  5.503E-01  5.963E-01  6.482E-01  7.078E-01  7.731E-01  8.412E-01  9.020E-01  9.779E-01  1.055E+00  1.141E+00  1.225E+00  1.316E+00  1.418E+00  1.505E+00  1.608E+00  1.706E+00  1.812E+00  1.924E+00  2.029E+00  2.158E+00  2.285E+00  2.402E+00  2.536E+00  2.684E+00  2.804E+00  2.948E+00  3.099E+00  3.227E+00  3.385E+00  3.543E+00  3.696E+00  3.874E+00  4.023E+00  4.187E+00  4.361E+00  4.546E+00  4.724E+00  4.884E+00  5.062E+00  5.256E+00  5.455E+00  5.650E+00  5.827E+00  6.054E+00  6.234E+00  6.438E+00  6.649E+00  6.848E+00  7.070E+00  7.263E+00  7.459E+00  7.687E+00  7.902E+00  8.128E+00  8.347E+00  8.540E+00  8.754E+00  8.974E+00  9.161E+00  9.393E+00  9.606E+00  9.784E+00  1.000E+01  1.020E+01  1.037E+01  1.058E+01  1.075E+01  1.091E+01  1.106E+01  1.122E+01  1.139E+01  1.153E+01  1.165E+01  1.178E+01  1.188E+01  1.197E+01  1.207E+01  1.213E+01  1.218E+01  1.221E+01  1.223E+01  1.223E+01  1.222E+01  1.220E+01  1.212E+01  1.206E+01  1.199E+01  1.187E+01  1.172E+01  1.157E+01  1.138E+01  1.119E+01  1.096E+01  1.072E+01  1.047E+01  1.020E+01  9.876E+00  9.595E+00  9.261E+00  8.944E+00  8.566E+00  8.250E+00  7.887E+00  7.517E+00  7.169E+00  6.779E+00  6.421E+00  6.059E+00  5.716E+00  5.342E+00  5.007E+00  4.682E+00  4.343E+00  4.035E+00  3.726E+00  3.444E+00  3.162E+00  2.890E+00  2.641E+00  2.405E+00  2.182E+00  1.971E+00  1.774E+00  1.602E+00  1.430E+00  1.272E+00  1.129E+00  1.002E+00  8.868E-01  7.803E-01  6.849E-01  6.005E-01  5.204E-01  4.550E-01  3.964E-01  3.406E-01  2.955E-01  2.530E-01  2.157E-01  1.857E-01  1.570E-01  1.333E-01  1.123E-01  9.398E-02  8.071E-02  6.751E-02  5.524E-02  4.756E-02  3.853E-02  3.391E-02  2.799E-02  2.275E-02  1.920E-02  1.572E-02  1.303E-02  1.082E-02  8.332E-03  7.549E-03  5.811E-03  4.727E-03  3.710E-03  3.170E-03  2.420E-03  2.100E-03  1.445E-03  1.185E-03  1.157E-03  7.874E-04  8.143E-04  5.154E-04  2.849E-04  2.832E-04  3.014E-04  2.275E-04  2.280E-04  1.613E-04  7.613E-05  7.394E-05  6.481E-05  4.268E-05  2.152E-05  9.709E-05  3.225E-05  2.195E-05  1.084E-05  1.055E-05  0.000E+00  Z
 2.456E-04  1.208E-03  7.247E-04  7.865E-04  1.001E-03  8.371E-04  1.667E-03  1.670E-03  2.188E-03  1.698E-03  2.119E-03  1.782E-03  1.989E-03  2.182E-03  2.104E-03  2.364E-03  3.502E-03  3.126E-03  2.928E-03  3.444E-03  4.293E-03  4.337E-03  5.204E-03  6.505E-03  6.305E-03  8.063E-03  9.232E-03  1.188E-02  1.390E-02  1.571E-02  1.955E-02  2.565E-02  2.886E-02  3.514E-02  4.024E-02  4.766E-02  5.041E-02  6.564E-02  7.371E-02  8.659E-02  9.914E-02  1.147E-01  1.310E-01  1.503E-01  1.699E-01  1.940E-01  2.219E-01  2.445E-01  2.839E-01  3.124E-01  3.444E-01  3.831E-01  4.279E-01  4.727E-01  5.190E-01  5.688E-01  6.297E-01  6.850E-01  7.393E-01  8.007E-01  8.763E-01  9.487E-01  1.027E+00  1.103E+00  1.181E+00  1.273E+00  1.356E+00  1.460E+00  1.567E+00  1.674E+00  1.762E+00  1.890E+00  2.000E+00  2.116E+00  2.228E+00  2.360E+00  2.483E+00  2.637E+00  2.774E+00  2.904E+00  3.060E+00  3.180E+00  3.359E+00  3.496E+00  3.666E+00  3.832E+00  4.002E+00  4.174E+00  4.339E+00  4.529E+00  4.706E+00  4.882E+00  5.072E+00  5.286E+00  5.468E+00  5.666E+00  5.878E+00  6.087E+00  6.295E+00  6.518E+00  6.726E+00  6.956E+00  7.176E+00  7.387E+00  7.633E+00  7.850E+00  8.113E+00  8.346E+00  8.559E+00  8.789E+00  9.015E+00  9.255E+00  9.526E+00  9.743E+00  9.951E+00  1.019E+01  1.043E+01  1.069E+01  1.086E+01  1.110E+01  1.133E+01  1.155E+01  1.173E+01  1.194E+01  1.214E+01  1.232E+01  1.251E+01  1.266E+01  1.283E+01  1.297E+01  1.310E+01  1.324E+01  1.335E+01  1.344E+01  1.354E+01  1.359E+01  1.364E+01  1.367E+01  1.372E+01  1.367E+01  1.366E+01  1.363E+01  1.356E+01  1.348E+01  1.340E+01  1.328E+01  1.312E+01  1.295E+01  1.273E+01  1.253E+01  1.230E+01  1.205E+01  1.175E+01  1.146E+01  1.115E+01  1.082E+01  1.045E+01  1.011E+01  9.730E+00  9.349E+00  8.929E+00  8.562E+00  8.164E+00  7.744E+00  7.343E+00  6.956E+00  6.555E+00  6.166E+00  5.754E+00  5.377E+00  5.030E+00  4.666E+00  4.324E+00  3.996E+00  3.675E+00  3.376E+00  3.087E+00  2.803E+00  2.562E+00  2.326E+00  2.087E+00  1.881E+00  1.686E+00  1.509E+00  1.358E+00  1.201E+00  1.064E+00  9.327E-01  8.283E-01  7.296E-01  6.393E-01  5.516E-01  4.839E-01  4.156E-01  3.610E-01  3.156E-01  2.692E-01  2.287E-01  1.942E-01  1.665E-01  1.426E-01  1.209E-01  1.003E-01  8.613E-02  7.210E-02  6.077E-02  5.056E-02  4.285E-02  3.462E-02  2.898E-02  2.374E-02  1.999E-02  1.649E-02  1.356E-02  1.115E-02  8.808E-03  7.270E-03  6.118E-03  5.171E-03  3.808E-03  3.370E-03  2.797E-03  2.371E-03  1.652E-03  1.386E-03  1.147E-03  8.156E-04  8.148E-04  5.926E-04  4.004E-04  3.884E-04  2.359E-04  2.466E-04  1.920E-04  1.389E-04  1.936E-04  1.165E-04  1.383E-04  9.584E-05  5.380E-05  4.330E-05  6.399E-05  3.147E-05  3.135E-05  2.089E-05  2.090E-05  3.070E-05  9.990E-06  7.285E-05  Z
 9.811E-04  1.343E-03  1.347E-03  6.132E-04  1.309E-03  1.186E-03  1.540E-03  1.137E-03  1.346E-03  1.220E-03  2.171E-03  2.800E-03  2.312E-03  2.585E-03  2.493E-03  2.411E-03  2.574E-03  2.384E-03  3.419E-03  4.072E-03  3.755E-03  4.548E-03  5.271E-03  6.141E-03  5.744E-03  7.929E-03  1.000E-02  1.110E-02  1.405E-02  1.649E-02  1.974E-02  2.362E-02  2.624E-02  3.092E-02  3.791E-02  4.507E-02  5.335E-02  6.109E-02  7.188E-02  8.201E-02  9.865E-02  1.078E-01  1.260E-01  1.477E-01  1.637E-01  1.844E-01  2.154E-01  2.427E-01  2.669E-01  3.038E-01  3.351E-01  3.721E-01  4.082E-01  4.679E-01  5.063E-01  5.581E-01  6.078E-01  6.582E-01  7.188E-01  7.858E-01  8.502E-01  9.306E-01  1.010E+00  1.082E+00  1.165E+00  1.250E+00  1.339E+00  1.426E+00  1.532E+00  1.634E+00  1.744E+00  1.853E+00  1.958E+00  2.094E+00  2.205E+00  2.332E+00  2.462E+00  2.586E+00  2.735E+00  2.870E+00  3.024E+00  3.156E+00  3.321E+00  3.484E+00  3.629E+00  3.807E+00  3.975E+00  4.136E+00  4.322E+00  4.510E+00  4.688E+00  4.887E+00  5.090E+00  5.281E+00  5.492E+00  5.681E+00  5.888E+00  6.102E+00  6.323E+00  6.535E+00  6.746E+00  7.002E+00  7.236E+00  7.467E+00  7.683E+00  7.944E+00  8.191E+00  8.439E+00  8.672E+00  8.954E+00  9.183E+00  9.469E+00  9.711E+00  9.950E+00  1.020E+01  1.042E+01  1.070E+01  1.098E+01  1.120E+01  1.144E+01  1.168E+01  1.193E+01  1.217E+01  1.240E+01  1.261E+01  1.282E+01  1.306E+01  1.324E+01  1.344E+01  1.360E+01  1.380E+01  1.395E+01  1.411E+01  1.426E+01  1.438E+01  1.448E+01  1.457E+01  1.467E+01  1.471E+01  1.475E+01  1.479E+01  1.481E+01  1.481E+01  1.476E+01  1.472E+01  1.462E+01  1.457E+01  1.444E+01  1.430E+01  1.414E+01  1.396E+01  1.375E+01  1.350E+01  1.327E+01  1.298E+01  1.269E+01  1.239E+01  1.203E+01  1.165E+01  1.130E+01  1.093E+01  1.051E+01  1.013E+01  9.696E+00  9.270E+00  8.850E+00  8.400E+00  7.970E+00  7.529E+00  7.117E+00  6.694E+00  6.283E+00  5.866E+00  5.471E+00  5.097E+00  4.719E+00  4.361E+00  4.023E+00  3.694E+00  3.379E+00  3.092E+00  2.811E+00  2.544E+00  2.299E+00  2.072E+00  1.859E+00  1.674E+00  1.491E+00  1.328E+00  1.175E+00  1.042E+00  9.169E-01  8.060E-01  7.039E-01  6.130E-01  5.362E-01  4.623E-01  4.051E-01  3.455E-01  2.975E-01  2.539E-01  2.187E-01  1.846E-01  1.603E-01  1.352E-01  1.134E-01  9.735E-02  8.124E-02  6.781E-02  5.587E-02  4.750E-02  3.994E-02  3.508E-02  2.856E-02  2.404E-02  1.826E-02  1.593E-02  1.321E-02  1.052E-02  9.018E-03  6.788E-03  5.546E-03  4.401E-03  4.009E-03  2.844E-03  2.591E-03  2.107E-03  1.824E-03  1.281E-03  9.452E-04  8.601E-04  6.025E-04  5.851E-04  5.231E-04  3.966E-04  3.299E-04  2.438E-04  2.131E-04  1.359E-04  1.145E-04  9.692E-05  8.462E-05  3.206E-05  7.403E-05  3.120E-05  2.068E-05  5.301E-05  3.078E-05  1.198E-04  Z
 4.904E-04  8.060E-04  8.263E-04  1.050E-03  1.852E-03  1.673E-03  1.925E-03  1.731E-03  1.908E-03  1.220E-03  2.270E-03  2.123E-03  2.493E-03  1.958E-03  2.323E-03  3.241E-03  2.975E-03  3.517E-03  3.304E-03  3.225E-03  4.152E-03  5.035E-03  5.067E-03  6.304E-03  7.102E-03  7.899E-03  8.732E-03  1.131E-02  1.270E-02  1.507E-02  1.693E-02  2.211E-02  2.509E-02  2.967E-02  3.752E-02  4.145E-02  4.969E-02  5.849E-02  6.953E-02  7.780E-02  8.985E-02  1.040E-01  1.195E-01  1.385E-01  1.605E-01  1.787E-01  2.066E-01  2.294E-01  2.549E-01  2.897E-01  3.212E-01  3.578E-01  3.987E-01  4.435E-01  4.853E-01  5.339E-01  5.874E-01  6.419E-01  7.023E-01  7.661E-01  8.239E-01  9.008E-01  9.719E-01  1.051E+00  1.128E+00  1.219E+00  1.304E+00  1.400E+00  1.492E+00  1.599E+00  1.702E+00  1.814E+00  1.926E+00  2.055E+00  2.157E+00  2.288E+00  2.414E+00  2.558E+00  2.684E+00  2.832E+00  2.980E+00  3.130E+00  3.283E+00  3.447E+00  3.608E+00  3.779E+00  3.937E+00  4.112E+00  4.298E+00  4.501E+00  4.675E+00  4.872E+00  5.068E+00  5.301E+00  5.466E+00  5.693E+00  5.902E+00  6.137E+00  6.367E+00  6.602E+00  6.823E+00  7.048E+00  7.301E+00  7.583E+00  7.832E+00  8.089E+00  8.342E+00  8.615E+00  8.862E+00  9.148E+00  9.400E+00  9.698E+00  9.973E+00  1.023E+01  1.052E+01  1.080E+01  1.111E+01  1.137E+01  1.166E+01  1.193E+01  1.223E+01  1.248E+01  1.274E+01  1.304E+01  1.331E+01  1.355E+01  1.381E+01  1.403E+01  1.430E+01  1.453E+01  1.474E+01  1.495E+01  1.516E+01  1.537E+01  1.552E+01  1.571E+01  1.587E+01  1.599E+01  1.613E+01  1.623E+01  1.631E+01  1.641E+01  1.647E+01  1.654E+01  1.652E+01  1.655E+01  1.653E+01  1.646E+01  1.641E+01  1.632E+01  1.623E+01  1.610E+01  1.597E+01  1.577E+01  1.558E+01  1.531E+01  1.507E+01  1.477E+01  1.446E+01  1.419E+01  1.381E+01  1.343E+01  1.308E+01  1.266E+01  1.225E+01  1.180E+01  1.137E+01  1.091E+01  1.046E+01  9.953E+00  9.492E+00  8.981E+00  8.556E+00  8.068E+00  7.604E+00  7.157E+00  6.696E+00  6.251E+00  5.829E+00  5.401E+00  4.989E+00  4.617E+00  4.245E+00  3.896E+00  3.564E+00  3.256E+00  2.954E+00  2.674E+00  2.424E+00  2.170E+00  1.953E+00  1.742E+00  1.555E+00  1.382E+00  1.234E+00  1.089E+00  9.573E-01  8.335E-01  7.361E-01  6.396E-01  5.594E-01  4.818E-01  4.179E-01  3.590E-01  3.101E-01  2.654E-01  2.249E-01  1.955E-01  1.632E-01  1.398E-01  1.169E-01  9.943E-02  8.307E-02  7.016E-02  5.874E-02  4.907E-02  4.100E-02  3.457E-02  2.804E-02  2.400E-02  1.877E-02  1.590E-02  1.347E-02  1.134E-02  9.066E-03  7.056E-03  5.817E-03  4.863E-03  3.818E-03  3.262E-03  2.518E-03  2.282E-03  1.718E-03  1.622E-03  9.597E-04  8.776E-04  5.986E-04  4.887E-04  4.475E-04  4.138E-04  3.045E-04  2.424E-04  2.199E-04  2.079E-04  1.581E-04  1.662E-04  5.133E-05  8.398E-05  2.559E-04  Z
 1.227E-03  2.684E-04  5.176E-04  1.137E-03  1.543E-03  1.885E-03  1.728E-03  1.972E-03  1.684E-03  2.014E-03  1.918E-03  2.308E-03  2.821E-03  2.313E-03  2.362E-03  2.078E-03  2.333E-03  3.206E-03  3.538E-03  3.182E-03  4.551E-03  4.623E-03  4.515E-03  6.137E-03  6.728E-03  7.928E-03  9.492E-03  1.090E-02  1.306E-02  1.490E-02  1.702E-02  2.237E-02  2.458E-02  2.894E-02  3.475E-02  4.235E-02  4.772E-02  5.715E-02  6.644E-02  7.721E-02  8.879E-02  1.035E-01  1.177E-01  1.332E-01  1.540E-01  1.745E-01  1.975E-01  2.217E-01  2.530E-01  2.809E-01  3.159E-01  3.558E-01  3.927E-01  4.307E-01  4.744E-01  5.295E-01  5.698E-01  6.214E-01  6.846E-01  7.419E-01  8.130E-01  8.832E-01  9.516E-01  1.027E+00  1.115E+00  1.198E+00  1.280E+00  1.377E+00  1.471E+00  1.564E+00  1.679E+00  1.776E+00  1.899E+00  2.014E+00  2.140E+00  2.258E+00  2.382E+00  2.535E+00  2.657E+00  2.801E+00  2.942E+00  3.092E+00  3.267E+00  3.409E+00  3.567E+00  3.744E+00  3.940E+00  4.108E+00  4.274E+00  4.473E+00  4.653E+00  4.850E+00  5.054E+00  5.263E+00  5.489E+00  5.686E+00  5.904E+00  6.144E+00  6.374E+00  6.606E+00  6.869E+00  7.100E+00  7.372E+00  7.633E+00  7.895E+00  8.142E+00  8.423E+00  8.684E+00  8.992E+00  9.272E+00  9.546E+00  9.854E+00  1.013E+01  1.045E+01  1.073E+01  1.103E+01  1.133E+01  1.164E+01  1.195E+01  1.223E+01  1.256E+01  1.286E+01  1.312E+01  1.343E+01  1.373E+01  1.403E+01  1.431E+01  1.458E+01  1.486E+01  1.510E+01  1.538E+01  1.564E+01  1.589E+01  1.609E+01  1.630E+01  1.651E+01  1.673E+01  1.690E+01  1.708E+01  1.726E+01  1.737E+01  1.753E+01  1.765E+01  1.769E+01  1.775E+01  1.783E+01  1.786E+01  1.787E+01  1.786E+01  1.783E+01  1.778E+01  1.770E+01  1.760E+01  1.744E+01  1.733E+01  1.714E+01  1.695E+01  1.671E+01  1.648E+01  1.621E+01  1.592E+01  1.561E+01  1.523E+01  1.486E+01  1.449E+01  1.407E+01  1.361E+01  1.316E+01  1.268E+01  1.222E+01  1.173E+01  1.124E+01  1.075E+01  1.022E+01  9.720E+00  9.221E+00  8.708E+00  8.195E+00  7.706E+00  7.210E+00  6.747E+00  6.296E+00  5.856E+00  5.408E+00  5.000E+00  4.605E+00  4.224E+00  3.870E+00  3.530E+00  3.205E+00  2.907E+00  2.641E+00  2.371E+00  2.131E+00  1.907E+00  1.707E+00  1.512E+00  1.339E+00  1.182E+00  1.047E+00  9.218E-01  8.033E-01  7.066E-01  6.118E-01  5.324E-01  4.583E-01  3.960E-01  3.419E-01  2.926E-01  2.500E-01  2.124E-01  1.824E-01  1.554E-01  1.326E-01  1.105E-01  9.340E-02  7.667E-02  6.619E-02  5.521E-02  4.729E-02  3.816E-02  3.186E-02  2.621E-02  2.195E-02  1.837E-02  1.511E-02  1.207E-02  1.054E-02  8.297E-03  6.471E-03  5.630E-03  4.276E-03  3.572E-03  3.104E-03  2.598E-03  2.117E-03  1.617E-03  1.416E-03  1.127E-03  8.669E-04  6.771E-04  6.738E-04  3.985E-04  3.462E-04  3.269E-04  2.930E-04  1.971E-04  1.867E-04  4.568E-04  Z
 1.226E-03  9.374E-04  1.241E-03  1.751E-03  1.619E-03  1.395E-03  1.348E-03  1.730E-03  1.854E-03  2.174E-03  2.823E-03  2.652E-03  2.776E-03  2.492E-03  2.746E-03  3.116E-03  2.813E-03  3.088E-03  3.119E-03  3.818E-03  3.828E-03  4.375E-03  4.722E-03  5.661E-03  7.032E-03  7.192E-03  8.860E-03  1.060E-02  1.253E-02  1.607E-02  1.757E-02  2.112E-02  2.328E-02  2.877E-02  3.473E-02  3.957E-02  4.678E-02  5.339E-02  6.372E-02  7.194E-02  8.363E-02  9.594E-02  1.130E-01  1.272E-01  1.479E-01  1.662E-01  1.890E-01  2.147E-01  2.378E-01  2.728E-01  2.988E-01  3.351E-01  3.744E-01  4.143E-01  4.552E-01  5.017E-01  5.603E-01  6.006E-01  6.595E-01  7.194E-01  7.882E-01  8.606E-01  9.216E-01  1.001E+00  1.074E+00  1.156E+00  1.243E+00  1.337E+00  1.437E+00  1.539E+00  1.634E+00  1.748E+00  1.859E+00  1.980E+00  2.092E+00  2.211E+00  2.355E+00  2.480E+00  2.623E+00  2.759E+00  2.908E+00  3.073E+00  3.207E+00  3.380E+00  3.531E+00  3.705E+00  3.883E+00  4.067E+00  4.256E+00  4.433E+00  4.643E+00  4.821E+00  5.054E+00  5.258E+00  5.462E+00  5.717E+00  5.909E+00  6.163E+00  6.400E+00  6.676E+00  6.907E+00  7.155E+00  7.451E+00  7.702E+00  7.972E+00  8.258E+00  8.527E+00  8.818E+00  9.131E+00  9.435E+00  9.737E+00  1.005E+01  1.034E+01  1.067E+01  1.100E+01  1.133E+01  1.166E+01  1.197E+01  1.231E+01  1.263E+01  1.295E+01  1.332E+01  1.367E+01  1.400E+01  1.431E+01  1.464E+01  1.496E+01  1.529E+01  1.561E+01  1.591E+01  1.623E+01  1.653E+01  1.680E+01  1.712E+01  1.741E+01  1.766E+01  1.787E+01  1.816E+01  1.840E+01  1.860E+01  1.880E+01  1.899E+01  1.917E+01  1.931E+01  1.946E+01  1.958E+01  1.968E+01  1.975E+01  1.984E+01  1.986E+01  1.989E+01  1.992E+01  1.988E+01  1.981E+01  1.976E+01  1.967E+01  1.955E+01  1.940E+01  1.922E+01  1.904E+01  1.877E+01  1.856E+01  1.828E+01  1.795E+01  1.766E+01  1.729E+01  1.691E+01  1.649E+01  1.606E+01  1.560E+01  1.511E+01  1.465E+01  1.412E+01  1.361E+01  1.309E+01  1.255E+01  1.201E+01  1.143E+01  1.088E+01  1.031E+01  9.765E+00  9.194E+00  8.666E+00  8.121E+00  7.610E+00  7.096E+00  6.617E+00  6.119E+00  5.655E+00  5.219E+00  4.816E+00  4.397E+00  4.032E+00  3.666E+00  3.331E+00  3.022E+00  2.724E+00  2.454E+00  2.189E+00  1.969E+00  1.748E+00  1.554E+00  1.377E+00  1.215E+00  1.072E+00  9.343E-01  8.118E-01  7.165E-01  6.220E-01  5.432E-01  4.712E-01  3.992E-01  3.482E-01  2.970E-01  2.523E-01  2.180E-01  1.813E-01  1.557E-01  1.315E-01  1.104E-01  9.233E-02  7.972E-02  6.549E-02  5.484E-02  4.781E-02  3.909E-02  3.142E-02  2.700E-02  2.195E-02  1.851E-02  1.463E-02  1.279E-02  1.069E-02  8.340E-03  6.865E-03  5.241E-03  4.371E-03  3.588E-03  3.284E-03  2.198E-03  1.938E-03  1.637E-03  1.092E-03  1.178E-03  8.991E-04  8.379E-04  6.030E-04  4.571E-04  1.390E-03  Z
 7.353E-04  1.073E-03  1.449E-03  1.487E-03  8.484E-04  1.325E-03  1.602E-03  2.032E-03  1.905E-03  1.964E-03  2.420E-03  2.266E-03  2.407E-03  3.602E-03  2.620E-03  3.120E-03  3.621E-03  3.671E-03  3.805E-03  3.780E-03  5.017E-03  5.179E-03  5.445E-03  7.314E-03  6.604E-03  8.123E-03  8.955E-03  9.743E-03  1.148E-02  1.459E-02  1.696E-02  1.931E-02  2.280E-02  2.836E-02  3.266E-02  3.785E-02  4.356E-02  5.299E-02  6.009E-02  6.718E-02  8.001E-02  9.340E-02  1.066E-01  1.221E-01  1.358E-01  1.587E-01  1.806E-01  2.048E-01  2.275E-01  2.571E-01  2.899E-01  3.213E-01  3.519E-01  3.980E-01  4.333E-01  4.852E-01  5.354E-01  5.853E-01  6.357E-01  7.100E-01  7.666E-01  8.311E-01  9.009E-01  9.643E-01  1.050E+00  1.134E+00  1.215E+00  1.303E+00  1.398E+00  1.497E+00  1.601E+00  1.701E+00  1.806E+00  1.935E+00  2.047E+00  2.177E+00  2.305E+00  2.422E+00  2.564E+00  2.707E+00  2.860E+00  3.008E+00  3.173E+00  3.326E+00  3.495E+00  3.666E+00  3.838E+00  4.014E+00  4.234E+00  4.405E+00  4.618E+00  4.807E+00  5.030E+00  5.249E+00  5.481E+00  5.687E+00  5.958E+00  6.171E+00  6.443E+00  6.684E+00  6.956E+00  7.213E+00  7.499E+00  7.775E+00  8.065E+00  8.355E+00  8.663E+00  8.991E+00  9.295E+00  9.624E+00  9.957E+00  1.026E+01  1.061E+01  1.096E+01  1.131E+01  1.165E+01  1.201E+01  1.238E+01  1.276E+01  1.310E+01  1.349E+01  1.385E+01  1.424E+01  1.462E+01  1.500E+01  1.538E+01  1.575E+01  1.610E+01  1.650E+01  1.687E+01  1.720E+01  1.758E+01  1.793E+01  1.827E+01  1.863E+01  1.898E+01  1.930E+01  1.961E+01  1.992E+01  2.022E+01  2.049E+01  2.078E+01  2.099E+01  2.127E+01  2.152E+01  2.174E+01  2.193E+01  2.211E+01  2.227E+01  2.237E+01  2.247E+01  2.262E+01  2.267E+01  2.271E+01  2.276E+01  2.278E+01  2.273E+01  2.270E+01  2.260E+01  2.254E+01  2.239E+01  2.223E+01  2.205E+01  2.185E+01  2.161E+01  2.133E+01  2.106E+01  2.073E+01  2.040E+01  2.000E+01  1.959E+01  1.917E+01  1.869E+01  1.825E+01  1.773E+01  1.721E+01  1.665E+01  1.609E+01  1.551E+01  1.488E+01  1.431E+01  1.368E+01  1.308E+01  1.243E+01  1.185E+01  1.120E+01  1.057E+01  9.966E+00  9.361E+00  8.782E+00  8.208E+00  7.623E+00  7.097E+00  6.578E+00  6.067E+00  5.591E+00  5.145E+00  4.702E+00  4.280E+00  3.902E+00  3.538E+00  3.195E+00  2.887E+00  2.600E+00  2.319E+00  2.076E+00  1.848E+00  1.643E+00  1.446E+00  1.271E+00  1.126E+00  9.851E-01  8.604E-01  7.588E-01  6.577E-01  5.675E-01  4.889E-01  4.203E-01  3.623E-01  3.101E-01  2.657E-01  2.278E-01  1.929E-01  1.632E-01  1.403E-01  1.153E-01  9.805E-02  8.334E-02  6.988E-02  5.864E-02  5.002E-02  4.083E-02  3.385E-02  2.778E-02  2.309E-02  1.862E-02  1.551E-02  1.301E-02  1.033E-02  8.656E-03  7.531E-03  5.976E-03  4.999E-03  3.797E-03  3.153E-03  2.554E-03  2.065E-03  1.882E-03  5.225E-03  Z
