gamma
Z
Z
Z
Z
Z
Z
Z
Z
Z
 0.000E+00  0.000E+00  0.000E+00  0.000E+00  0.000E+00  0.000E+00  0.000E+00  5.989E-05  0.000E+00  0.000E+00  0.000E+00  0.000E+00  0.000E+00  1.331E-04  8.512E-05  2.078E-04  2.414E-04  3.120E-04  4.165E-04  5.929E-04  8.298E-04  8.124E-04  1.618E-03  2.189E-03  2.741E-03  3.491E-03  4.381E-03  6.487E-03  6.862E-03  8.936E-03  1.231E-02  1.461E-02  1.917E-02  2.482E-02  3.131E-02  3.989E-02  5.190E-02  6.380E-02  8.169E-02  9.899E-02  1.205E-01  1.445E-01  1.758E-01  2.112E-01  2.480E-01  2.999E-01  3.464E-01  4.004E-01  4.677E-01  5.304E-01  6.019E-01  6.855E-01  7.700E-01  8.683E-01  9.684E-01  1.070E+00  1.184E+00  1.307E+00  1.429E+00  1.562E+00  1.700E+00  1.851E+00  1.980E+00  2.133E+00  2.348E+00  3.340E+00  4.385E+00  4.478E+00  4.550E+00  4.603E+00  4.647E+00  4.685E+00  4.737E+00  4.775E+00  4.782E+00  4.821E+00  4.822E+00  4.851E+00  4.838E+00  4.846E+00  4.811E+00  4.791E+00  4.754E+00  4.710E+00  4.666E+00  4.610E+00  4.540E+00  4.438E+00  4.370E+00  4.259E+00  4.180E+00  4.068E+00  3.949E+00  3.831E+00  3.698E+00  3.563E+00  3.412E+00  3.283E+00  3.125E+00  2.984E+00  2.825E+00  2.680E+00  2.528E+00  2.382E+00  2.232E+00  2.101E+00  1.945E+00  1.811E+00  1.674E+00  1.538E+00  1.414E+00  1.304E+00  1.185E+00  1.078E+00  9.830E-01  8.888E-01  7.920E-01  7.194E-01  6.361E-01  5.728E-01  5.029E-01  4.454E-01  3.928E-01  3.501E-01  3.048E-01  2.662E-01  2.307E-01  2.029E-01  1.761E-01  1.511E-01  1.261E-01  1.105E-01  9.454E-02  8.232E-02  7.102E-02  5.306E-02  2.478E-02  2.038E-02  1.521E-02  1.197E-02  8.141E-03  6.909E-03  5.313E-03  3.144E-03  2.415E-03  1.577E-03  1.203E-03  8.246E-04  5.504E-04  4.414E-04  2.546E-04  1.468E-04  6.623E-05  5.369E-05  5.233E-05  2.637E-05  9.156E-05  5.187E-05  1.271E-05  1.290E-05  2.583E-05  1.292E-05  1.310E-05  0.000E+00  Z
 0.000E+00  0.000E+00  0.000E+00  0.000E+00  0.000E+00  0.000E+00  0.000E+00  0.000E+00  5.572E-05  0.000E+00  1.510E-04  9.612E-05  1.383E-04  1.332E-04  2.995E-04  2.496E-04  2.017E-04  3.917E-04  5.706E-04  7.036E-04  1.263E-03  1.413E-03  2.512E-03  3.537E-03  3.034E-03  4.693E-03  6.812E-03  8.723E-03  1.074E-02  1.266E-02  1.634E-02  1.871E-02  2.284E-02  2.886E-02  3.345E-02  3.954E-02  4.689E-02  5.387E-02  6.632E-02  7.580E-02  8.799E-02  1.022E-01  1.159E-01  1.348E-01  1.536E-01  1.795E-01  2.061E-01  2.355E-01  2.675E-01  3.022E-01  3.408E-01  3.873E-01  4.363E-01  4.885E-01  5.536E-01  6.176E-01  6.842E-01  7.657E-01  8.502E-01  9.460E-01  1.043E+00  1.156E+00  1.272E+00  1.391E+00  1.519E+00  1.655E+00  1.790E+00  1.953E+00  2.112E+00  2.267E+00  2.440E+00  2.609E+00  2.805E+00  2.976E+00  3.172E+00  3.356E+00  3.545E+00  3.720E+00  3.911E+00  4.083E+00  4.274E+00  4.447E+00  4.598E+00  4.753E+00  4.911E+00  5.046E+00  5.201E+00  5.320E+00  5.412E+00  5.507E+00  5.572E+00  5.648E+00  5.693E+00  5.746E+00  5.747E+00  5.752E+00  5.732E+00  5.704E+00  5.629E+00  5.558E+00  5.456E+00  5.541E+00  5.872E+00  5.980E+00  5.940E+00  5.818E+00  5.631E+00  5.414E+00  5.189E+00  4.943E+00  4.678E+00  4.433E+00  4.187E+00  3.937E+00  3.675E+00  3.449E+00  3.206E+00  2.992E+00  2.774E+00  2.552E+00  2.351E+00  2.167E+00  1.978E+00  1.805E+00  1.645E+00  1.493E+00  1.338E+00  1.211E+00  1.078E+00  9.683E-01  8.556E-01  7.567E-01  6.612E-01  5.812E-01  5.005E-01  4.191E-01  3.397E-01  2.512E-01  1.815E-01  1.527E-01  1.246E-01  1.055E-01  8.816E-02  7.145E-02  5.941E-02  4.836E-02  3.867E-02  3.159E-02  2.387E-02  1.923E-02  1.577E-02  1.240E-02  9.297E-03  7.199E-03  5.114E-03  4.015E-03  2.839E-03  2.402E-03  1.779E-03  1.113E-03  8.942E-04  7.218E-04  4.998E-04  4.889E-04  2.928E-04  1.662E-04  2.506E-05  1.143E-04  8.931E-05  3.734E-05  1.227E-05  1.257E-05  2.551E-05  2.555E-05  2.453E-05  0.000E+00  Z
 0.000E+00  0.000E+00  0.000E+00  0.000E+00  0.000E+00  0.000E+00  3.198E-04  0.000E+00  2.806E-04  3.710E-04  3.032E-04  4.343E-04  6.476E-04  4.904E-04  5.595E-04  5.817E-04  6.044E-04  8.201E-04  7.590E-04  1.037E-03  1.626E-03  2.043E-03  2.097E-03  3.202E-03  3.337E-03  3.883E-03  4.860E-03  6.607E-03  8.440E-03  9.864E-03  1.285E-02  1.547E-02  1.706E-02  2.191E-02  2.602E-02  3.266E-02  3.714E-02  4.462E-02  5.257E-02  6.234E-02  7.141E-02  8.278E-02  9.048E-02  1.082E-01  1.287E-01  1.434E-01  1.639E-01  1.888E-01  2.173E-01  2.438E-01  2.798E-01  3.150E-01  3.587E-01  3.998E-01  4.499E-01  5.058E-01  5.683E-01  6.269E-01  7.019E-01  7.835E-01  8.752E-01  9.680E-01  1.064E+00  1.165E+00  1.279E+00  1.408E+00  1.532E+00  1.674E+00  1.814E+00  1.966E+00  2.124E+00  2.290E+00  2.467E+00  2.635E+00  2.825E+00  3.025E+00  3.217E+00  3.414E+00  3.614E+00  3.816E+00  4.024E+00  4.236E+00  4.447E+00  4.657E+00  4.878E+00  5.078E+00  5.273E+00  5.495E+00  5.676E+00  5.889E+00  6.042E+00  6.220E+00  6.373E+00  6.520E+00  6.643E+00  6.761E+00  6.873E+00  6.952E+00  7.017E+00  7.041E+00  7.126E+00  7.268E+00  7.440E+00  7.591E+00  7.659E+00  7.675E+00  7.587E+00  7.461E+00  7.347E+00  7.174E+00  6.963E+00  6.770E+00  6.574E+00  6.336E+00  6.107E+00  5.876E+00  5.637E+00  5.404E+00  5.147E+00  4.898E+00  4.680E+00  4.430E+00  4.171E+00  3.965E+00  3.731E+00  3.491E+00  3.288E+00  3.074E+00  2.869E+00  2.676E+00  2.476E+00  2.302E+00  2.118E+00  1.947E+00  1.788E+00  1.642E+00  1.510E+00  1.371E+00  1.250E+00  1.128E+00  1.030E+00  9.220E-01  8.303E-01  7.503E-01  6.656E-01  5.939E-01  5.297E-01  4.669E-01  4.134E-01  3.633E-01  3.142E-01  2.767E-01  2.436E-01  2.099E-01  1.802E-01  1.533E-01  1.310E-01  1.098E-01  9.178E-02  7.740E-02  6.173E-02  4.665E-02  3.533E-02  2.655E-02  2.263E-02  1.676E-02  1.337E-02  1.102E-02  9.216E-03  7.009E-03  5.711E-03  4.066E-03  3.180E-03  2.637E-03  2.028E-03  1.621E-03  1.107E-03  6.158E-04  6.611E-04  4.046E-04  3.318E-04  2.937E-04  2.655E-04  1.555E-04  7.212E-05  8.441E-05  3.551E-05  3.650E-05  1.145E-05  2.338E-05  4.651E-05  0.000E+00  Z
 0.000E+00  0.000E+00  3.110E-04  3.491E-04  2.313E-04  8.357E-04  5.769E-04  5.951E-04  9.544E-04  4.236E-04  4.035E-04  8.194E-04  5.563E-04  9.343E-04  5.160E-04  9.551E-04  9.629E-04  9.757E-04  1.480E-03  1.518E-03  1.987E-03  1.659E-03  1.828E-03  3.005E-03  3.410E-03  4.082E-03  5.209E-03  5.859E-03  7.377E-03  9.933E-03  1.036E-02  1.287E-02  1.489E-02  1.886E-02  2.267E-02  2.712E-02  3.367E-02  3.814E-02  4.372E-02  5.097E-02  6.043E-02  7.163E-02  8.230E-02  9.227E-02  1.088E-01  1.250E-01  1.428E-01  1.655E-01  1.904E-01  2.124E-01  2.396E-01  2.746E-01  3.168E-01  3.587E-01  3.962E-01  4.466E-01  5.005E-01  5.718E-01  6.349E-01  7.012E-01  7.767E-01  8.601E-01  9.659E-01  1.054E+00  1.167E+00  1.274E+00  1.388E+00  1.525E+00  1.652E+00  1.803E+00  1.952E+00  2.114E+00  2.278E+00  2.444E+00  2.626E+00  2.810E+00  3.009E+00  3.200E+00  3.396E+00  3.608E+00  3.816E+00  4.029E+00  4.252E+00  4.454E+00  4.691E+00  4.902E+00  5.155E+00  5.357E+00  5.576E+00  5.796E+00  6.007E+00  6.220E+00  6.419E+00  6.610E+00  6.786E+00  6.986E+00  7.155E+00  7.318E+00  7.460E+00  7.597E+00  7.737E+00  7.926E+00  8.195E+00  8.434E+00  8.643E+00  8.752E+00  8.792E+00  8.786E+00  8.801E+00  8.752E+00  8.667E+00  8.591E+00  8.449E+00  8.339E+00  8.208E+00  8.045E+00  7.867E+00  7.665E+00  7.496E+00  7.250E+00  7.048E+00  6.841E+00  6.604E+00  6.375E+00  6.149E+00  5.899E+00  5.652E+00  5.404E+00  5.152E+00  4.898E+00  4.654E+00  4.390E+00  4.155E+00  3.921E+00  3.680E+00  3.446E+00  3.232E+00  3.021E+00  2.793E+00  2.596E+00  2.415E+00  2.223E+00  2.038E+00  1.871E+00  1.715E+00  1.565E+00  1.416E+00  1.292E+00  1.165E+00  1.055E+00  9.473E-01  8.523E-01  7.672E-01  6.809E-01  6.066E-01  5.364E-01  4.735E-01  4.227E-01  3.699E-01  3.236E-01  2.834E-01  2.465E-01  2.101E-01  1.875E-01  1.599E-01  1.402E-01  1.195E-01  1.012E-01  8.708E-02  7.473E-02  6.399E-02  5.331E-02  4.488E-02  3.762E-02  3.152E-02  2.501E-02  2.077E-02  1.642E-02  1.292E-02  9.657E-03  7.190E-03  5.104E-03  4.411E-03  3.470E-03  2.665E-03  2.045E-03  1.633E-03  1.208E-03  9.550E-04  7.731E-04  5.236E-04  3.666E-04  3.414E-04  1.664E-04  2.572E-04  5.797E-05  5.763E-05  4.671E-05  1.497E-04  1.124E-05  3.479E-05  2.227E-05  4.549E-05  1.122E-05  0.000E+00  Z
 0.000E+00  2.677E-04  6.215E-04  1.745E-04  3.841E-04  4.172E-04  5.766E-04  7.782E-04  7.292E-04  9.016E-04  7.065E-04  5.293E-04  7.862E-04  9.356E-04  1.455E-03  9.980E-04  1.773E-03  1.484E-03  1.789E-03  1.889E-03  1.949E-03  2.219E-03  2.515E-03  2.964E-03  2.811E-03  3.656E-03  4.255E-03  5.765E-03  6.944E-03  9.152E-03  1.027E-02  1.188E-02  1.414E-02  1.804E-02  2.103E-02  2.474E-02  2.981E-02  3.764E-02  3.891E-02  4.593E-02  5.386E-02  6.571E-02  7.463E-02  8.837E-02  1.017E-01  1.123E-01  1.334E-01  1.533E-01  1.717E-01  1.977E-01  2.262E-01  2.498E-01  2.936E-01  3.313E-01  3.741E-01  4.186E-01  4.659E-01  5.309E-01  5.921E-01  6.459E-01  7.303E-01  8.064E-01  9.026E-01  9.995E-01  1.095E+00  1.212E+00  1.317E+00  1.449E+00  1.586E+00  1.710E+00  1.861E+00  2.025E+00  2.180E+00  2.345E+00  2.521E+00  2.704E+00  2.900E+00  3.076E+00  3.280E+00  3.499E+00  3.717E+00  3.912E+00  4.129E+00  4.355E+00  4.612E+00  4.830E+00  5.039E+00  5.269E+00  5.517E+00  5.722E+00  5.951E+00  6.185E+00  6.399E+00  6.608E+00  6.808E+00  7.016E+00  7.230E+00  7.420E+00  7.589E+00  7.734E+00  7.933E+00  8.170E+00  8.416E+00  8.684E+00  8.931E+00  9.109E+00  9.245E+00  9.324E+00  9.400E+00  9.422E+00  9.448E+00  9.421E+00  9.404E+00  9.343E+00  9.267E+00  9.216E+00  9.123E+00  9.013E+00  8.899E+00  8.753E+00  8.613E+00  8.473E+00  8.282E+00  8.102E+00  7.896E+00  7.690E+00  7.474E+00  7.253E+00  7.022E+00  6.779E+00  6.539E+00  6.279E+00  6.038E+00  5.760E+00  5.501E+00  5.252E+00  4.981E+00  4.728E+00  4.478E+00  4.199E+00  3.972E+00  3.717E+00  3.474E+00  3.240E+00  3.015E+00  2.781E+00  2.579E+00  2.379E+00  2.175E+00  2.002E+00  1.832E+00  1.676E+00  1.508E+00  1.371E+00  1.233E+00  1.115E+00  1.001E+00  8.994E-01  8.019E-01  7.120E-01  6.348E-01  5.586E-01  4.950E-01  4.379E-01  3.819E-01  3.347E-01  2.904E-01  2.542E-01  2.211E-01  1.902E-01  1.654E-01  1.449E-01  1.231E-01  1.060E-01  9.242E-02  7.723E-02  6.633E-02  5.617E-02  4.749E-02  3.931E-02  3.297E-02  2.849E-02  2.406E-02  1.895E-02  1.634E-02  1.342E-02  1.093E-02  9.102E-03  6.963E-03  5.645E-03  4.298E-03  3.296E-03  2.310E-03  1.864E-03  1.306E-03  1.169E-03  8.640E-04  4.096E-04  4.971E-04  4.037E-04  2.088E-04  1.853E-04  2.622E-04  1.033E-04  1.836E-04  6.862E-05  4.545E-05  3.380E-05  4.560E-05  0.000E+00  Z
 0.000E+00  2.679E-04  6.199E-04  5.239E-04  3.856E-04  5.587E-04  8.333E-04  9.551E-04  1.010E-03  1.009E-03  1.162E-03  8.673E-04  6.474E-04  7.144E-04  1.374E-03  1.161E-03  8.824E-04  9.784E-04  1.560E-03  1.481E-03  1.733E-03  1.901E-03  2.380E-03  2.660E-03  3.073E-03  4.658E-03  4.444E-03  5.735E-03  7.692E-03  8.210E-03  1.060E-02  1.253E-02  1.473E-02  1.813E-02  1.972E-02  2.356E-02  3.003E-02  3.349E-02  4.119E-02  4.760E-02  5.486E-02  6.317E-02  7.375E-02  8.696E-02  9.935E-02  1.138E-01  1.281E-01  1.515E-01  1.746E-01  1.970E-01  2.248E-01  2.574E-01  2.874E-01  3.251E-01  3.686E-01  4.174E-01  4.678E-01  5.262E-01  5.835E-01  6.551E-01  7.305E-01  8.117E-01  8.909E-01  9.994E-01  1.084E+00  1.191E+00  1.323E+00  1.431E+00  1.566E+00  1.696E+00  1.837E+00  1.996E+00  2.169E+00  2.338E+00  2.510E+00  2.697E+00  2.887E+00  3.077E+00  3.279E+00  3.485E+00  3.683E+00  3.901E+00  4.117E+00  4.342E+00  4.579E+00  4.806E+00  5.024E+00  5.253E+00  5.488E+00  5.722E+00  5.958E+00  6.165E+00  6.404E+00  6.607E+00  6.818E+00  7.042E+00  7.220E+00  7.409E+00  7.605E+00  7.782E+00  7.938E+00  8.171E+00  8.457E+00  8.750E+00  8.946E+00  9.148E+00  9.299E+00  9.380E+00  9.457E+00  9.488E+00  9.506E+00  9.493E+00  9.484E+00  9.463E+00  9.424E+00  9.353E+00  9.257E+00  9.192E+00  9.050E+00  8.939E+00  8.798E+00  8.652E+00  8.484E+00  8.297E+00  8.146E+00  7.916E+00  7.700E+00  7.491E+00  7.260E+00  7.025E+00  6.773E+00  6.532E+00  6.257E+00  6.022E+00  5.758E+00  5.489E+00  5.219E+00  4.961E+00  4.703E+00  4.437E+00  4.195E+00  3.937E+00  3.692E+00  3.436E+00  3.218E+00  2.982E+00  2.747E+00  2.536E+00  2.348E+00  2.155E+00  1.974E+00  1.803E+00  1.641E+00  1.481E+00  1.349E+00  1.221E+00  1.087E+00  9.748E-01  8.723E-01  7.748E-01  6.989E-01  6.209E-01  5.477E-01  4.799E-01  4.218E-01  3.688E-01  3.260E-01  2.802E-01  2.455E-01  2.154E-01  1.852E-01  1.582E-01  1.382E-01  1.187E-01  1.007E-01  8.717E-02  7.475E-02  6.255E-02  5.442E-02  4.396E-02  3.753E-02  3.179E-02  2.765E-02  2.228E-02  1.776E-02  1.531E-02  1.307E-02  1.017E-02  8.383E-03  6.837E-03  5.653E-03  4.303E-03  3.030E-03  2.295E-03  1.423E-03  1.069E-03  1.099E-03  8.689E-04  4.978E-04  5.199E-04  3.478E-04  2.091E-04  1.967E-04  2.067E-04  1.378E-04  1.018E-04  4.563E-05  7.924E-05  3.404E-05  5.711E-05  1.146E-05  4.412E-05  1.125E-05  2.315E-05  1.104E-05  4.422E-05  1.077E-05  3.296E-05  0.000E+00  Z
 0.000E+00  0.000E+00  4.140E-04  4.356E-04  6.179E-04  6.290E-04  9.629E-04  7.770E-04  7.309E-04  5.832E-04  1.108E-03  9.649E-04  1.065E-03  1.070E-03  1.329E-03  1.204E-03  1.409E-03  1.486E-03  1.709E-03  1.813E-03  2.310E-03  1.904E-03  2.480E-03  2.696E-03  3.203E-03  4.594E-03  4.533E-03  5.697E-03  6.824E-03  9.658E-03  1.003E-02  1.202E-02  1.402E-02  1.759E-02  2.024E-02  2.418E-02  2.911E-02  3.290E-02  3.787E-02  4.508E-02  5.651E-02  6.350E-02  7.390E-02  8.597E-02  9.615E-02  1.116E-01  1.342E-01  1.492E-01  1.705E-01  1.944E-01  2.233E-01  2.537E-01  2.857E-01  3.224E-01  3.640E-01  4.120E-01  4.681E-01  5.254E-01  5.808E-01  6.500E-01  7.210E-01  7.939E-01  8.830E-01  9.874E-01  1.079E+00  1.178E+00  1.301E+00  1.423E+00  1.552E+00  1.686E+00  1.841E+00  1.986E+00  2.153E+00  2.309E+00  2.490E+00  2.681E+00  2.854E+00  3.056E+00  3.264E+00  3.466E+00  3.672E+00  3.887E+00  4.100E+00  4.323E+00  4.559E+00  4.791E+00  5.010E+00  5.246E+00  5.470E+00  5.709E+00  5.937E+00  6.170E+00  6.394E+00  6.613E+00  6.844E+00  7.048E+00  7.252E+00  7.429E+00  7.612E+00  7.779E+00  7.945E+00  8.208E+00  8.490E+00  8.751E+00  8.990E+00  9.204E+00  9.354E+00  9.450E+00  9.526E+00  9.578E+00  9.609E+00  9.625E+00  9.590E+00  9.583E+00  9.552E+00  9.484E+00  9.423E+00  9.334E+00  9.265E+00  9.128E+00  9.015E+00  8.846E+00  8.693E+00  8.553E+00  8.386E+00  8.172E+00  7.976E+00  7.769E+00  7.535E+00  7.323E+00  7.073E+00  6.819E+00  6.569E+00  6.326E+00  6.049E+00  5.793E+00  5.539E+00  5.281E+00  4.987E+00  4.735E+00  4.459E+00  4.210E+00  3.953E+00  3.710E+00  3.464E+00  3.227E+00  2.987E+00  2.775E+00  2.552E+00  2.349E+00  2.170E+00  1.970E+00  1.804E+00  1.632E+00  1.487E+00  1.346E+00  1.211E+00  1.091E+00  9.793E-01  8.746E-01  7.832E-01  6.897E-01  6.142E-01  5.396E-01  4.790E-01  4.211E-01  3.670E-01  3.210E-01  2.816E-01  2.452E-01  2.110E-01  1.827E-01  1.562E-01  1.350E-01  1.156E-01  1.003E-01  8.423E-02  7.109E-02  6.161E-02  5.270E-02  4.347E-02  3.723E-02  3.190E-02  2.503E-02  2.220E-02  1.898E-02  1.582E-02  1.270E-02  1.034E-02  8.051E-03  7.202E-03  5.482E-03  4.093E-03  3.124E-03  2.401E-03  1.917E-03  1.587E-03  1.143E-03  8.629E-04  5.320E-04  5.099E-04  3.945E-04  4.156E-04  2.173E-04  1.264E-04  2.073E-04  6.828E-05  5.661E-05  7.819E-05  4.503E-05  1.082E-05  1.131E-05  2.244E-05  1.118E-05  0.000E+00  Z
 0.000E+00  1.338E-04  5.177E-04  7.872E-04  5.397E-04  4.184E-04  9.002E-04  8.353E-04  8.951E-04  7.440E-04  8.582E-04  9.175E-04  6.490E-04  1.203E-03  1.030E-03  1.288E-03  1.531E-03  1.134E-03  1.751E-03  1.777E-03  1.584E-03  2.327E-03  2.307E-03  3.203E-03  3.631E-03  4.535E-03  4.955E-03  4.919E-03  6.449E-03  8.635E-03  9.853E-03  1.223E-02  1.410E-02  1.867E-02  2.159E-02  2.415E-02  3.001E-02  3.251E-02  3.874E-02  4.702E-02  5.348E-02  6.330E-02  7.592E-02  8.487E-02  9.742E-02  1.098E-01  1.295E-01  1.492E-01  1.739E-01  1.948E-01  2.200E-01  2.518E-01  2.841E-01  3.246E-01  3.628E-01  4.069E-01  4.673E-01  5.201E-01  5.789E-01  6.406E-01  7.190E-01  7.948E-01  8.899E-01  9.768E-01  1.085E+00  1.189E+00  1.303E+00  1.429E+00  1.556E+00  1.697E+00  1.834E+00  1.984E+00  2.144E+00  2.315E+00  2.482E+00  2.679E+00  2.868E+00  3.062E+00  3.267E+00  3.447E+00  3.661E+00  3.894E+00  4.112E+00  4.335E+00  4.573E+00  4.780E+00  5.022E+00  5.242E+00  5.469E+00  5.715E+00  5.928E+00  6.183E+00  6.417E+00  6.627E+00  6.821E+00  7.054E+00  7.239E+00  7.450E+00  7.613E+00  7.812E+00  7.950E+00  8.201E+00  8.501E+00  8.780E+00  9.011E+00  9.203E+00  9.345E+00  9.463E+00  9.510E+00  9.568E+00  9.631E+00  9.630E+00  9.626E+00  9.608E+00  9.560E+00  9.506E+00  9.430E+00  9.341E+00  9.246E+00  9.150E+00  9.023E+00  8.894E+00  8.745E+00  8.568E+00  8.385E+00  8.211E+00  7.996E+00  7.814E+00  7.590E+00  7.350E+00  7.121E+00  6.852E+00  6.606E+00  6.346E+00  6.114E+00  5.835E+00  5.555E+00  5.284E+00  5.031E+00  4.763E+00  4.504E+00  4.242E+00  3.982E+00  3.722E+00  3.481E+00  3.245E+00  3.007E+00  2.800E+00  2.584E+00  2.382E+00  2.181E+00  1.996E+00  1.828E+00  1.655E+00  1.501E+00  1.360E+00  1.223E+00  1.105E+00  9.917E-01  8.850E-01  7.853E-01  7.049E-01  6.207E-01  5.504E-01  4.821E-01  4.238E-01  3.751E-01  3.268E-01  2.850E-01  2.494E-01  2.176E-01  1.837E-01  1.593E-01  1.373E-01  1.168E-01  1.018E-01  8.695E-02  7.638E-02  6.177E-02  5.388E-02  4.446E-02  3.822E-02  3.287E-02  2.724E-02  2.360E-02  1.916E-02  1.530E-02  1.235E-02  1.092E-02  8.854E-03  7.124E-03  5.318E-03  4.089E-03  3.175E-03  2.457E-03  1.683E-03  1.297E-03  1.136E-03  9.192E-04  7.440E-04  5.188E-04  4.618E-04  3.550E-04  2.066E-04  1.966E-04  1.269E-04  1.030E-04  1.037E-04  2.261E-05  1.169E-05  1.157E-05  2.256E-05  4.574E-05  3.472E-05  3.247E-05  1.117E-05  1.126E-05  1.112E-05  2.189E-05  0.000E+00  Z
 0.000E+00  2.688E-04  4.146E-04  5.248E-04  4.633E-04  4.178E-04  5.769E-04  6.550E-04  6.160E-04  4.789E-04  6.569E-04  7.213E-04  9.712E-04  9.788E-04  1.244E-03  1.453E-03  1.128E-03  9.373E-04  1.747E-03  2.005E-03  1.949E-03  1.518E-03  2.997E-03  2.698E-03  3.236E-03  4.007E-03  5.494E-03  5.863E-03  6.673E-03  8.486E-03  9.447E-03  1.183E-02  1.328E-02  1.886E-02  2.020E-02  2.451E-02  2.782E-02  3.253E-02  3.915E-02  4.825E-02  5.261E-02  6.316E-02  7.240E-02  8.279E-02  9.807E-02  1.100E-01  1.248E-01  1.490E-01  1.692E-01  1.938E-01  2.225E-01  2.493E-01  2.858E-01  3.193E-01  3.653E-01  4.042E-01  4.606E-01  5.160E-01  5.710E-01  6.467E-01  7.196E-01  8.027E-01  8.839E-01  9.731E-01  1.075E+00  1.180E+00  1.290E+00  1.415E+00  1.556E+00  1.680E+00  1.835E+00  1.977E+00  2.143E+00  2.305E+00  2.486E+00  2.670E+00  2.849E+00  3.039E+00  3.248E+00  3.448E+00  3.662E+00  3.883E+00  4.121E+00  4.322E+00  4.559E+00  4.792E+00  5.002E+00  5.248E+00  5.471E+00  5.711E+00  5.933E+00  6.162E+00  6.385E+00  6.628E+00  6.813E+00  7.034E+00  7.233E+00  7.433E+00  7.623E+00  7.778E+00  7.962E+00  8.224E+00  8.495E+00  8.761E+00  9.013E+00  9.227E+00  9.362E+00  9.494E+00  9.550E+00  9.624E+00  9.623E+00  9.645E+00  9.652E+00  9.644E+00  9.623E+00  9.570E+00  9.503E+00  9.443E+00  9.308E+00  9.232E+00  9.121E+00  8.993E+00  8.849E+00  8.672E+00  8.496E+00  8.331E+00  8.135E+00  7.926E+00  7.722E+00  7.485E+00  7.234E+00  6.994E+00  6.764E+00  6.494E+00  6.236E+00  5.979E+00  5.692E+00  5.431E+00  5.157E+00  4.902E+00  4.621E+00  4.361E+00  4.100E+00  3.850E+00  3.595E+00  3.369E+00  3.120E+00  2.892E+00  2.669E+00  2.472E+00  2.269E+00  2.079E+00  1.902E+00  1.744E+00  1.572E+00  1.423E+00  1.288E+00  1.162E+00  1.042E+00  9.335E-01  8.266E-01  7.397E-01  6.561E-01  5.786E-01  5.131E-01  4.517E-01  3.911E-01  3.452E-01  3.045E-01  2.677E-01  2.285E-01  1.960E-01  1.725E-01  1.473E-01  1.284E-01  1.083E-01  9.386E-02  8.052E-02  6.774E-02  5.738E-02  4.832E-02  3.943E-02  3.513E-02  2.849E-02  2.480E-02  1.987E-02  1.714E-02  1.468E-02  1.185E-02  9.291E-03  7.726E-03  5.966E-03  4.847E-03  3.917E-03  2.653E-03  1.919E-03  1.632E-03  1.317E-03  1.002E-03  8.336E-04  5.891E-04  5.793E-04  2.887E-04  2.987E-04  1.601E-04  1.362E-04  6.773E-05  9.105E-05  6.756E-05  5.583E-05  6.695E-05  2.298E-05  0.000E+00  Z
 0.000E+00  2.687E-04  3.110E-04  6.994E-04  6.942E-04  4.181E-04  7.062E-04  4.174E-04  8.409E-04  7.426E-04  7.058E-04  7.222E-04  7.399E-04  9.340E-04  1.761E-03  1.494E-03  1.208E-03  1.564E-03  1.786E-03  1.369E-03  2.090E-03  2.008E-03  2.618E-03  2.523E-03  3.006E-03  4.083E-03  4.672E-03  5.829E-03  6.309E-03  8.062E-03  9.911E-03  1.231E-02  1.488E-02  1.719E-02  2.001E-02  2.350E-02  2.983E-02  3.299E-02  3.951E-02  4.607E-02  5.240E-02  6.367E-02  7.235E-02  8.307E-02  9.681E-02  1.100E-01  1.249E-01  1.444E-01  1.664E-01  1.935E-01  2.188E-01  2.473E-01  2.784E-01  3.169E-01  3.600E-01  4.091E-01  4.545E-01  5.134E-01  5.768E-01  6.430E-01  7.154E-01  7.856E-01  8.803E-01  9.645E-01  1.072E+00  1.176E+00  1.278E+00  1.408E+00  1.541E+00  1.674E+00  1.832E+00  1.972E+00  2.133E+00  2.315E+00  2.486E+00  2.658E+00  2.841E+00  3.037E+00  3.241E+00  3.443E+00  3.655E+00  3.874E+00  4.090E+00  4.317E+00  4.529E+00  4.780E+00  5.011E+00  5.240E+00  5.463E+00  5.724E+00  5.926E+00  6.166E+00  6.396E+00  6.620E+00  6.836E+00  7.054E+00  7.239E+00  7.441E+00  7.614E+00  7.796E+00  8.006E+00  8.235E+00  8.524E+00  8.811E+00  9.063E+00  9.261E+00  9.401E+00  9.522E+00  9.613E+00  9.683E+00  9.718E+00  9.713E+00  9.753E+00  9.730E+00  9.706E+00  9.651E+00  9.600E+00  9.557E+00  9.453E+00  9.372E+00  9.273E+00  9.140E+00  9.021E+00  8.862E+00  8.689E+00  8.523E+00  8.339E+00  8.130E+00  7.923E+00  7.700E+00  7.459E+00  7.213E+00  6.970E+00  6.709E+00  6.465E+00  6.194E+00  5.933E+00  5.665E+00  5.397E+00  5.138E+00  4.862E+00  4.567E+00  4.315E+00  4.058E+00  3.791E+00  3.563E+00  3.300E+00  3.075E+00  2.856E+00  2.622E+00  2.416E+00  2.227E+00  2.029E+00  1.852E+00  1.685E+00  1.530E+00  1.382E+00  1.253E+00  1.128E+00  1.008E+00  8.992E-01  8.033E-01  7.184E-01  6.280E-01  5.579E-01  4.891E-01  4.322E-01  3.831E-01  3.328E-01  2.869E-01  2.511E-01  2.184E-01  1.880E-01  1.641E-01  1.379E-01  1.197E-01  1.016E-01  8.638E-02  7.500E-02  6.396E-02  5.333E-02  4.652E-02  3.857E-02  3.200E-02  2.832E-02  2.301E-02  1.907E-02  1.597E-02  1.284E-02  1.145E-02  8.809E-03  7.537E-03  5.639E-03  4.603E-03  3.706E-03  2.622E-03  1.991E-03  1.520E-03  1.070E-03  1.049E-03  7.306E-04  6.921E-04  3.224E-04  2.525E-04  2.746E-04  2.180E-04  6.884E-05  1.251E-04  1.031E-04  7.905E-05  2.295E-05  2.265E-05  5.606E-05  1.076E-05  1.109E-05  0.000E+00  Z
 4.898E-04  2.682E-04  4.153E-04  6.119E-04  9.273E-04  8.362E-04  9.611E-04  9.575E-04  8.421E-04  9.539E-04  1.212E-03  1.011E-03  8.316E-04  9.357E-04  9.013E-04  1.165E-03  1.286E-03  1.408E-03  1.406E-03  1.443E-03  1.623E-03  2.505E-03  1.825E-03  3.102E-03  3.500E-03  3.656E-03  5.139E-03  5.357E-03  6.854E-03  9.329E-03  1.047E-02  1.121E-02  1.439E-02  1.680E-02  2.100E-02  2.380E-02  2.632E-02  3.232E-02  3.829E-02  4.583E-02  5.297E-02  6.104E-02  7.001E-02  8.126E-02  9.701E-02  1.091E-01  1.261E-01  1.488E-01  1.624E-01  1.905E-01  2.138E-01  2.442E-01  2.780E-01  3.121E-01  3.599E-01  3.996E-01  4.508E-01  5.095E-01  5.670E-01  6.334E-01  7.005E-01  7.784E-01  8.640E-01  9.579E-01  1.055E+00  1.161E+00  1.271E+00  1.392E+00  1.524E+00  1.665E+00  1.806E+00  1.957E+00  2.121E+00  2.282E+00  2.469E+00  2.629E+00  2.822E+00  3.019E+00  3.213E+00  3.429E+00  3.642E+00  3.848E+00  4.063E+00  4.283E+00  4.535E+00  4.748E+00  4.989E+00  5.230E+00  5.470E+00  5.684E+00  5.907E+00  6.146E+00  6.386E+00  6.618E+00  6.820E+00  7.039E+00  7.273E+00  7.470E+00  7.656E+00  7.836E+00  8.021E+00  8.269E+00  8.551E+00  8.849E+00  9.102E+00  9.315E+00  9.462E+00  9.585E+00  9.682E+00  9.782E+00  9.786E+00  9.851E+00  9.853E+00  9.862E+00  9.840E+00  9.850E+00  9.799E+00  9.704E+00  9.672E+00  9.636E+00  9.528E+00  9.421E+00  9.279E+00  9.139E+00  9.022E+00  8.849E+00  8.667E+00  8.486E+00  8.282E+00  8.090E+00  7.871E+00  7.628E+00  7.377E+00  7.128E+00  6.884E+00  6.630E+00  6.359E+00  6.083E+00  5.790E+00  5.545E+00  5.271E+00  4.970E+00  4.690E+00  4.437E+00  4.183E+00  3.917E+00  3.645E+00  3.419E+00  3.175E+00  2.930E+00  2.707E+00  2.499E+00  2.301E+00  2.108E+00  1.919E+00  1.748E+00  1.587E+00  1.438E+00  1.301E+00  1.165E+00  1.048E+00  9.365E-01  8.352E-01  7.430E-01  6.561E-01  5.810E-01  5.115E-01  4.488E-01  3.938E-01  3.425E-01  3.003E-01  2.604E-01  2.263E-01  1.947E-01  1.666E-01  1.475E-01  1.244E-01  1.090E-01  9.231E-02  7.782E-02  6.601E-02  5.695E-02  4.696E-02  4.020E-02  3.428E-02  2.988E-02  2.377E-02  2.005E-02  1.717E-02  1.383E-02  1.178E-02  9.996E-03  7.823E-03  6.466E-03  4.835E-03  4.280E-03  3.276E-03  2.701E-03  1.745E-03  1.605E-03  1.148E-03  8.865E-04  7.386E-04  5.374E-04  3.524E-04  3.191E-04  1.937E-04  1.696E-04  1.361E-04  5.603E-05  5.622E-05  1.109E-05  2.310E-05  1.098E-05  1.153E-05  3.303E-05  2.214E-05  3.397E-05  1.125E-05  2.246E-05  2.243E-05  2.209E-05  0.000E+00  Z
 2.452E-04  4.027E-04  7.262E-04  5.242E-04  7.707E-04  7.687E-04  6.420E-04  1.255E-03  5.047E-04  1.063E-03  9.093E-04  1.254E-03  1.344E-03  1.333E-03  1.286E-03  1.454E-03  1.166E-03  1.136E-03  1.482E-03  1.778E-03  2.275E-03  2.148E-03  3.100E-03  2.295E-03  3.698E-03  3.597E-03  3.968E-03  5.424E-03  7.033E-03  8.635E-03  1.010E-02  1.078E-02  1.466E-02  1.626E-02  1.970E-02  2.465E-02  2.800E-02  3.208E-02  3.750E-02  4.515E-02  5.063E-02  5.915E-02  7.058E-02  8.245E-02  9.161E-02  1.089E-01  1.257E-01  1.437E-01  1.595E-01  1.860E-01  2.176E-01  2.406E-01  2.717E-01  3.116E-01  3.539E-01  3.932E-01  4.422E-01  4.974E-01  5.668E-01  6.177E-01  6.950E-01  7.740E-01  8.534E-01  9.506E-01  1.053E+00  1.147E+00  1.266E+00  1.377E+00  1.513E+00  1.649E+00  1.789E+00  1.941E+00  2.106E+00  2.267E+00  2.436E+00  2.627E+00  2.813E+00  3.002E+00  3.196E+00  3.413E+00  3.626E+00  3.848E+00  4.045E+00  4.283E+00  4.487E+00  4.719E+00  4.987E+00  5.204E+00  5.449E+00  5.689E+00  5.921E+00  6.137E+00  6.367E+00  6.592E+00  6.819E+00  7.056E+00  7.259E+00  7.456E+00  7.660E+00  7.838E+00  8.040E+00  8.279E+00  8.568E+00  8.856E+00  9.143E+00  9.324E+00  9.494E+00  9.640E+00  9.747E+00  9.817E+00  9.890E+00  9.936E+00  9.941E+00  9.993E+00  9.988E+00  9.981E+00  9.988E+00  9.921E+00  9.862E+00  9.788E+00  9.736E+00  9.624E+00  9.551E+00  9.413E+00  9.277E+00  9.126E+00  8.981E+00  8.799E+00  8.618E+00  8.426E+00  8.206E+00  7.992E+00  7.752E+00  7.509E+00  7.254E+00  7.013E+00  6.765E+00  6.473E+00  6.177E+00  5.905E+00  5.652E+00  5.360E+00  5.080E+00  4.797E+00  4.524E+00  4.266E+00  3.995E+00  3.732E+00  3.465E+00  3.230E+00  3.010E+00  2.770E+00  2.565E+00  2.348E+00  2.144E+00  1.965E+00  1.799E+00  1.623E+00  1.469E+00  1.327E+00  1.196E+00  1.068E+00  9.540E-01  8.493E-01  7.552E-01  6.742E-01  5.916E-01  5.286E-01  4.612E-01  4.050E-01  3.530E-01  3.058E-01  2.692E-01  2.285E-01  2.034E-01  1.734E-01  1.513E-01  1.260E-01  1.081E-01  9.490E-02  7.989E-02  6.720E-02  5.818E-02  4.708E-02  4.083E-02  3.435E-02  2.907E-02  2.415E-02  2.044E-02  1.744E-02  1.423E-02  1.190E-02  1.077E-02  7.368E-03  6.540E-03  5.783E-03  4.003E-03  3.222E-03  2.524E-03  1.966E-03  1.484E-03  1.131E-03  8.647E-04  8.114E-04  5.495E-04  3.867E-04  2.841E-04  2.164E-04  2.173E-04  1.566E-04  7.845E-05  9.000E-05  8.016E-05  3.285E-05  4.426E-05  1.113E-04  2.216E-05  2.253E-05  0.000E+00  Z
 0.000E+00  1.345E-04  3.111E-04  6.112E-04  3.864E-04  3.485E-04  1.028E-03  6.574E-04  8.963E-04  1.166E-03  8.089E-04  1.014E-03  1.063E-03  7.580E-04  1.117E-03  1.248E-03  1.567E-03  1.253E-03  1.593E-03  1.554E-03  2.164E-03  2.117E-03  2.237E-03  2.458E-03  3.264E-03  3.979E-03  4.761E-03  4.639E-03  6.494E-03  7.889E-03  1.021E-02  1.121E-02  1.415E-02  1.778E-02  2.067E-02  2.248E-02  2.728E-02  3.387E-02  3.621E-02  4.414E-02  5.326E-02  5.902E-02  6.983E-02  7.985E-02  9.171E-02  1.106E-01  1.227E-01  1.398E-01  1.620E-01  1.854E-01  2.145E-01  2.396E-01  2.731E-01  3.069E-01  3.516E-01  3.907E-01  4.441E-01  4.972E-01  5.619E-01  6.222E-01  6.954E-01  7.767E-01  8.574E-01  9.446E-01  1.048E+00  1.159E+00  1.257E+00  1.377E+00  1.509E+00  1.637E+00  1.768E+00  1.932E+00  2.101E+00  2.252E+00  2.421E+00  2.617E+00  2.801E+00  2.989E+00  3.187E+00  3.398E+00  3.610E+00  3.832E+00  4.042E+00  4.282E+00  4.498E+00  4.739E+00  4.979E+00  5.194E+00  5.443E+00  5.653E+00  5.906E+00  6.108E+00  6.365E+00  6.602E+00  6.831E+00  7.044E+00  7.259E+00  7.459E+00  7.667E+00  7.881E+00  8.040E+00  8.298E+00  8.617E+00  8.889E+00  9.142E+00  9.364E+00  9.544E+00  9.677E+00  9.772E+00  9.876E+00  9.941E+00  9.993E+00  1.001E+01  1.006E+01  1.008E+01  1.003E+01  1.003E+01  1.002E+01  9.968E+00  9.915E+00  9.846E+00  9.726E+00  9.665E+00  9.535E+00  9.430E+00  9.264E+00  9.128E+00  8.950E+00  8.783E+00  8.587E+00  8.382E+00  8.182E+00  7.934E+00  7.691E+00  7.426E+00  7.218E+00  6.943E+00  6.653E+00  6.373E+00  6.107E+00  5.827E+00  5.543E+00  5.265E+00  4.989E+00  4.698E+00  4.445E+00  4.155E+00  3.922E+00  3.637E+00  3.387E+00  3.147E+00  2.910E+00  2.687E+00  2.472E+00  2.264E+00  2.071E+00  1.894E+00  1.721E+00  1.558E+00  1.406E+00  1.272E+00  1.140E+00  1.025E+00  9.089E-01  8.099E-01  7.166E-01  6.332E-01  5.635E-01  4.960E-01  4.362E-01  3.773E-01  3.332E-01  2.865E-01  2.519E-01  2.166E-01  1.889E-01  1.600E-01  1.384E-01  1.174E-01  1.023E-01  8.569E-02  7.484E-02  6.179E-02  5.141E-02  4.570E-02  3.829E-02  3.160E-02  2.741E-02  2.176E-02  1.909E-02  1.615E-02  1.263E-02  1.076E-02  8.674E-03  7.159E-03  6.002E-03  4.765E-03  3.965E-03  3.009E-03  2.408E-03  1.746E-03  1.323E-03  1.058E-03  6.459E-04  6.866E-04  5.593E-04  3.176E-04  2.275E-04  6.831E-05  2.033E-04  2.381E-04  1.350E-04  1.012E-04  7.871E-05  2.286E-05  5.567E-05  1.074E-05  3.325E-05  0.000E+00  Z
 2.448E-04  4.027E-04  6.214E-04  2.617E-04  3.850E-04  6.297E-04  7.703E-04  1.136E-03  1.067E-03  8.483E-04  1.109E-03  8.673E-04  7.851E-04  1.159E-03  1.458E-03  1.287E-03  1.568E-03  1.719E-03  1.936E-03  1.554E-03  2.023E-03  2.433E-03  2.411E-03  2.798E-03  3.634E-03  4.079E-03  4.224E-03  5.983E-03  6.583E-03  7.801E-03  9.850E-03  1.144E-02  1.453E-02  1.681E-02  1.931E-02  2.364E-02  2.681E-02  3.261E-02  3.778E-02  4.356E-02  5.005E-02  6.001E-02  7.246E-02  8.212E-02  9.123E-02  1.062E-01  1.238E-01  1.398E-01  1.613E-01  1.856E-01  2.085E-01  2.386E-01  2.725E-01  3.083E-01  3.487E-01  3.838E-01  4.387E-01  4.917E-01  5.535E-01  6.153E-01  6.878E-01  7.643E-01  8.462E-01  9.460E-01  1.041E+00  1.142E+00  1.254E+00  1.383E+00  1.495E+00  1.639E+00  1.775E+00  1.931E+00  2.075E+00  2.244E+00  2.442E+00  2.602E+00  2.797E+00  2.993E+00  3.186E+00  3.388E+00  3.597E+00  3.823E+00  4.043E+00  4.277E+00  4.491E+00  4.738E+00  4.973E+00  5.209E+00  5.428E+00  5.682E+00  5.900E+00  6.146E+00  6.386E+00  6.604E+00  6.836E+00  7.062E+00  7.265E+00  7.475E+00  7.647E+00  7.871E+00  8.069E+00  8.316E+00  8.621E+00  8.912E+00  9.163E+00  9.377E+00  9.549E+00  9.694E+00  9.806E+00  9.916E+00  9.989E+00  1.003E+01  1.005E+01  1.010E+01  1.012E+01  1.011E+01  1.011E+01  1.009E+01  1.005E+01  9.954E+00  9.914E+00  9.868E+00  9.773E+00  9.659E+00  9.533E+00  9.426E+00  9.280E+00  9.102E+00  8.927E+00  8.763E+00  8.545E+00  8.338E+00  8.111E+00  7.883E+00  7.626E+00  7.391E+00  7.122E+00  6.840E+00  6.578E+00  6.306E+00  6.005E+00  5.720E+00  5.443E+00  5.144E+00  4.873E+00  4.598E+00  4.327E+00  4.069E+00  3.811E+00  3.533E+00  3.285E+00  3.046E+00  2.817E+00  2.600E+00  2.379E+00  2.180E+00  1.992E+00  1.816E+00  1.645E+00  1.495E+00  1.348E+00  1.216E+00  1.091E+00  9.612E-01  8.689E-01  7.691E-01  6.824E-01  5.949E-01  5.281E-01  4.640E-01  4.067E-01  3.579E-01  3.117E-01  2.716E-01  2.326E-01  2.038E-01  1.738E-01  1.478E-01  1.267E-01  1.094E-01  9.225E-02  7.907E-02  6.899E-02  5.703E-02  4.855E-02  4.079E-02  3.467E-02  2.913E-02  2.443E-02  2.083E-02  1.821E-02  1.422E-02  1.221E-02  9.707E-03  8.648E-03  6.984E-03  5.743E-03  4.528E-03  4.026E-03  2.703E-03  2.320E-03  1.708E-03  1.036E-03  1.031E-03  6.898E-04  5.471E-04  3.430E-04  5.009E-04  1.942E-04  2.136E-04  1.811E-04  1.574E-04  1.009E-04  8.913E-05  3.413E-05  3.362E-05  3.260E-05  2.286E-05  3.232E-05  0.000E+00  Z
 0.000E+00  4.033E-04  2.077E-04  5.250E-04  6.937E-04  6.981E-04  9.627E-04  1.013E-03  1.234E-03  8.485E-04  9.073E-04  7.730E-04  1.065E-03  1.244E-03  1.415E-03  1.699E-03  1.489E-03  2.187E-03  1.517E-03  1.924E-03  1.982E-03  2.504E-03  2.382E-03  2.904E-03  3.692E-03  3.848E-03  4.478E-03  5.921E-03  6.788E-03  8.310E-03  1.012E-02  1.165E-02  1.385E-02  1.630E-02  1.836E-02  2.410E-02  2.608E-02  3.147E-02  3.647E-02  4.571E-02  5.143E-02  5.994E-02  6.828E-02  7.920E-02  8.953E-02  1.047E-01  1.193E-01  1.397E-01  1.610E-01  1.830E-01  2.096E-01  2.343E-01  2.703E-01  2.985E-01  3.466E-01  3.912E-01  4.396E-01  4.895E-01  5.457E-01  6.107E-01  6.893E-01  7.600E-01  8.399E-01  9.406E-01  1.033E+00  1.135E+00  1.249E+00  1.374E+00  1.490E+00  1.629E+00  1.768E+00  1.916E+00  2.073E+00  2.235E+00  2.408E+00  2.591E+00  2.773E+00  2.967E+00  3.171E+00  3.386E+00  3.577E+00  3.792E+00  4.034E+00  4.243E+00  4.488E+00  4.717E+00  4.940E+00  5.176E+00  5.427E+00  5.656E+00  5.903E+00  6.113E+00  6.384E+00  6.615E+00  6.834E+00  7.045E+00  7.263E+00  7.490E+00  7.680E+00  7.881E+00  8.075E+00  8.351E+00  8.634E+00  8.930E+00  9.196E+00  9.405E+00  9.621E+00  9.751E+00  9.864E+00  9.968E+00  1.004E+01  1.013E+01  1.016E+01  1.019E+01  1.021E+01  1.025E+01  1.023E+01  1.021E+01  1.017E+01  1.015E+01  1.012E+01  1.005E+01  9.986E+00  9.891E+00  9.766E+00  9.637E+00  9.517E+00  9.338E+00  9.197E+00  9.041E+00  8.836E+00  8.674E+00  8.423E+00  8.184E+00  7.951E+00  7.727E+00  7.444E+00  7.196E+00  6.924E+00  6.638E+00  6.353E+00  6.079E+00  5.789E+00  5.487E+00  5.214E+00  4.921E+00  4.638E+00  4.370E+00  4.082E+00  3.836E+00  3.570E+00  3.312E+00  3.078E+00  2.834E+00  2.618E+00  2.406E+00  2.189E+00  2.012E+00  1.827E+00  1.654E+00  1.502E+00  1.351E+00  1.214E+00  1.087E+00  9.786E-01  8.646E-01  7.685E-01  6.831E-01  6.002E-01  5.294E-01  4.633E-01  4.060E-01  3.562E-01  3.097E-01  2.685E-01  2.334E-01  1.968E-01  1.749E-01  1.499E-01  1.281E-01  1.105E-01  9.054E-02  7.989E-02  6.717E-02  5.716E-02  4.856E-02  3.977E-02  3.490E-02  2.962E-02  2.391E-02  2.078E-02  1.635E-02  1.552E-02  1.186E-02  9.772E-03  8.435E-03  6.746E-03  5.422E-03  4.651E-03  3.634E-03  2.686E-03  2.172E-03  1.673E-03  1.273E-03  1.033E-03  8.102E-04  6.357E-04  4.073E-04  3.175E-04  2.833E-04  1.013E-04  5.654E-05  5.655E-05  1.014E-04  2.251E-05  2.281E-05  3.421E-05  4.523E-05  1.103E-05  4.480E-05  1.106E-05  0.000E+00  Z
 0.000E+00  2.680E-04  5.179E-04  5.243E-04  6.934E-04  7.674E-04  3.845E-04  7.163E-04  9.514E-04  4.774E-04  1.160E-03  1.059E-03  1.342E-03  1.557E-03  1.074E-03  1.454E-03  1.771E-03  1.562E-03  1.216E-03  1.851E-03  1.986E-03  2.188E-03  2.514E-03  2.566E-03  2.907E-03  3.853E-03  4.571E-03  5.861E-03  6.671E-03  7.526E-03  9.974E-03  1.187E-02  1.402E-02  1.635E-02  2.045E-02  2.279E-02  2.784E-02  3.066E-02  3.614E-02  4.292E-02  5.001E-02  5.806E-02  6.768E-02  7.950E-02  9.125E-02  1.026E-01  1.175E-01  1.396E-01  1.577E-01  1.817E-01  2.089E-01  2.387E-01  2.714E-01  2.980E-01  3.394E-01  3.882E-01  4.355E-01  4.854E-01  5.451E-01  6.059E-01  6.740E-01  7.568E-01  8.360E-01  9.159E-01  1.024E+00  1.116E+00  1.234E+00  1.361E+00  1.481E+00  1.619E+00  1.749E+00  1.897E+00  2.049E+00  2.221E+00  2.392E+00  2.581E+00  2.762E+00  2.948E+00  3.151E+00  3.362E+00  3.550E+00  3.766E+00  4.010E+00  4.221E+00  4.458E+00  4.677E+00  4.929E+00  5.173E+00  5.407E+00  5.641E+00  5.867E+00  6.119E+00  6.353E+00  6.595E+00  6.833E+00  7.070E+00  7.272E+00  7.495E+00  7.713E+00  7.874E+00  8.097E+00  8.346E+00  8.640E+00  8.941E+00  9.226E+00  9.460E+00  9.648E+00  9.769E+00  9.913E+00  1.003E+01  1.010E+01  1.019E+01  1.025E+01  1.030E+01  1.030E+01  1.033E+01  1.032E+01  1.033E+01  1.032E+01  1.030E+01  1.025E+01  1.019E+01  1.014E+01  1.007E+01  9.974E+00  9.858E+00  9.739E+00  9.607E+00  9.461E+00  9.309E+00  9.117E+00  8.934E+00  8.724E+00  8.516E+00  8.285E+00  8.039E+00  7.803E+00  7.516E+00  7.244E+00  6.962E+00  6.675E+00  6.399E+00  6.114E+00  5.827E+00  5.534E+00  5.243E+00  4.951E+00  4.677E+00  4.403E+00  4.113E+00  3.839E+00  3.580E+00  3.329E+00  3.088E+00  2.850E+00  2.614E+00  2.396E+00  2.203E+00  2.007E+00  1.821E+00  1.656E+00  1.503E+00  1.342E+00  1.204E+00  1.087E+00  9.702E-01  8.612E-01  7.634E-01  6.767E-01  5.928E-01  5.269E-01  4.602E-01  4.052E-01  3.505E-01  3.054E-01  2.641E-01  2.301E-01  1.994E-01  1.724E-01  1.470E-01  1.237E-01  1.070E-01  9.291E-02  7.788E-02  6.628E-02  5.686E-02  4.818E-02  3.967E-02  3.442E-02  2.821E-02  2.420E-02  1.995E-02  1.781E-02  1.422E-02  1.180E-02  9.706E-03  8.166E-03  7.047E-03  5.721E-03  4.356E-03  3.725E-03  2.948E-03  2.435E-03  1.740E-03  1.570E-03  9.151E-04  7.061E-04  5.463E-04  3.866E-04  3.953E-04  2.022E-04  1.127E-04  2.246E-04  1.591E-04  7.805E-05  8.899E-05  5.615E-05  5.587E-05  6.611E-05  3.380E-05  7.730E-05  2.144E-05  0.000E+00  Z
 4.901E-04  2.678E-04  4.146E-04  1.051E-03  8.478E-04  5.580E-04  8.343E-04  1.073E-03  1.121E-03  8.473E-04  6.030E-04  1.014E-03  1.156E-03  1.291E-03  1.458E-03  1.286E-03  1.491E-03  1.762E-03  1.446E-03  2.522E-03  2.056E-03  2.612E-03  2.720E-03  2.357E-03  3.104E-03  4.079E-03  5.051E-03  5.233E-03  6.643E-03  8.277E-03  9.176E-03  1.073E-02  1.258E-02  1.624E-02  1.866E-02  2.233E-02  2.715E-02  2.949E-02  3.398E-02  4.110E-02  4.987E-02  5.772E-02  6.511E-02  7.914E-02  8.817E-02  1.040E-01  1.153E-01  1.355E-01  1.524E-01  1.765E-01  2.030E-01  2.317E-01  2.594E-01  2.975E-01  3.300E-01  3.722E-01  4.228E-01  4.761E-01  5.324E-01  5.982E-01  6.718E-01  7.385E-01  8.262E-01  9.102E-01  1.003E+00  1.108E+00  1.210E+00  1.330E+00  1.468E+00  1.600E+00  1.737E+00  1.886E+00  2.030E+00  2.199E+00  2.362E+00  2.555E+00  2.733E+00  2.924E+00  3.123E+00  3.331E+00  3.547E+00  3.762E+00  3.978E+00  4.199E+00  4.431E+00  4.680E+00  4.891E+00  5.138E+00  5.396E+00  5.647E+00  5.885E+00  6.108E+00  6.361E+00  6.573E+00  6.844E+00  7.058E+00  7.295E+00  7.510E+00  7.725E+00  7.917E+00  8.132E+00  8.386E+00  8.691E+00  8.979E+00  9.286E+00  9.517E+00  9.720E+00  9.904E+00  1.003E+01  1.014E+01  1.023E+01  1.034E+01  1.042E+01  1.046E+01  1.052E+01  1.057E+01  1.058E+01  1.062E+01  1.060E+01  1.059E+01  1.059E+01  1.057E+01  1.053E+01  1.046E+01  1.044E+01  1.035E+01  1.024E+01  1.013E+01  1.000E+01  9.878E+00  9.726E+00  9.568E+00  9.374E+00  9.186E+00  8.966E+00  8.769E+00  8.508E+00  8.257E+00  8.014E+00  7.732E+00  7.470E+00  7.174E+00  6.901E+00  6.615E+00  6.298E+00  6.001E+00  5.689E+00  5.411E+00  5.107E+00  4.799E+00  4.518E+00  4.224E+00  3.934E+00  3.682E+00  3.426E+00  3.174E+00  2.918E+00  2.678E+00  2.480E+00  2.261E+00  2.062E+00  1.871E+00  1.695E+00  1.539E+00  1.388E+00  1.241E+00  1.106E+00  9.925E-01  8.897E-01  7.831E-01  6.923E-01  6.118E-01  5.361E-01  4.655E-01  4.140E-01  3.590E-01  3.136E-01  2.714E-01  2.368E-01  2.018E-01  1.722E-01  1.461E-01  1.267E-01  1.060E-01  9.052E-02  7.823E-02  6.654E-02  5.600E-02  4.791E-02  4.156E-02  3.297E-02  2.837E-02  2.404E-02  1.974E-02  1.680E-02  1.458E-02  1.076E-02  1.009E-02  8.429E-03  6.249E-03  5.613E-03  4.490E-03  3.939E-03  3.048E-03  2.606E-03  1.984E-03  1.775E-03  1.354E-03  9.059E-04  6.261E-04  5.105E-04  3.695E-04  3.110E-04  2.354E-04  1.128E-04  1.576E-04  1.002E-04  5.577E-05  4.523E-05  5.446E-05  3.327E-05  2.259E-05  1.083E-05  3.325E-05  2.118E-05  0.000E+00  Z
 2.450E-04  6.696E-04  5.172E-04  6.132E-04  6.164E-04  6.984E-04  8.330E-04  1.195E-03  1.233E-03  1.114E-03  1.109E-03  1.014E-03  1.108E-03  1.246E-03  1.372E-03  1.245E-03  2.093E-03  1.171E-03  1.516E-03  2.291E-03  1.699E-03  2.603E-03  2.721E-03  2.903E-03  3.070E-03  3.984E-03  4.825E-03  5.331E-03  6.096E-03  8.117E-03  8.967E-03  1.209E-02  1.298E-02  1.610E-02  1.722E-02  2.286E-02  2.637E-02  3.000E-02  3.413E-02  4.254E-02  4.842E-02  5.588E-02  6.522E-02  7.385E-02  8.682E-02  9.976E-02  1.136E-01  1.357E-01  1.539E-01  1.720E-01  1.976E-01  2.245E-01  2.525E-01  2.930E-01  3.287E-01  3.734E-01  4.178E-01  4.676E-01  5.190E-01  5.918E-01  6.584E-01  7.371E-01  8.126E-01  8.966E-01  9.829E-01  1.086E+00  1.198E+00  1.318E+00  1.441E+00  1.578E+00  1.710E+00  1.868E+00  2.007E+00  2.185E+00  2.348E+00  2.526E+00  2.718E+00  2.904E+00  3.092E+00  3.303E+00  3.514E+00  3.736E+00  3.945E+00  4.180E+00  4.417E+00  4.639E+00  4.870E+00  5.129E+00  5.376E+00  5.611E+00  5.874E+00  6.103E+00  6.333E+00  6.577E+00  6.815E+00  7.049E+00  7.282E+00  7.502E+00  7.728E+00  7.943E+00  8.175E+00  8.424E+00  8.729E+00  9.035E+00  9.343E+00  9.570E+00  9.795E+00  9.961E+00  1.013E+01  1.026E+01  1.037E+01  1.045E+01  1.053E+01  1.063E+01  1.067E+01  1.074E+01  1.076E+01  1.080E+01  1.083E+01  1.083E+01  1.082E+01  1.083E+01  1.082E+01  1.078E+01  1.075E+01  1.069E+01  1.063E+01  1.052E+01  1.044E+01  1.035E+01  1.020E+01  1.007E+01  9.914E+00  9.723E+00  9.528E+00  9.318E+00  9.098E+00  8.881E+00  8.623E+00  8.377E+00  8.099E+00  7.799E+00  7.534E+00  7.236E+00  6.934E+00  6.649E+00  6.349E+00  6.024E+00  5.718E+00  5.417E+00  5.100E+00  4.814E+00  4.507E+00  4.206E+00  3.937E+00  3.664E+00  3.396E+00  3.141E+00  2.897E+00  2.662E+00  2.423E+00  2.233E+00  2.035E+00  1.841E+00  1.671E+00  1.506E+00  1.354E+00  1.211E+00  1.085E+00  9.654E-01  8.542E-01  7.670E-01  6.732E-01  5.903E-01  5.194E-01  4.529E-01  3.990E-01  3.492E-01  2.958E-01  2.624E-01  2.226E-01  1.919E-01  1.658E-01  1.440E-01  1.213E-01  1.032E-01  8.805E-02  7.394E-02  6.262E-02  5.381E-02  4.492E-02  3.779E-02  3.199E-02  2.691E-02  2.213E-02  1.930E-02  1.595E-02  1.357E-02  1.114E-02  9.045E-03  7.965E-03  6.180E-03  4.746E-03  4.685E-03  3.365E-03  3.089E-03  2.444E-03  2.030E-03  1.192E-03  1.118E-03  9.489E-04  5.290E-04  4.572E-04  4.037E-04  2.137E-04  2.137E-04  2.554E-04  1.664E-04  1.561E-04  1.115E-04  5.491E-05  4.415E-05  2.270E-05  2.226E-05  3.287E-05  2.218E-05  1.081E-05  1.073E-05  2.163E-05  0.000E+00  Z
 4.901E-04  8.037E-04  1.036E-03  9.621E-04  3.853E-04  1.324E-03  9.607E-04  1.074E-03  9.527E-04  8.483E-04  1.061E-03  1.012E-03  1.524E-03  1.871E-03  1.548E-03  1.453E-03  1.770E-03  1.724E-03  1.406E-03  1.926E-03  2.167E-03  2.432E-03  2.479E-03  2.829E-03  3.434E-03  3.947E-03  4.317E-03  4.980E-03  6.117E-03  7.399E-03  9.385E-03  1.128E-02  1.258E-02  1.494E-02  1.577E-02  2.057E-02  2.413E-02  2.821E-02  3.433E-02  4.071E-02  4.600E-02  5.590E-02  6.355E-02  7.322E-02  8.487E-02  9.833E-02  1.110E-01  1.272E-01  1.480E-01  1.687E-01  1.895E-01  2.144E-01  2.458E-01  2.812E-01  3.199E-01  3.621E-01  4.067E-01  4.581E-01  5.119E-01  5.722E-01  6.452E-01  7.022E-01  7.982E-01  8.774E-01  9.648E-01  1.075E+00  1.178E+00  1.287E+00  1.416E+00  1.545E+00  1.680E+00  1.828E+00  1.977E+00  2.136E+00  2.309E+00  2.485E+00  2.670E+00  2.850E+00  3.048E+00  3.266E+00  3.474E+00  3.677E+00  3.913E+00  4.132E+00  4.365E+00  4.606E+00  4.839E+00  5.097E+00  5.328E+00  5.595E+00  5.821E+00  6.039E+00  6.329E+00  6.594E+00  6.816E+00  7.064E+00  7.305E+00  7.516E+00  7.747E+00  7.985E+00  8.204E+00  8.466E+00  8.785E+00  9.090E+00  9.452E+00  9.660E+00  9.885E+00  1.010E+01  1.026E+01  1.041E+01  1.055E+01  1.065E+01  1.079E+01  1.085E+01  1.093E+01  1.099E+01  1.108E+01  1.114E+01  1.117E+01  1.123E+01  1.124E+01  1.128E+01  1.131E+01  1.131E+01  1.128E+01  1.126E+01  1.125E+01  1.119E+01  1.111E+01  1.106E+01  1.098E+01  1.087E+01  1.075E+01  1.063E+01  1.045E+01  1.028E+01  1.006E+01  9.897E+00  9.684E+00  9.462E+00  9.194E+00  8.936E+00  8.669E+00  8.391E+00  8.092E+00  7.799E+00  7.473E+00  7.161E+00  6.847E+00  6.532E+00  6.197E+00  5.869E+00  5.569E+00  5.263E+00  4.932E+00  4.636E+00  4.319E+00  4.032E+00  3.742E+00  3.461E+00  3.212E+00  2.953E+00  2.706E+00  2.480E+00  2.258E+00  2.060E+00  1.872E+00  1.688E+00  1.520E+00  1.365E+00  1.226E+00  1.089E+00  9.741E-01  8.665E-01  7.665E-01  6.721E-01  5.974E-01  5.193E-01  4.492E-01  3.908E-01  3.460E-01  2.995E-01  2.599E-01  2.243E-01  1.900E-01  1.655E-01  1.382E-01  1.207E-01  1.002E-01  8.676E-02  7.170E-02  6.217E-02  5.284E-02  4.444E-02  3.566E-02  3.182E-02  2.528E-02  2.233E-02  1.812E-02  1.511E-02  1.286E-02  1.052E-02  8.808E-03  7.367E-03  6.413E-03  4.953E-03  4.130E-03  3.206E-03  2.637E-03  2.419E-03  1.781E-03  1.369E-03  1.042E-03  1.102E-03  6.395E-04  6.033E-04  3.492E-04  2.895E-04  2.883E-04  2.218E-04  1.861E-04  1.657E-04  8.762E-05  5.439E-05  4.324E-05  4.361E-05  1.088E-05  2.171E-05  2.201E-05  4.373E-05  0.000E+00  Z
 2.453E-04  4.022E-04  7.247E-04  5.236E-04  7.709E-04  1.116E-03  1.282E-03  1.314E-03  1.064E-03  1.273E-03  1.162E-03  1.252E-03  1.944E-03  1.689E-03  1.760E-03  2.164E-03  1.771E-03  1.874E-03  1.820E-03  1.925E-03  2.309E-03  2.539E-03  2.721E-03  3.063E-03  4.164E-03  3.885E-03  5.335E-03  5.523E-03  5.632E-03  8.124E-03  7.755E-03  1.021E-02  1.249E-02  1.488E-02  1.708E-02  2.048E-02  2.454E-02  2.735E-02  3.220E-02  3.719E-02  4.413E-02  5.145E-02  6.116E-02  7.116E-02  8.345E-02  9.396E-02  1.059E-01  1.246E-01  1.432E-01  1.615E-01  1.838E-01  2.088E-01  2.403E-01  2.726E-01  3.067E-01  3.469E-01  3.935E-01  4.367E-01  4.891E-01  5.495E-01  6.171E-01  6.837E-01  7.654E-01  8.474E-01  9.379E-01  1.035E+00  1.145E+00  1.256E+00  1.367E+00  1.501E+00  1.620E+00  1.785E+00  1.941E+00  2.089E+00  2.260E+00  2.427E+00  2.609E+00  2.802E+00  2.998E+00  3.199E+00  3.407E+00  3.631E+00  3.840E+00  4.076E+00  4.315E+00  4.540E+00  4.799E+00  5.034E+00  5.302E+00  5.548E+00  5.798E+00  6.028E+00  6.307E+00  6.554E+00  6.807E+00  7.045E+00  7.304E+00  7.540E+00  7.793E+00  8.026E+00  8.278E+00  8.535E+00  8.872E+00  9.195E+00  9.525E+00  9.803E+00  1.004E+01  1.026E+01  1.046E+01  1.063E+01  1.078E+01  1.093E+01  1.110E+01  1.121E+01  1.131E+01  1.140E+01  1.151E+01  1.159E+01  1.168E+01  1.178E+01  1.186E+01  1.189E+01  1.195E+01  1.200E+01  1.205E+01  1.208E+01  1.207E+01  1.207E+01  1.209E+01  1.208E+01  1.204E+01  1.200E+01  1.194E+01  1.184E+01  1.176E+01  1.166E+01  1.155E+01  1.141E+01  1.123E+01  1.104E+01  1.087E+01  1.066E+01  1.041E+01  1.019E+01  9.885E+00  9.647E+00  9.349E+00  9.034E+00  8.703E+00  8.404E+00  8.045E+00  7.723E+00  7.383E+00  7.017E+00  6.680E+00  6.328E+00  5.998E+00  5.639E+00  5.323E+00  4.972E+00  4.662E+00  4.338E+00  4.038E+00  3.742E+00  3.449E+00  3.182E+00  2.926E+00  2.673E+00  2.445E+00  2.223E+00  2.007E+00  1.825E+00  1.641E+00  1.468E+00  1.318E+00  1.178E+00  1.041E+00  9.307E-01  8.267E-01  7.225E-01  6.404E-01  5.593E-01  4.822E-01  4.245E-01  3.639E-01  3.198E-01  2.747E-01  2.373E-01  2.028E-01  1.738E-01  1.497E-01  1.253E-01  1.075E-01  9.193E-02  7.919E-02  6.570E-02  5.559E-02  4.708E-02  4.083E-02  3.299E-02  2.826E-02  2.328E-02  1.959E-02  1.561E-02  1.271E-02  1.085E-02  8.973E-03  6.909E-03  6.450E-03  5.624E-03  4.000E-03  3.604E-03  2.817E-03  2.356E-03  2.034E-03  1.871E-03  1.355E-03  1.156E-03  7.460E-04  6.070E-04  6.598E-04  4.490E-04  3.711E-04  2.201E-04  2.308E-04  1.406E-04  8.857E-05  1.076E-04  7.549E-05  6.379E-05  6.323E-05  4.285E-05  6.467E-05  4.207E-05  5.309E-05  1.044E-05  1.052E-05  0.000E+00  Z
 9.813E-04  4.033E-04  9.317E-04  8.738E-04  1.159E-03  7.669E-04  1.155E-03  7.167E-04  1.291E-03  1.114E-03  1.514E-03  1.448E-03  2.032E-03  1.337E-03  1.805E-03  2.075E-03  1.773E-03  1.799E-03  2.506E-03  2.922E-03  1.769E-03  3.001E-03  2.756E-03  3.068E-03  3.502E-03  4.367E-03  4.316E-03  4.830E-03  6.128E-03  7.259E-03  8.371E-03  1.031E-02  1.168E-02  1.289E-02  1.496E-02  1.902E-02  2.298E-02  2.644E-02  3.100E-02  3.644E-02  4.149E-02  4.942E-02  5.765E-02  6.570E-02  7.888E-02  8.899E-02  1.040E-01  1.173E-01  1.373E-01  1.517E-01  1.765E-01  1.994E-01  2.272E-01  2.610E-01  2.901E-01  3.372E-01  3.766E-01  4.218E-01  4.721E-01  5.343E-01  5.984E-01  6.627E-01  7.326E-01  8.170E-01  9.131E-01  1.001E+00  1.107E+00  1.218E+00  1.330E+00  1.454E+00  1.581E+00  1.732E+00  1.883E+00  2.032E+00  2.204E+00  2.379E+00  2.556E+00  2.733E+00  2.939E+00  3.135E+00  3.349E+00  3.567E+00  3.772E+00  4.012E+00  4.241E+00  4.499E+00  4.732E+00  4.986E+00  5.225E+00  5.478E+00  5.753E+00  6.010E+00  6.244E+00  6.529E+00  6.789E+00  7.046E+00  7.317E+00  7.579E+00  7.816E+00  8.085E+00  8.330E+00  8.592E+00  8.927E+00  9.260E+00  9.590E+00  9.895E+00  1.017E+01  1.040E+01  1.065E+01  1.083E+01  1.102E+01  1.120E+01  1.137E+01  1.154E+01  1.168E+01  1.180E+01  1.193E+01  1.207E+01  1.219E+01  1.231E+01  1.241E+01  1.254E+01  1.262E+01  1.271E+01  1.277E+01  1.281E+01  1.288E+01  1.296E+01  1.300E+01  1.301E+01  1.307E+01  1.305E+01  1.307E+01  1.306E+01  1.306E+01  1.297E+01  1.291E+01  1.284E+01  1.277E+01  1.263E+01  1.250E+01  1.237E+01  1.216E+01  1.201E+01  1.180E+01  1.155E+01  1.131E+01  1.106E+01  1.077E+01  1.047E+01  1.018E+01  9.832E+00  9.459E+00  9.163E+00  8.785E+00  8.414E+00  8.056E+00  7.680E+00  7.295E+00  6.918E+00  6.553E+00  6.186E+00  5.832E+00  5.445E+00  5.109E+00  4.759E+00  4.423E+00  4.088E+00  3.783E+00  3.480E+00  3.209E+00  2.937E+00  2.689E+00  2.438E+00  2.213E+00  1.993E+00  1.810E+00  1.622E+00  1.452E+00  1.298E+00  1.155E+00  1.030E+00  9.108E-01  7.988E-01  7.062E-01  6.192E-01  5.356E-01  4.724E-01  4.055E-01  3.527E-01  3.065E-01  2.624E-01  2.248E-01  1.916E-01  1.665E-01  1.396E-01  1.183E-01  1.020E-01  8.496E-02  7.235E-02  6.201E-02  4.993E-02  4.247E-02  3.534E-02  3.076E-02  2.528E-02  2.087E-02  1.713E-02  1.470E-02  1.173E-02  9.803E-03  8.743E-03  7.493E-03  5.756E-03  4.874E-03  4.000E-03  3.034E-03  2.826E-03  2.290E-03  1.664E-03  1.558E-03  1.147E-03  1.014E-03  8.403E-04  6.503E-04  5.875E-04  5.635E-04  3.826E-04  1.957E-04  2.186E-04  2.044E-04  1.611E-04  1.083E-04  1.186E-04  1.069E-04  4.219E-05  0.000E+00  Z
 4.908E-04  8.045E-04  9.329E-04  1.313E-03  6.937E-04  1.047E-03  1.731E-03  1.433E-03  1.120E-03  1.434E-03  1.464E-03  1.302E-03  1.571E-03  2.002E-03  1.971E-03  1.744E-03  2.255E-03  2.146E-03  1.938E-03  2.334E-03  3.037E-03  2.714E-03  2.308E-03  3.234E-03  3.270E-03  3.560E-03  4.695E-03  5.265E-03  5.998E-03  7.190E-03  7.634E-03  9.610E-03  1.181E-02  1.191E-02  1.733E-02  1.893E-02  2.243E-02  2.578E-02  3.085E-02  3.486E-02  3.914E-02  4.800E-02  5.588E-02  6.385E-02  7.233E-02  8.487E-02  9.721E-02  1.098E-01  1.301E-01  1.475E-01  1.682E-01  1.908E-01  2.232E-01  2.501E-01  2.832E-01  3.226E-01  3.627E-01  4.083E-01  4.568E-01  5.124E-01  5.761E-01  6.380E-01  7.175E-01  7.902E-01  8.807E-01  9.635E-01  1.078E+00  1.180E+00  1.289E+00  1.412E+00  1.549E+00  1.686E+00  1.833E+00  1.976E+00  2.146E+00  2.318E+00  2.499E+00  2.676E+00  2.867E+00  3.073E+00  3.276E+00  3.493E+00  3.719E+00  3.959E+00  4.185E+00  4.434E+00  4.667E+00  4.908E+00  5.187E+00  5.431E+00  5.688E+00  5.962E+00  6.230E+00  6.502E+00  6.773E+00  7.041E+00  7.317E+00  7.567E+00  7.827E+00  8.088E+00  8.358E+00  8.676E+00  8.995E+00  9.341E+00  9.690E+00  1.000E+01  1.031E+01  1.057E+01  1.084E+01  1.105E+01  1.126E+01  1.148E+01  1.168E+01  1.189E+01  1.203E+01  1.221E+01  1.238E+01  1.255E+01  1.273E+01  1.286E+01  1.302E+01  1.315E+01  1.327E+01  1.340E+01  1.354E+01  1.366E+01  1.374E+01  1.384E+01  1.398E+01  1.403E+01  1.418E+01  1.420E+01  1.425E+01  1.430E+01  1.432E+01  1.437E+01  1.436E+01  1.436E+01  1.435E+01  1.427E+01  1.424E+01  1.414E+01  1.406E+01  1.396E+01  1.381E+01  1.363E+01  1.349E+01  1.329E+01  1.309E+01  1.282E+01  1.256E+01  1.231E+01  1.199E+01  1.169E+01  1.133E+01  1.099E+01  1.062E+01  1.026E+01  9.900E+00  9.459E+00  9.077E+00  8.659E+00  8.273E+00  7.843E+00  7.434E+00  7.036E+00  6.608E+00  6.217E+00  5.837E+00  5.450E+00  5.081E+00  4.701E+00  4.372E+00  4.032E+00  3.710E+00  3.404E+00  3.115E+00  2.846E+00  2.591E+00  2.345E+00  2.120E+00  1.905E+00  1.717E+00  1.531E+00  1.364E+00  1.217E+00  1.073E+00  9.576E-01  8.453E-01  7.466E-01  6.450E-01  5.678E-01  4.927E-01  4.245E-01  3.710E-01  3.180E-01  2.748E-01  2.366E-01  2.027E-01  1.726E-01  1.479E-01  1.245E-01  1.034E-01  8.962E-02  7.438E-02  6.447E-02  5.185E-02  4.356E-02  3.705E-02  3.122E-02  2.618E-02  2.148E-02  1.784E-02  1.425E-02  1.228E-02  1.062E-02  8.445E-03  7.181E-03  5.680E-03  4.639E-03  3.695E-03  3.204E-03  2.605E-03  1.978E-03  1.743E-03  1.374E-03  1.230E-03  9.367E-04  8.556E-04  6.454E-04  5.148E-04  2.570E-04  3.621E-04  3.102E-04  2.118E-04  1.601E-04  1.283E-04  8.621E-05  7.401E-05  3.132E-05  3.187E-05  2.171E-05  5.224E-05  0.000E+00  Z
 4.902E-04  8.040E-04  1.035E-03  3.496E-04  8.491E-04  1.186E-03  9.633E-04  2.332E-03  1.962E-03  1.540E-03  1.462E-03  1.877E-03  2.038E-03  1.556E-03  1.630E-03  1.948E-03  1.935E-03  2.582E-03  2.660E-03  2.739E-03  2.633E-03  1.906E-03  2.721E-03  3.240E-03  3.962E-03  3.791E-03  4.601E-03  5.024E-03  6.212E-03  6.744E-03  7.984E-03  9.141E-03  1.258E-02  1.240E-02  1.567E-02  1.803E-02  2.063E-02  2.398E-02  2.794E-02  3.311E-02  4.012E-02  4.726E-02  5.247E-02  6.248E-02  7.222E-02  7.831E-02  9.439E-02  1.083E-01  1.223E-01  1.376E-01  1.612E-01  1.872E-01  2.103E-01  2.465E-01  2.775E-01  3.097E-01  3.469E-01  3.957E-01  4.436E-01  4.933E-01  5.527E-01  6.129E-01  6.951E-01  7.727E-01  8.552E-01  9.497E-01  1.045E+00  1.144E+00  1.258E+00  1.384E+00  1.509E+00  1.646E+00  1.798E+00  1.939E+00  2.096E+00  2.264E+00  2.448E+00  2.635E+00  2.830E+00  3.018E+00  3.239E+00  3.434E+00  3.671E+00  3.891E+00  4.129E+00  4.374E+00  4.623E+00  4.884E+00  5.132E+00  5.399E+00  5.672E+00  5.944E+00  6.203E+00  6.486E+00  6.750E+00  7.045E+00  7.321E+00  7.569E+00  7.839E+00  8.136E+00  8.384E+00  8.718E+00  9.047E+00  9.394E+00  9.737E+00  1.008E+01  1.039E+01  1.066E+01  1.093E+01  1.119E+01  1.142E+01  1.167E+01  1.187E+01  1.207E+01  1.226E+01  1.250E+01  1.267E+01  1.288E+01  1.305E+01  1.319E+01  1.340E+01  1.354E+01  1.373E+01  1.389E+01  1.404E+01  1.420E+01  1.432E+01  1.447E+01  1.460E+01  1.470E+01  1.485E+01  1.496E+01  1.502E+01  1.513E+01  1.521E+01  1.528E+01  1.531E+01  1.534E+01  1.537E+01  1.537E+01  1.538E+01  1.535E+01  1.531E+01  1.524E+01  1.515E+01  1.506E+01  1.494E+01  1.481E+01  1.467E+01  1.445E+01  1.427E+01  1.401E+01  1.377E+01  1.348E+01  1.320E+01  1.289E+01  1.255E+01  1.222E+01  1.183E+01  1.145E+01  1.106E+01  1.068E+01  1.024E+01  9.806E+00  9.355E+00  8.942E+00  8.489E+00  8.065E+00  7.612E+00  7.188E+00  6.754E+00  6.318E+00  5.902E+00  5.522E+00  5.139E+00  4.758E+00  4.400E+00  4.057E+00  3.723E+00  3.407E+00  3.111E+00  2.822E+00  2.574E+00  2.335E+00  2.092E+00  1.884E+00  1.685E+00  1.508E+00  1.342E+00  1.192E+00  1.050E+00  9.275E-01  8.189E-01  7.081E-01  6.244E-01  5.456E-01  4.714E-01  4.088E-01  3.542E-01  3.077E-01  2.632E-01  2.230E-01  1.918E-01  1.631E-01  1.390E-01  1.173E-01  9.838E-02  8.368E-02  7.080E-02  5.909E-02  4.960E-02  4.179E-02  3.599E-02  2.956E-02  2.416E-02  1.933E-02  1.607E-02  1.412E-02  1.128E-02  9.649E-03  7.601E-03  6.792E-03  5.199E-03  4.423E-03  3.732E-03  2.778E-03  2.510E-03  1.991E-03  1.517E-03  1.276E-03  1.066E-03  8.697E-04  5.807E-04  5.882E-04  4.496E-04  4.885E-04  2.857E-04  2.904E-04  1.374E-04  1.888E-04  1.803E-04  1.474E-04  9.595E-05  1.153E-04  3.180E-05  4.166E-05  3.247E-05  5.240E-05  1.811E-04  Z
 4.900E-04  1.208E-03  9.311E-04  7.878E-04  9.257E-04  1.047E-03  1.217E-03  1.848E-03  1.681E-03  1.645E-03  1.412E-03  1.784E-03  1.481E-03  1.777E-03  1.720E-03  1.910E-03  1.932E-03  2.188E-03  2.434E-03  2.894E-03  2.813E-03  3.136E-03  3.347E-03  3.173E-03  3.367E-03  4.276E-03  4.252E-03  5.704E-03  5.719E-03  6.649E-03  8.527E-03  1.008E-02  1.075E-02  1.314E-02  1.448E-02  1.740E-02  2.059E-02  2.338E-02  2.666E-02  3.066E-02  3.790E-02  4.356E-02  5.126E-02  5.994E-02  6.578E-02  7.642E-02  8.927E-02  1.044E-01  1.199E-01  1.378E-01  1.567E-01  1.760E-01  2.050E-01  2.342E-01  2.608E-01  2.965E-01  3.389E-01  3.743E-01  4.244E-01  4.801E-01  5.383E-01  6.056E-01  6.653E-01  7.504E-01  8.252E-01  9.149E-01  1.013E+00  1.116E+00  1.226E+00  1.345E+00  1.474E+00  1.598E+00  1.750E+00  1.884E+00  2.066E+00  2.221E+00  2.384E+00  2.576E+00  2.764E+00  2.965E+00  3.164E+00  3.384E+00  3.609E+00  3.836E+00  4.080E+00  4.316E+00  4.583E+00  4.802E+00  5.073E+00  5.336E+00  5.622E+00  5.889E+00  6.175E+00  6.448E+00  6.728E+00  6.993E+00  7.269E+00  7.575E+00  7.841E+00  8.135E+00  8.430E+00  8.732E+00  9.089E+00  9.463E+00  9.803E+00  1.017E+01  1.049E+01  1.081E+01  1.108E+01  1.138E+01  1.163E+01  1.188E+01  1.214E+01  1.235E+01  1.262E+01  1.283E+01  1.308E+01  1.330E+01  1.349E+01  1.370E+01  1.392E+01  1.413E+01  1.434E+01  1.452E+01  1.473E+01  1.493E+01  1.511E+01  1.530E+01  1.546E+01  1.565E+01  1.578E+01  1.599E+01  1.612E+01  1.627E+01  1.639E+01  1.649E+01  1.662E+01  1.671E+01  1.680E+01  1.687E+01  1.693E+01  1.695E+01  1.699E+01  1.701E+01  1.697E+01  1.696E+01  1.691E+01  1.687E+01  1.675E+01  1.664E+01  1.650E+01  1.638E+01  1.621E+01  1.597E+01  1.578E+01  1.551E+01  1.526E+01  1.497E+01  1.463E+01  1.433E+01  1.394E+01  1.359E+01  1.319E+01  1.278E+01  1.233E+01  1.190E+01  1.145E+01  1.098E+01  1.051E+01  1.004E+01  9.544E+00  9.053E+00  8.592E+00  8.118E+00  7.630E+00  7.170E+00  6.712E+00  6.296E+00  5.847E+00  5.425E+00  5.020E+00  4.636E+00  4.253E+00  3.920E+00  3.580E+00  3.277E+00  2.964E+00  2.692E+00  2.433E+00  2.184E+00  1.964E+00  1.759E+00  1.569E+00  1.400E+00  1.232E+00  1.089E+00  9.666E-01  8.432E-01  7.384E-01  6.469E-01  5.622E-01  4.879E-01  4.228E-01  3.622E-01  3.154E-01  2.669E-01  2.303E-01  1.950E-01  1.665E-01  1.419E-01  1.193E-01  1.021E-01  8.598E-02  7.100E-02  6.127E-02  4.913E-02  4.228E-02  3.514E-02  2.875E-02  2.400E-02  2.052E-02  1.681E-02  1.427E-02  1.172E-02  9.226E-03  7.742E-03  6.476E-03  5.399E-03  4.188E-03  3.635E-03  2.870E-03  2.641E-03  2.124E-03  1.499E-03  1.455E-03  1.034E-03  9.718E-04  5.745E-04  6.701E-04  4.974E-04  3.078E-04  2.847E-04  1.900E-04  2.520E-04  1.362E-04  1.854E-04  1.359E-04  6.232E-05  3.877E-04  Z
 7.364E-04  1.611E-03  1.036E-03  1.574E-03  1.234E-03  1.601E-03  1.795E-03  1.133E-03  1.909E-03  1.483E-03  1.666E-03  1.831E-03  1.985E-03  1.602E-03  2.537E-03  2.451E-03  2.696E-03  2.498E-03  3.084E-03  2.850E-03  2.452E-03  3.140E-03  3.135E-03  4.152E-03  3.662E-03  4.243E-03  4.734E-03  4.769E-03  6.308E-03  7.526E-03  6.841E-03  9.474E-03  1.026E-02  1.208E-02  1.393E-02  1.604E-02  1.888E-02  2.290E-02  2.613E-02  3.178E-02  3.892E-02  4.196E-02  5.052E-02  5.775E-02  6.567E-02  7.734E-02  9.023E-02  1.042E-01  1.154E-01  1.297E-01  1.494E-01  1.731E-01  2.008E-01  2.265E-01  2.581E-01  2.903E-01  3.257E-01  3.712E-01  4.180E-01  4.681E-01  5.252E-01  5.849E-01  6.550E-01  7.315E-01  8.080E-01  8.927E-01  9.920E-01  1.092E+00  1.189E+00  1.320E+00  1.443E+00  1.573E+00  1.715E+00  1.864E+00  2.022E+00  2.182E+00  2.349E+00  2.549E+00  2.725E+00  2.923E+00  3.122E+00  3.340E+00  3.564E+00  3.783E+00  4.028E+00  4.276E+00  4.529E+00  4.767E+00  5.027E+00  5.302E+00  5.570E+00  5.846E+00  6.138E+00  6.405E+00  6.688E+00  6.985E+00  7.290E+00  7.570E+00  7.833E+00  8.133E+00  8.427E+00  8.765E+00  9.130E+00  9.462E+00  9.844E+00  1.022E+01  1.053E+01  1.087E+01  1.118E+01  1.148E+01  1.174E+01  1.201E+01  1.228E+01  1.256E+01  1.280E+01  1.305E+01  1.327E+01  1.354E+01  1.377E+01  1.403E+01  1.425E+01  1.450E+01  1.472E+01  1.494E+01  1.515E+01  1.536E+01  1.561E+01  1.583E+01  1.606E+01  1.624E+01  1.646E+01  1.662E+01  1.682E+01  1.700E+01  1.717E+01  1.731E+01  1.747E+01  1.763E+01  1.772E+01  1.784E+01  1.799E+01  1.804E+01  1.816E+01  1.819E+01  1.824E+01  1.826E+01  1.823E+01  1.825E+01  1.820E+01  1.815E+01  1.807E+01  1.798E+01  1.785E+01  1.769E+01  1.754E+01  1.735E+01  1.715E+01  1.690E+01  1.666E+01  1.635E+01  1.605E+01  1.570E+01  1.536E+01  1.495E+01  1.455E+01  1.414E+01  1.372E+01  1.324E+01  1.276E+01  1.227E+01  1.179E+01  1.126E+01  1.076E+01  1.027E+01  9.743E+00  9.232E+00  8.717E+00  8.247E+00  7.735E+00  7.260E+00  6.767E+00  6.322E+00  5.860E+00  5.441E+00  5.011E+00  4.613E+00  4.246E+00  3.887E+00  3.537E+00  3.223E+00  2.914E+00  2.646E+00  2.379E+00  2.148E+00  1.911E+00  1.694E+00  1.520E+00  1.351E+00  1.189E+00  1.058E+00  9.227E-01  8.133E-01  7.091E-01  6.143E-01  5.354E-01  4.632E-01  4.003E-01  3.441E-01  3.004E-01  2.532E-01  2.166E-01  1.841E-01  1.583E-01  1.316E-01  1.103E-01  9.640E-02  7.889E-02  6.626E-02  5.654E-02  4.732E-02  3.815E-02  3.322E-02  2.651E-02  2.270E-02  1.904E-02  1.564E-02  1.317E-02  1.091E-02  8.558E-03  7.780E-03  5.909E-03  5.100E-03  3.777E-03  2.845E-03  2.585E-03  2.316E-03  1.586E-03  1.644E-03  1.211E-03  8.466E-04  8.078E-04  5.714E-04  4.342E-04  3.263E-04  2.105E-04  2.375E-04  1.662E-04  2.400E-04  5.986E-04  Z
 7.360E-04  8.052E-04  8.271E-04  1.312E-03  1.079E-03  2.092E-03  1.859E-03  1.849E-03  1.684E-03  2.069E-03  2.118E-03  2.311E-03  2.548E-03  2.496E-03  2.791E-03  2.573E-03  3.018E-03  2.420E-03  2.963E-03  3.110E-03  2.958E-03  3.667E-03  3.518E-03  4.047E-03  3.631E-03  4.340E-03  4.411E-03  6.049E-03  5.483E-03  6.013E-03  7.520E-03  9.320E-03  1.061E-02  1.157E-02  1.325E-02  1.651E-02  2.015E-02  2.248E-02  2.498E-02  3.099E-02  3.310E-02  4.252E-02  4.596E-02  5.561E-02  6.412E-02  7.310E-02  8.574E-02  9.856E-02  1.087E-01  1.287E-01  1.451E-01  1.647E-01  1.899E-01  2.154E-01  2.492E-01  2.831E-01  3.168E-01  3.606E-01  4.049E-01  4.424E-01  5.068E-01  5.709E-01  6.295E-01  7.055E-01  7.793E-01  8.754E-01  9.583E-01  1.063E+00  1.166E+00  1.279E+00  1.394E+00  1.525E+00  1.665E+00  1.816E+00  1.974E+00  2.127E+00  2.299E+00  2.484E+00  2.669E+00  2.853E+00  3.083E+00  3.294E+00  3.509E+00  3.733E+00  3.948E+00  4.223E+00  4.468E+00  4.724E+00  4.978E+00  5.244E+00  5.524E+00  5.823E+00  6.101E+00  6.373E+00  6.659E+00  6.956E+00  7.262E+00  7.547E+00  7.835E+00  8.140E+00  8.443E+00  8.767E+00  9.113E+00  9.525E+00  9.892E+00  1.030E+01  1.066E+01  1.097E+01  1.128E+01  1.163E+01  1.195E+01  1.222E+01  1.250E+01  1.279E+01  1.306E+01  1.336E+01  1.363E+01  1.390E+01  1.419E+01  1.444E+01  1.469E+01  1.493E+01  1.523E+01  1.549E+01  1.576E+01  1.606E+01  1.630E+01  1.656E+01  1.682E+01  1.706E+01  1.731E+01  1.757E+01  1.782E+01  1.801E+01  1.825E+01  1.850E+01  1.866E+01  1.891E+01  1.907E+01  1.926E+01  1.945E+01  1.955E+01  1.972E+01  1.984E+01  1.991E+01  2.004E+01  2.011E+01  2.017E+01  2.022E+01  2.021E+01  2.023E+01  2.020E+01  2.016E+01  2.010E+01  1.998E+01  1.989E+01  1.976E+01  1.958E+01  1.942E+01  1.916E+01  1.891E+01  1.869E+01  1.837E+01  1.808E+01  1.775E+01  1.736E+01  1.698E+01  1.653E+01  1.613E+01  1.567E+01  1.517E+01  1.469E+01  1.417E+01  1.363E+01  1.310E+01  1.255E+01  1.203E+01  1.144E+01  1.088E+01  1.032E+01  9.767E+00  9.231E+00  8.675E+00  8.153E+00  7.610E+00  7.119E+00  6.609E+00  6.136E+00  5.682E+00  5.225E+00  4.819E+00  4.400E+00  4.029E+00  3.667E+00  3.330E+00  3.027E+00  2.725E+00  2.453E+00  2.198E+00  1.965E+00  1.752E+00  1.554E+00  1.378E+00  1.221E+00  1.072E+00  9.402E-01  8.235E-01  7.181E-01  6.265E-01  5.421E-01  4.648E-01  4.068E-01  3.518E-01  2.961E-01  2.545E-01  2.180E-01  1.864E-01  1.569E-01  1.357E-01  1.137E-01  9.449E-02  7.961E-02  6.692E-02  5.501E-02  4.612E-02  3.903E-02  3.301E-02  2.689E-02  2.233E-02  1.798E-02  1.528E-02  1.251E-02  1.062E-02  7.988E-03  7.747E-03  5.545E-03  4.705E-03  3.736E-03  3.401E-03  2.510E-03  2.018E-03  1.579E-03  1.557E-03  1.199E-03  9.725E-04  7.300E-04  5.969E-04  5.103E-04  1.675E-03  Z
 9.816E-04  9.395E-04  8.294E-04  7.865E-04  1.541E-03  1.395E-03  1.028E-03  1.433E-03  1.403E-03  1.856E-03  1.916E-03  2.028E-03  2.405E-03  1.957E-03  2.919E-03  2.787E-03  3.102E-03  3.280E-03  3.420E-03  2.996E-03  3.714E-03  3.702E-03  4.267E-03  3.338E-03  4.229E-03  4.753E-03  4.193E-03  5.498E-03  5.269E-03  6.830E-03  7.521E-03  9.486E-03  1.104E-02  1.205E-02  1.405E-02  1.635E-02  1.766E-02  2.079E-02  2.640E-02  2.994E-02  3.386E-02  3.822E-02  4.385E-02  5.350E-02  6.031E-02  7.019E-02  8.313E-02  9.247E-02  1.068E-01  1.207E-01  1.418E-01  1.571E-01  1.824E-01  2.054E-01  2.374E-01  2.706E-01  3.035E-01  3.442E-01  3.836E-01  4.339E-01  4.887E-01  5.456E-01  6.116E-01  6.792E-01  7.567E-01  8.299E-01  9.250E-01  1.017E+00  1.127E+00  1.241E+00  1.367E+00  1.484E+00  1.613E+00  1.760E+00  1.911E+00  2.074E+00  2.235E+00  2.420E+00  2.596E+00  2.808E+00  3.002E+00  3.207E+00  3.433E+00  3.661E+00  3.881E+00  4.128E+00  4.359E+00  4.646E+00  4.924E+00  5.158E+00  5.437E+00  5.735E+00  6.008E+00  6.298E+00  6.625E+00  6.911E+00  7.214E+00  7.510E+00  7.836E+00  8.144E+00  8.444E+00  8.774E+00  9.156E+00  9.550E+00  9.965E+00  1.035E+01  1.070E+01  1.107E+01  1.139E+01  1.178E+01  1.209E+01  1.240E+01  1.274E+01  1.305E+01  1.336E+01  1.365E+01  1.395E+01  1.429E+01  1.460E+01  1.491E+01  1.523E+01  1.551E+01  1.585E+01  1.618E+01  1.647E+01  1.681E+01  1.711E+01  1.744E+01  1.772E+01  1.806E+01  1.836E+01  1.866E+01  1.895E+01  1.927E+01  1.955E+01  1.986E+01  2.011E+01  2.040E+01  2.068E+01  2.090E+01  2.116E+01  2.140E+01  2.160E+01  2.183E+01  2.202E+01  2.225E+01  2.236E+01  2.250E+01  2.262E+01  2.280E+01  2.284E+01  2.292E+01  2.297E+01  2.300E+01  2.299E+01  2.298E+01  2.297E+01  2.289E+01  2.282E+01  2.273E+01  2.257E+01  2.237E+01  2.223E+01  2.197E+01  2.174E+01  2.150E+01  2.118E+01  2.086E+01  2.048E+01  2.010E+01  1.969E+01  1.926E+01  1.876E+01  1.830E+01  1.777E+01  1.727E+01  1.671E+01  1.613E+01  1.558E+01  1.497E+01  1.434E+01  1.373E+01  1.313E+01  1.246E+01  1.183E+01  1.123E+01  1.060E+01  1.000E+01  9.387E+00  8.812E+00  8.208E+00  7.664E+00  7.131E+00  6.592E+00  6.094E+00  5.622E+00  5.141E+00  4.719E+00  4.299E+00  3.915E+00  3.555E+00  3.210E+00  2.892E+00  2.601E+00  2.329E+00  2.080E+00  1.852E+00  1.635E+00  1.458E+00  1.289E+00  1.130E+00  9.859E-01  8.634E-01  7.546E-01  6.529E-01  5.682E-01  4.930E-01  4.237E-01  3.597E-01  3.130E-01  2.687E-01  2.283E-01  1.930E-01  1.643E-01  1.381E-01  1.183E-01  9.774E-02  8.158E-02  7.028E-02  5.882E-02  4.916E-02  4.085E-02  3.307E-02  2.865E-02  2.396E-02  1.976E-02  1.662E-02  1.310E-02  1.139E-02  9.178E-03  7.685E-03  6.118E-03  4.704E-03  4.284E-03  3.351E-03  2.383E-03  2.275E-03  1.647E-03  6.290E-03  Z
