gamma
Z
Z
Z
Z
Z
Z
Z
Z
Z
Z
Z
Z
Z
Z
Z
Z
Z
Z
Z
Z
Z
Z
Z
Z
Z
 0.000E+00  0.000E+00  0.000E+00  0.000E+00  0.000E+00  0.000E+00  0.000E+00  0.000E+00  0.000E+00  0.000E+00  0.000E+00  0.000E+00  0.000E+00  0.000E+00  0.000E+00  0.000E+00  0.000E+00  0.000E+00  0.000E+00  0.000E+00  0.000E+00  0.000E+00  0.000E+00  0.000E+00  0.000E+00  0.000E+00  0.000E+00  3.118E-05  6.057E-05  8.963E-05  4.131E-04  2.626E-04  6.588E-04  1.499E-03  1.478E-03  2.081E-03  2.815E-03  3.600E-03  4.178E-03  5.797E-03  7.726E-03  8.867E-03  1.216E-02  1.400E-02  1.521E-02  1.985E-02  2.315E-02  2.796E-02  3.366E-02  4.019E-02  4.667E-02  5.569E-02  6.650E-02  7.819E-02  9.389E-02  1.109E-01  1.282E-01  1.481E-01  1.721E-01  1.968E-01  2.326E-01  2.679E-01  3.108E-01  3.522E-01  4.078E-01  4.631E-01  5.195E-01  5.879E-01  6.626E-01  7.450E-01  8.399E-01  9.422E-01  1.050E+00  1.175E+00  1.303E+00  1.453E+00  1.607E+00  1.782E+00  1.951E+00  2.141E+00  2.351E+00  2.559E+00  2.806E+00  3.036E+00  3.313E+00  3.574E+00  3.875E+00  4.174E+00  4.482E+00  4.823E+00  5.153E+00  5.492E+00  5.858E+00  6.257E+00  6.624E+00  7.019E+00  7.420E+00  7.805E+00  8.226E+00  8.674E+00  9.070E+00  9.475E+00  9.910E+00  1.034E+01  1.076E+01  1.119E+01  1.158E+01  1.199E+01  1.239E+01  1.279E+01  1.316E+01  1.352E+01  1.387E+01  1.420E+01  1.457E+01  1.493E+01  1.530E+01  1.566E+01  1.603E+01  1.626E+01  1.650E+01  1.664E+01  1.676E+01  1.682E+01  1.684E+01  1.682E+01  1.675E+01  1.665E+01  1.652E+01  1.637E+01  1.618E+01  1.595E+01  1.570E+01  1.544E+01  1.511E+01  1.477E+01  1.438E+01  1.403E+01  1.358E+01  1.315E+01  1.271E+01  1.224E+01  1.176E+01  1.127E+01  1.078E+01  1.028E+01  9.765E+00  9.270E+00  8.763E+00  8.259E+00  7.772E+00  7.286E+00  6.807E+00  6.349E+00  5.910E+00  5.459E+00  5.041E+00  4.642E+00  4.275E+00  3.892E+00  3.550E+00  3.234E+00  2.928E+00  2.639E+00  2.384E+00  2.150E+00  1.913E+00  1.713E+00  1.526E+00  1.358E+00  1.195E+00  1.054E+00  9.299E-01  8.239E-01  7.145E-01  6.250E-01  5.431E-01  4.692E-01  4.103E-01  3.555E-01  3.083E-01  2.675E-01  2.298E-01  1.987E-01  1.759E-01  1.484E-01  1.295E-01  1.140E-01  9.818E-02  8.643E-02  7.609E-02  6.824E-02  5.854E-02  5.191E-02  4.874E-02  4.370E-02  4.021E-02  3.498E-02  3.398E-02  3.128E-02  2.974E-02  2.952E-02  2.730E-02  2.814E-02  2.706E-02  2.586E-02  2.710E-02  2.453E-02  2.627E-02  2.572E-02  2.465E-02  2.582E-02  2.473E-02  2.455E-02  2.517E-02  2.532E-02  2.435E-02  2.482E-02  2.551E-02  2.315E-02  2.372E-02  2.297E-02  2.274E-02  2.250E-02  2.189E-02  2.187E-02  2.168E-02  2.145E-02  2.093E-02  1.995E-02  2.028E-02  1.959E-02  1.886E-02  1.851E-02  1.876E-02  1.751E-02  1.763E-02  1.737E-02  1.807E-02  1.741E-02  1.770E-02  1.710E-02  1.680E-02  1.708E-02  1.711E-02  1.724E-02  1.724E-02  1.731E-02  1.716E-01  Z
 0.000E+00  0.000E+00  0.000E+00  0.000E+00  0.000E+00  0.000E+00  0.000E+00  0.000E+00  0.000E+00  0.000E+00  0.000E+00  0.000E+00  0.000E+00  0.000E+00  0.000E+00  0.000E+00  0.000E+00  0.000E+00  0.000E+00  0.000E+00  0.000E+00  0.000E+00  6.931E-05  1.684E-04  2.982E-04  3.235E-04  1.910E-04  7.786E-04  4.902E-04  1.353E-03  1.890E-03  1.920E-03  2.267E-03  3.360E-03  3.817E-03  4.684E-03  5.524E-03  6.026E-03  8.365E-03  9.533E-03  1.206E-02  1.266E-02  1.620E-02  2.040E-02  2.291E-02  2.779E-02  3.327E-02  3.937E-02  4.439E-02  5.529E-02  6.239E-02  7.215E-02  8.385E-02  9.834E-02  1.167E-01  1.327E-01  1.506E-01  1.721E-01  1.990E-01  2.311E-01  2.662E-01  3.011E-01  3.417E-01  3.862E-01  4.383E-01  4.891E-01  5.642E-01  6.296E-01  7.077E-01  7.924E-01  8.832E-01  9.754E-01  1.094E+00  1.219E+00  1.339E+00  1.476E+00  1.635E+00  1.782E+00  1.972E+00  2.157E+00  2.361E+00  2.557E+00  2.788E+00  3.010E+00  3.274E+00  3.534E+00  3.809E+00  4.082E+00  4.388E+00  4.683E+00  5.019E+00  5.366E+00  5.695E+00  6.068E+00  6.414E+00  6.834E+00  7.204E+00  7.622E+00  7.999E+00  8.385E+00  8.774E+00  9.179E+00  9.623E+00  1.000E+01  1.043E+01  1.084E+01  1.123E+01  1.166E+01  1.203E+01  1.242E+01  1.283E+01  1.320E+01  1.359E+01  1.398E+01  1.434E+01  1.468E+01  1.503E+01  1.534E+01  1.564E+01  1.587E+01  1.613E+01  1.630E+01  1.648E+01  1.660E+01  1.670E+01  1.678E+01  1.675E+01  1.675E+01  1.670E+01  1.660E+01  1.645E+01  1.631E+01  1.606E+01  1.586E+01  1.556E+01  1.526E+01  1.494E+01  1.459E+01  1.422E+01  1.382E+01  1.340E+01  1.295E+01  1.250E+01  1.202E+01  1.152E+01  1.106E+01  1.054E+01  1.005E+01  9.553E+00  9.038E+00  8.522E+00  8.027E+00  7.544E+00  7.047E+00  6.579E+00  6.129E+00  5.692E+00  5.275E+00  4.853E+00  4.461E+00  4.082E+00  3.731E+00  3.401E+00  3.081E+00  2.783E+00  2.521E+00  2.272E+00  2.040E+00  1.825E+00  1.619E+00  1.449E+00  1.278E+00  1.136E+00  9.952E-01  8.782E-01  7.691E-01  6.755E-01  5.886E-01  5.115E-01  4.449E-01  3.859E-01  3.350E-01  2.884E-01  2.499E-01  2.171E-01  1.893E-01  1.643E-01  1.405E-01  1.224E-01  1.075E-01  9.276E-02  8.260E-02  7.281E-02  6.382E-02  5.678E-02  5.133E-02  4.523E-02  4.157E-02  3.741E-02  3.645E-02  3.388E-02  3.112E-02  3.026E-02  2.882E-02  2.809E-02  2.767E-02  2.651E-02  2.687E-02  2.627E-02  2.560E-02  2.550E-02  2.576E-02  2.486E-02  2.574E-02  2.455E-02  2.515E-02  2.567E-02  2.545E-02  2.520E-02  2.371E-02  2.370E-02  2.309E-02  2.339E-02  2.198E-02  2.216E-02  2.170E-02  2.089E-02  2.169E-02  2.096E-02  2.053E-02  1.931E-02  1.884E-02  1.908E-02  1.879E-02  1.849E-02  1.877E-02  1.927E-02  1.868E-02  1.774E-02  1.809E-02  1.808E-02  1.783E-02  1.764E-02  1.703E-02  1.750E-02  1.692E-02  1.757E-02  1.764E-02  1.715E-01  Z
 0.000E+00  0.000E+00  0.000E+00  0.000E+00  0.000E+00  0.000E+00  0.000E+00  0.000E+00  0.000E+00  0.000E+00  0.000E+00  0.000E+00  0.000E+00  0.000E+00  0.000E+00  1.247E-04  0.000E+00  1.167E-04  3.820E-05  3.690E-04  1.801E-04  3.523E-04  3.099E-04  5.053E-04  4.262E-04  7.468E-04  1.428E-03  1.779E-03  2.198E-03  2.133E-03  2.989E-03  3.579E-03  4.101E-03  4.916E-03  6.529E-03  7.926E-03  7.846E-03  9.898E-03  1.290E-02  1.377E-02  1.669E-02  2.077E-02  2.270E-02  2.696E-02  3.129E-02  3.561E-02  4.184E-02  4.758E-02  5.849E-02  6.725E-02  7.614E-02  8.997E-02  1.021E-01  1.179E-01  1.350E-01  1.563E-01  1.771E-01  2.022E-01  2.325E-01  2.649E-01  2.946E-01  3.356E-01  3.770E-01  4.226E-01  4.782E-01  5.327E-01  6.039E-01  6.697E-01  7.534E-01  8.274E-01  9.235E-01  1.027E+00  1.142E+00  1.258E+00  1.364E+00  1.502E+00  1.663E+00  1.812E+00  1.979E+00  2.157E+00  2.357E+00  2.549E+00  2.767E+00  2.978E+00  3.220E+00  3.476E+00  3.735E+00  3.997E+00  4.287E+00  4.581E+00  4.904E+00  5.200E+00  5.543E+00  5.882E+00  6.225E+00  6.582E+00  6.950E+00  7.315E+00  7.702E+00  8.092E+00  8.474E+00  8.904E+00  9.296E+00  9.683E+00  1.006E+01  1.047E+01  1.087E+01  1.129E+01  1.170E+01  1.211E+01  1.248E+01  1.292E+01  1.332E+01  1.368E+01  1.407E+01  1.443E+01  1.474E+01  1.510E+01  1.536E+01  1.565E+01  1.591E+01  1.613E+01  1.633E+01  1.653E+01  1.665E+01  1.679E+01  1.687E+01  1.695E+01  1.698E+01  1.698E+01  1.696E+01  1.688E+01  1.679E+01  1.665E+01  1.649E+01  1.624E+01  1.602E+01  1.571E+01  1.542E+01  1.509E+01  1.471E+01  1.434E+01  1.391E+01  1.349E+01  1.302E+01  1.256E+01  1.208E+01  1.156E+01  1.106E+01  1.057E+01  1.004E+01  9.531E+00  9.004E+00  8.508E+00  7.980E+00  7.500E+00  7.021E+00  6.550E+00  6.084E+00  5.632E+00  5.215E+00  4.791E+00  4.403E+00  4.041E+00  3.681E+00  3.352E+00  3.039E+00  2.755E+00  2.489E+00  2.232E+00  2.002E+00  1.786E+00  1.588E+00  1.406E+00  1.250E+00  1.108E+00  9.745E-01  8.563E-01  7.534E-01  6.635E-01  5.745E-01  4.949E-01  4.292E-01  3.794E-01  3.259E-01  2.820E-01  2.428E-01  2.125E-01  1.825E-01  1.598E-01  1.355E-01  1.183E-01  1.020E-01  9.034E-02  7.947E-02  7.055E-02  6.237E-02  5.441E-02  5.052E-02  4.367E-02  4.033E-02  3.749E-02  3.631E-02  3.294E-02  3.220E-02  3.084E-02  2.937E-02  2.897E-02  2.828E-02  2.616E-02  2.626E-02  2.669E-02  2.530E-02  2.406E-02  2.390E-02  2.444E-02  2.484E-02  2.423E-02  2.414E-02  2.385E-02  2.399E-02  2.312E-02  2.321E-02  2.197E-02  2.250E-02  2.144E-02  2.192E-02  2.028E-02  2.060E-02  1.984E-02  2.066E-02  1.985E-02  2.034E-02  1.966E-02  1.911E-02  1.925E-02  1.871E-02  1.805E-02  1.765E-02  1.819E-02  1.832E-02  1.798E-02  1.738E-02  1.738E-02  1.739E-02  1.673E-02  1.681E-02  1.735E-02  1.741E-01  Z
 0.000E+00  0.000E+00  0.000E+00  0.000E+00  0.000E+00  0.000E+00  0.000E+00  0.000E+00  0.000E+00  0.000E+00  5.019E-05  0.000E+00  9.322E-05  8.925E-05  8.669E-05  2.086E-04  1.211E-04  3.894E-04  4.192E-04  9.992E-04  1.296E-03  1.198E-03  1.170E-03  1.347E-03  1.518E-03  2.394E-03  3.049E-03  3.549E-03  3.486E-03  4.908E-03  4.766E-03  6.197E-03  6.656E-03  6.907E-03  8.090E-03  1.001E-02  1.248E-02  1.276E-02  1.591E-02  1.743E-02  2.128E-02  2.287E-02  2.645E-02  3.174E-02  3.715E-02  4.334E-02  5.060E-02  5.767E-02  6.658E-02  7.600E-02  8.508E-02  1.000E-01  1.143E-01  1.323E-01  1.492E-01  1.709E-01  1.939E-01  2.203E-01  2.487E-01  2.786E-01  3.158E-01  3.562E-01  4.046E-01  4.475E-01  4.971E-01  5.554E-01  6.245E-01  6.983E-01  7.792E-01  8.576E-01  9.431E-01  1.048E+00  1.149E+00  1.271E+00  1.390E+00  1.520E+00  1.673E+00  1.816E+00  1.981E+00  2.151E+00  2.343E+00  2.529E+00  2.729E+00  2.975E+00  3.194E+00  3.425E+00  3.676E+00  3.945E+00  4.206E+00  4.486E+00  4.793E+00  5.111E+00  5.422E+00  5.730E+00  6.095E+00  6.438E+00  6.777E+00  7.122E+00  7.502E+00  7.893E+00  8.289E+00  8.657E+00  9.025E+00  9.417E+00  9.832E+00  1.024E+01  1.063E+01  1.103E+01  1.145E+01  1.186E+01  1.230E+01  1.270E+01  1.312E+01  1.349E+01  1.390E+01  1.429E+01  1.459E+01  1.495E+01  1.530E+01  1.558E+01  1.588E+01  1.617E+01  1.641E+01  1.665E+01  1.684E+01  1.704E+01  1.718E+01  1.731E+01  1.746E+01  1.753E+01  1.758E+01  1.762E+01  1.763E+01  1.763E+01  1.755E+01  1.745E+01  1.734E+01  1.718E+01  1.699E+01  1.675E+01  1.651E+01  1.621E+01  1.593E+01  1.556E+01  1.518E+01  1.481E+01  1.434E+01  1.390E+01  1.344E+01  1.293E+01  1.244E+01  1.194E+01  1.142E+01  1.088E+01  1.033E+01  9.825E+00  9.297E+00  8.763E+00  8.254E+00  7.742E+00  7.237E+00  6.753E+00  6.263E+00  5.824E+00  5.365E+00  4.930E+00  4.543E+00  4.160E+00  3.792E+00  3.448E+00  3.133E+00  2.837E+00  2.565E+00  2.306E+00  2.064E+00  1.837E+00  1.642E+00  1.456E+00  1.298E+00  1.139E+00  1.006E+00  8.790E-01  7.744E-01  6.804E-01  5.872E-01  5.105E-01  4.502E-01  3.853E-01  3.354E-01  2.944E-01  2.508E-01  2.171E-01  1.886E-01  1.615E-01  1.425E-01  1.242E-01  1.065E-01  9.386E-02  8.422E-02  7.266E-02  6.439E-02  5.642E-02  4.965E-02  4.556E-02  4.204E-02  3.851E-02  3.672E-02  3.489E-02  3.222E-02  3.080E-02  2.894E-02  2.923E-02  2.843E-02  2.668E-02  2.793E-02  2.536E-02  2.517E-02  2.467E-02  2.437E-02  2.442E-02  2.450E-02  2.396E-02  2.324E-02  2.266E-02  2.267E-02  2.146E-02  2.220E-02  2.146E-02  2.169E-02  2.097E-02  2.036E-02  2.021E-02  1.998E-02  2.063E-02  2.011E-02  1.936E-02  1.944E-02  1.902E-02  1.805E-02  1.847E-02  1.765E-02  1.847E-02  1.767E-02  1.729E-02  1.749E-02  1.716E-02  1.824E-02  1.679E-02  1.741E-01  Z
 0.000E+00  0.000E+00  0.000E+00  0.000E+00  0.000E+00  0.000E+00  0.000E+00  0.000E+00  0.000E+00  0.000E+00  1.008E-04  2.898E-04  8.342E-04  7.547E-04  8.151E-04  8.321E-04  1.525E-03  1.292E-03  1.520E-03  1.739E-03  1.954E-03  2.290E-03  2.310E-03  3.177E-03  3.372E-03  3.208E-03  3.649E-03  3.986E-03  4.715E-03  5.208E-03  5.685E-03  7.341E-03  6.622E-03  8.123E-03  9.213E-03  1.147E-02  1.260E-02  1.448E-02  1.715E-02  1.841E-02  2.330E-02  2.501E-02  2.913E-02  3.437E-02  3.949E-02  4.395E-02  5.289E-02  6.066E-02  6.810E-02  7.491E-02  9.058E-02  1.015E-01  1.162E-01  1.320E-01  1.517E-01  1.751E-01  1.963E-01  2.191E-01  2.522E-01  2.806E-01  3.138E-01  3.572E-01  4.011E-01  4.513E-01  5.007E-01  5.590E-01  6.251E-01  6.883E-01  7.731E-01  8.526E-01  9.395E-01  1.035E+00  1.143E+00  1.248E+00  1.373E+00  1.509E+00  1.649E+00  1.805E+00  1.952E+00  2.134E+00  2.314E+00  2.506E+00  2.717E+00  2.911E+00  3.135E+00  3.390E+00  3.638E+00  3.893E+00  4.159E+00  4.431E+00  4.739E+00  5.034E+00  5.337E+00  5.673E+00  5.996E+00  6.355E+00  6.694E+00  7.053E+00  7.431E+00  7.820E+00  8.165E+00  8.595E+00  8.959E+00  9.398E+00  9.759E+00  1.017E+01  1.058E+01  1.099E+01  1.140E+01  1.185E+01  1.229E+01  1.272E+01  1.313E+01  1.354E+01  1.393E+01  1.434E+01  1.472E+01  1.507E+01  1.542E+01  1.576E+01  1.611E+01  1.643E+01  1.670E+01  1.696E+01  1.722E+01  1.746E+01  1.766E+01  1.790E+01  1.806E+01  1.821E+01  1.830E+01  1.846E+01  1.852E+01  1.856E+01  1.859E+01  1.858E+01  1.858E+01  1.851E+01  1.844E+01  1.832E+01  1.818E+01  1.799E+01  1.779E+01  1.755E+01  1.727E+01  1.695E+01  1.664E+01  1.624E+01  1.587E+01  1.546E+01  1.501E+01  1.455E+01  1.406E+01  1.354E+01  1.300E+01  1.249E+01  1.193E+01  1.141E+01  1.082E+01  1.027E+01  9.732E+00  9.179E+00  8.657E+00  8.112E+00  7.592E+00  7.071E+00  6.588E+00  6.110E+00  5.637E+00  5.209E+00  4.776E+00  4.395E+00  4.008E+00  3.642E+00  3.309E+00  3.001E+00  2.699E+00  2.436E+00  2.177E+00  1.945E+00  1.740E+00  1.554E+00  1.375E+00  1.214E+00  1.075E+00  9.374E-01  8.335E-01  7.200E-01  6.271E-01  5.469E-01  4.805E-01  4.128E-01  3.596E-01  3.147E-01  2.707E-01  2.369E-01  2.016E-01  1.761E-01  1.521E-01  1.335E-01  1.145E-01  9.816E-02  8.488E-02  7.649E-02  6.660E-02  5.982E-02  5.407E-02  4.877E-02  4.536E-02  4.036E-02  3.748E-02  3.610E-02  3.367E-02  3.145E-02  3.190E-02  2.879E-02  2.896E-02  2.701E-02  2.711E-02  2.615E-02  2.382E-02  2.427E-02  2.376E-02  2.362E-02  2.339E-02  2.332E-02  2.201E-02  2.196E-02  2.172E-02  2.137E-02  2.070E-02  2.049E-02  2.122E-02  2.007E-02  1.953E-02  2.000E-02  1.972E-02  1.959E-02  1.886E-02  1.903E-02  1.879E-02  1.825E-02  1.805E-02  1.792E-02  1.819E-02  1.781E-02  1.741E-02  1.728E-02  1.750E-01  Z
 0.000E+00  0.000E+00  0.000E+00  0.000E+00  0.000E+00  6.932E-05  3.833E-04  7.155E-04  1.011E-03  1.273E-03  1.311E-03  1.542E-03  1.665E-03  1.468E-03  2.020E-03  1.952E-03  1.934E-03  2.618E-03  2.397E-03  2.479E-03  2.348E-03  3.136E-03  3.619E-03  3.235E-03  3.929E-03  3.630E-03  4.094E-03  4.803E-03  6.162E-03  5.984E-03  6.832E-03  8.347E-03  8.613E-03  1.019E-02  1.036E-02  1.317E-02  1.309E-02  1.579E-02  1.731E-02  1.998E-02  2.319E-02  2.730E-02  3.133E-02  3.681E-02  3.886E-02  4.470E-02  5.175E-02  5.962E-02  6.823E-02  7.966E-02  9.246E-02  1.012E-01  1.171E-01  1.315E-01  1.531E-01  1.715E-01  1.922E-01  2.216E-01  2.470E-01  2.777E-01  3.117E-01  3.470E-01  3.871E-01  4.458E-01  4.885E-01  5.492E-01  6.159E-01  6.820E-01  7.563E-01  8.413E-01  9.241E-01  1.013E+00  1.124E+00  1.240E+00  1.364E+00  1.488E+00  1.623E+00  1.771E+00  1.920E+00  2.092E+00  2.278E+00  2.454E+00  2.670E+00  2.873E+00  3.111E+00  3.337E+00  3.588E+00  3.851E+00  4.105E+00  4.390E+00  4.671E+00  4.978E+00  5.285E+00  5.625E+00  5.958E+00  6.312E+00  6.660E+00  7.030E+00  7.410E+00  7.767E+00  8.152E+00  8.545E+00  8.950E+00  9.353E+00  9.763E+00  1.019E+01  1.059E+01  1.103E+01  1.148E+01  1.190E+01  1.235E+01  1.280E+01  1.326E+01  1.369E+01  1.414E+01  1.452E+01  1.494E+01  1.540E+01  1.577E+01  1.615E+01  1.649E+01  1.687E+01  1.720E+01  1.749E+01  1.780E+01  1.807E+01  1.838E+01  1.863E+01  1.884E+01  1.907E+01  1.924E+01  1.941E+01  1.956E+01  1.969E+01  1.980E+01  1.987E+01  1.988E+01  1.995E+01  1.994E+01  1.990E+01  1.984E+01  1.978E+01  1.968E+01  1.955E+01  1.938E+01  1.917E+01  1.897E+01  1.866E+01  1.840E+01  1.808E+01  1.773E+01  1.735E+01  1.694E+01  1.649E+01  1.603E+01  1.557E+01  1.505E+01  1.453E+01  1.396E+01  1.345E+01  1.289E+01  1.229E+01  1.172E+01  1.112E+01  1.055E+01  9.972E+00  9.416E+00  8.860E+00  8.302E+00  7.760E+00  7.232E+00  6.725E+00  6.239E+00  5.744E+00  5.300E+00  4.856E+00  4.445E+00  4.050E+00  3.691E+00  3.347E+00  3.026E+00  2.744E+00  2.451E+00  2.200E+00  1.965E+00  1.748E+00  1.555E+00  1.374E+00  1.214E+00  1.071E+00  9.381E-01  8.288E-01  7.256E-01  6.350E-01  5.485E-01  4.767E-01  4.182E-01  3.642E-01  3.137E-01  2.714E-01  2.327E-01  2.023E-01  1.725E-01  1.500E-01  1.306E-01  1.134E-01  9.901E-02  8.661E-02  7.831E-02  6.764E-02  6.006E-02  5.456E-02  5.072E-02  4.430E-02  4.318E-02  3.687E-02  3.523E-02  3.339E-02  3.178E-02  2.920E-02  2.820E-02  2.798E-02  2.655E-02  2.507E-02  2.382E-02  2.298E-02  2.319E-02  2.340E-02  2.293E-02  2.200E-02  2.171E-02  2.044E-02  2.039E-02  2.035E-02  2.013E-02  2.000E-02  1.960E-02  1.974E-02  1.928E-02  1.922E-02  1.916E-02  1.818E-02  1.816E-02  1.878E-02  1.879E-02  1.782E-02  1.788E-02  1.765E-02  1.777E-01  Z
 0.000E+00  0.000E+00  0.000E+00  0.000E+00  6.927E-04  8.360E-04  1.219E-03  1.673E-03  7.855E-04  1.644E-03  2.319E-03  2.219E-03  2.038E-03  2.182E-03  2.364E-03  2.989E-03  2.617E-03  3.123E-03  2.698E-03  4.068E-03  3.104E-03  3.773E-03  3.553E-03  4.346E-03  4.591E-03  5.509E-03  5.562E-03  6.234E-03  6.521E-03  6.644E-03  9.074E-03  8.376E-03  8.912E-03  1.006E-02  1.213E-02  1.277E-02  1.330E-02  1.596E-02  1.888E-02  2.013E-02  2.506E-02  2.786E-02  3.136E-02  3.453E-02  3.968E-02  4.635E-02  5.169E-02  5.982E-02  6.748E-02  7.951E-02  8.771E-02  1.009E-01  1.125E-01  1.305E-01  1.489E-01  1.706E-01  1.915E-01  2.161E-01  2.432E-01  2.742E-01  3.099E-01  3.471E-01  3.866E-01  4.265E-01  4.806E-01  5.384E-01  5.974E-01  6.701E-01  7.476E-01  8.233E-01  9.060E-01  9.995E-01  1.096E+00  1.210E+00  1.342E+00  1.459E+00  1.595E+00  1.743E+00  1.893E+00  2.066E+00  2.245E+00  2.431E+00  2.638E+00  2.843E+00  3.061E+00  3.295E+00  3.539E+00  3.789E+00  4.083E+00  4.327E+00  4.639E+00  4.958E+00  5.267E+00  5.588E+00  5.926E+00  6.255E+00  6.623E+00  6.996E+00  7.385E+00  7.756E+00  8.156E+00  8.558E+00  8.973E+00  9.354E+00  9.763E+00  1.019E+01  1.062E+01  1.107E+01  1.154E+01  1.202E+01  1.246E+01  1.291E+01  1.337E+01  1.380E+01  1.424E+01  1.472E+01  1.514E+01  1.557E+01  1.598E+01  1.635E+01  1.677E+01  1.713E+01  1.752E+01  1.785E+01  1.817E+01  1.851E+01  1.883E+01  1.910E+01  1.938E+01  1.960E+01  1.986E+01  2.005E+01  2.025E+01  2.042E+01  2.055E+01  2.067E+01  2.077E+01  2.084E+01  2.090E+01  2.091E+01  2.095E+01  2.088E+01  2.086E+01  2.076E+01  2.065E+01  2.056E+01  2.037E+01  2.021E+01  1.997E+01  1.974E+01  1.943E+01  1.910E+01  1.880E+01  1.844E+01  1.806E+01  1.763E+01  1.716E+01  1.670E+01  1.617E+01  1.566E+01  1.514E+01  1.460E+01  1.399E+01  1.342E+01  1.280E+01  1.222E+01  1.163E+01  1.104E+01  1.044E+01  9.847E+00  9.268E+00  8.702E+00  8.121E+00  7.585E+00  7.045E+00  6.551E+00  6.046E+00  5.566E+00  5.127E+00  4.700E+00  4.292E+00  3.905E+00  3.548E+00  3.223E+00  2.901E+00  2.606E+00  2.340E+00  2.084E+00  1.867E+00  1.659E+00  1.475E+00  1.301E+00  1.156E+00  1.014E+00  8.851E-01  7.786E-01  6.765E-01  5.894E-01  5.132E-01  4.479E-01  3.904E-01  3.346E-01  2.904E-01  2.498E-01  2.137E-01  1.843E-01  1.602E-01  1.394E-01  1.228E-01  1.077E-01  9.295E-02  8.194E-02  7.282E-02  6.407E-02  5.639E-02  5.243E-02  4.712E-02  4.240E-02  3.945E-02  3.608E-02  3.392E-02  3.165E-02  3.067E-02  2.872E-02  2.772E-02  2.635E-02  2.596E-02  2.457E-02  2.346E-02  2.257E-02  2.227E-02  2.144E-02  2.191E-02  2.044E-02  2.137E-02  2.031E-02  2.005E-02  1.946E-02  1.926E-02  1.866E-02  1.799E-02  1.877E-02  1.900E-02  1.818E-02  1.812E-02  1.800E-02  1.776E-02  1.740E-02  1.801E-01  Z
 0.000E+00  0.000E+00  2.065E-04  6.121E-04  1.387E-03  1.463E-03  1.731E-03  1.911E-03  2.076E-03  1.960E-03  2.217E-03  3.133E-03  3.006E-03  3.518E-03  3.095E-03  3.699E-03  3.782E-03  3.595E-03  3.497E-03  5.074E-03  4.437E-03  4.801E-03  5.481E-03  5.704E-03  5.444E-03  4.529E-03  5.875E-03  7.201E-03  7.019E-03  7.257E-03  8.604E-03  1.035E-02  9.142E-03  1.051E-02  1.055E-02  1.283E-02  1.502E-02  1.768E-02  1.937E-02  2.163E-02  2.377E-02  2.831E-02  2.986E-02  3.510E-02  3.949E-02  4.370E-02  5.042E-02  5.916E-02  6.857E-02  7.565E-02  8.822E-02  9.966E-02  1.113E-01  1.294E-01  1.461E-01  1.646E-01  1.868E-01  2.054E-01  2.399E-01  2.675E-01  2.993E-01  3.371E-01  3.771E-01  4.209E-01  4.660E-01  5.246E-01  5.876E-01  6.493E-01  7.206E-01  8.083E-01  8.804E-01  9.792E-01  1.081E+00  1.191E+00  1.296E+00  1.434E+00  1.567E+00  1.710E+00  1.865E+00  2.035E+00  2.196E+00  2.387E+00  2.592E+00  2.812E+00  3.027E+00  3.248E+00  3.487E+00  3.752E+00  4.003E+00  4.313E+00  4.590E+00  4.872E+00  5.212E+00  5.562E+00  5.877E+00  6.254E+00  6.588E+00  6.956E+00  7.345E+00  7.727E+00  8.146E+00  8.538E+00  8.963E+00  9.370E+00  9.841E+00  1.025E+01  1.069E+01  1.116E+01  1.165E+01  1.210E+01  1.256E+01  1.306E+01  1.353E+01  1.401E+01  1.448E+01  1.494E+01  1.544E+01  1.586E+01  1.631E+01  1.674E+01  1.718E+01  1.758E+01  1.800E+01  1.838E+01  1.876E+01  1.915E+01  1.947E+01  1.980E+01  2.013E+01  2.046E+01  2.072E+01  2.095E+01  2.125E+01  2.146E+01  2.166E+01  2.182E+01  2.199E+01  2.211E+01  2.229E+01  2.237E+01  2.243E+01  2.246E+01  2.248E+01  2.245E+01  2.246E+01  2.241E+01  2.231E+01  2.217E+01  2.203E+01  2.190E+01  2.170E+01  2.147E+01  2.124E+01  2.100E+01  2.067E+01  2.036E+01  1.997E+01  1.962E+01  1.918E+01  1.874E+01  1.827E+01  1.779E+01  1.725E+01  1.672E+01  1.617E+01  1.557E+01  1.499E+01  1.437E+01  1.377E+01  1.312E+01  1.253E+01  1.190E+01  1.127E+01  1.064E+01  1.005E+01  9.430E+00  8.844E+00  8.260E+00  7.694E+00  7.131E+00  6.612E+00  6.108E+00  5.620E+00  5.170E+00  4.726E+00  4.310E+00  3.924E+00  3.548E+00  3.212E+00  2.900E+00  2.603E+00  2.326E+00  2.084E+00  1.866E+00  1.644E+00  1.465E+00  1.284E+00  1.136E+00  1.003E+00  8.754E-01  7.685E-01  6.663E-01  5.799E-01  5.058E-01  4.325E-01  3.769E-01  3.242E-01  2.826E-01  2.416E-01  2.106E-01  1.845E-01  1.585E-01  1.386E-01  1.190E-01  1.039E-01  9.212E-02  8.119E-02  7.128E-02  6.464E-02  5.699E-02  5.025E-02  4.605E-02  4.168E-02  3.792E-02  3.485E-02  3.349E-02  2.972E-02  2.905E-02  2.778E-02  2.600E-02  2.459E-02  2.390E-02  2.301E-02  2.172E-02  2.079E-02  2.177E-02  2.090E-02  2.052E-02  2.010E-02  1.938E-02  2.013E-02  1.973E-02  1.847E-02  1.860E-02  1.787E-02  1.891E-02  1.785E-02  1.762E-02  1.791E-01  Z
 0.000E+00  5.359E-04  1.347E-03  2.097E-03  2.081E-03  2.581E-03  1.667E-03  3.041E-03  1.848E-03  3.131E-03  2.876E-03  3.375E-03  2.679E-03  3.829E-03  3.740E-03  4.192E-03  4.032E-03  4.066E-03  4.143E-03  5.263E-03  5.380E-03  4.582E-03  5.199E-03  6.178E-03  5.644E-03  6.533E-03  6.442E-03  7.012E-03  7.743E-03  8.818E-03  9.325E-03  1.026E-02  1.064E-02  1.248E-02  1.403E-02  1.338E-02  1.472E-02  1.794E-02  2.007E-02  2.264E-02  2.510E-02  2.707E-02  3.088E-02  3.355E-02  4.006E-02  4.384E-02  4.965E-02  5.821E-02  6.391E-02  7.401E-02  8.529E-02  9.977E-02  1.106E-01  1.244E-01  1.425E-01  1.591E-01  1.800E-01  2.063E-01  2.359E-01  2.629E-01  2.938E-01  3.306E-01  3.716E-01  4.175E-01  4.654E-01  5.146E-01  5.775E-01  6.406E-01  7.123E-01  7.830E-01  8.691E-01  9.631E-01  1.065E+00  1.172E+00  1.280E+00  1.410E+00  1.547E+00  1.669E+00  1.830E+00  2.005E+00  2.184E+00  2.359E+00  2.562E+00  2.760E+00  2.993E+00  3.215E+00  3.449E+00  3.718E+00  3.976E+00  4.253E+00  4.552E+00  4.849E+00  5.165E+00  5.507E+00  5.860E+00  6.201E+00  6.569E+00  6.939E+00  7.317E+00  7.721E+00  8.113E+00  8.552E+00  8.934E+00  9.388E+00  9.825E+00  1.027E+01  1.072E+01  1.119E+01  1.166E+01  1.217E+01  1.265E+01  1.314E+01  1.364E+01  1.412E+01  1.462E+01  1.509E+01  1.562E+01  1.603E+01  1.654E+01  1.699E+01  1.744E+01  1.788E+01  1.832E+01  1.873E+01  1.914E+01  1.952E+01  1.990E+01  2.031E+01  2.065E+01  2.099E+01  2.128E+01  2.161E+01  2.190E+01  2.219E+01  2.240E+01  2.264E+01  2.283E+01  2.302E+01  2.316E+01  2.334E+01  2.342E+01  2.356E+01  2.358E+01  2.362E+01  2.369E+01  2.367E+01  2.359E+01  2.358E+01  2.347E+01  2.336E+01  2.322E+01  2.307E+01  2.285E+01  2.266E+01  2.242E+01  2.213E+01  2.184E+01  2.153E+01  2.118E+01  2.082E+01  2.044E+01  1.995E+01  1.950E+01  1.903E+01  1.852E+01  1.798E+01  1.739E+01  1.682E+01  1.623E+01  1.562E+01  1.503E+01  1.436E+01  1.371E+01  1.306E+01  1.243E+01  1.178E+01  1.114E+01  1.050E+01  9.852E+00  9.263E+00  8.653E+00  8.080E+00  7.503E+00  6.969E+00  6.423E+00  5.921E+00  5.451E+00  4.969E+00  4.531E+00  4.130E+00  3.761E+00  3.395E+00  3.057E+00  2.749E+00  2.474E+00  2.207E+00  1.964E+00  1.744E+00  1.552E+00  1.372E+00  1.204E+00  1.063E+00  9.220E-01  8.135E-01  7.096E-01  6.111E-01  5.349E-01  4.628E-01  4.026E-01  3.452E-01  3.002E-01  2.580E-01  2.252E-01  1.938E-01  1.694E-01  1.467E-01  1.289E-01  1.121E-01  9.800E-02  8.557E-02  7.534E-02  6.596E-02  5.908E-02  5.404E-02  4.776E-02  4.369E-02  3.891E-02  3.553E-02  3.246E-02  3.015E-02  2.819E-02  2.726E-02  2.569E-02  2.343E-02  2.391E-02  2.235E-02  2.230E-02  2.165E-02  2.054E-02  1.975E-02  2.010E-02  1.932E-02  1.973E-02  1.999E-02  1.738E-02  1.791E-02  1.908E-02  1.831E-02  1.793E-01  Z
 0.000E+00  1.609E-03  1.759E-03  1.837E-03  2.312E-03  2.855E-03  2.824E-03  3.288E-03  3.363E-03  3.872E-03  3.483E-03  4.149E-03  4.534E-03  4.629E-03  4.506E-03  5.189E-03  4.989E-03  5.156E-03  5.249E-03  5.511E-03  5.127E-03  6.024E-03  6.447E-03  6.374E-03  6.838E-03  8.325E-03  8.197E-03  7.885E-03  8.511E-03  8.638E-03  9.206E-03  1.077E-02  1.199E-02  1.302E-02  1.339E-02  1.500E-02  1.544E-02  1.763E-02  2.055E-02  2.228E-02  2.564E-02  2.754E-02  3.296E-02  3.483E-02  3.920E-02  4.465E-02  5.096E-02  5.583E-02  6.437E-02  7.429E-02  8.562E-02  9.390E-02  1.063E-01  1.221E-01  1.366E-01  1.563E-01  1.782E-01  1.981E-01  2.232E-01  2.542E-01  2.807E-01  3.211E-01  3.577E-01  4.086E-01  4.497E-01  5.050E-01  5.603E-01  6.204E-01  6.895E-01  7.683E-01  8.520E-01  9.448E-01  1.029E+00  1.136E+00  1.255E+00  1.379E+00  1.520E+00  1.648E+00  1.798E+00  1.969E+00  2.131E+00  2.303E+00  2.510E+00  2.731E+00  2.954E+00  3.165E+00  3.425E+00  3.657E+00  3.920E+00  4.220E+00  4.516E+00  4.813E+00  5.120E+00  5.464E+00  5.805E+00  6.183E+00  6.521E+00  6.899E+00  7.286E+00  7.703E+00  8.096E+00  8.533E+00  8.940E+00  9.391E+00  9.833E+00  1.029E+01  1.075E+01  1.125E+01  1.174E+01  1.223E+01  1.274E+01  1.325E+01  1.376E+01  1.427E+01  1.477E+01  1.533E+01  1.581E+01  1.633E+01  1.681E+01  1.731E+01  1.776E+01  1.827E+01  1.873E+01  1.920E+01  1.964E+01  2.010E+01  2.050E+01  2.088E+01  2.131E+01  2.171E+01  2.211E+01  2.242E+01  2.277E+01  2.312E+01  2.337E+01  2.365E+01  2.396E+01  2.420E+01  2.444E+01  2.467E+01  2.483E+01  2.499E+01  2.511E+01  2.523E+01  2.533E+01  2.538E+01  2.540E+01  2.544E+01  2.538E+01  2.541E+01  2.530E+01  2.522E+01  2.512E+01  2.497E+01  2.480E+01  2.460E+01  2.440E+01  2.416E+01  2.389E+01  2.358E+01  2.328E+01  2.292E+01  2.254E+01  2.216E+01  2.171E+01  2.128E+01  2.080E+01  2.024E+01  1.976E+01  1.920E+01  1.859E+01  1.800E+01  1.737E+01  1.675E+01  1.609E+01  1.543E+01  1.476E+01  1.409E+01  1.338E+01  1.268E+01  1.205E+01  1.137E+01  1.071E+01  1.008E+01  9.388E+00  8.789E+00  8.172E+00  7.587E+00  7.033E+00  6.495E+00  5.961E+00  5.463E+00  4.999E+00  4.550E+00  4.145E+00  3.739E+00  3.389E+00  3.048E+00  2.729E+00  2.452E+00  2.188E+00  1.945E+00  1.709E+00  1.520E+00  1.338E+00  1.181E+00  1.032E+00  8.977E-01  7.930E-01  6.853E-01  5.954E-01  5.233E-01  4.538E-01  3.911E-01  3.364E-01  2.900E-01  2.548E-01  2.149E-01  1.872E-01  1.645E-01  1.407E-01  1.249E-01  1.048E-01  9.247E-02  8.162E-02  7.155E-02  6.217E-02  5.705E-02  5.035E-02  4.388E-02  4.176E-02  3.854E-02  3.501E-02  3.103E-02  2.999E-02  2.811E-02  2.486E-02  2.448E-02  2.379E-02  2.270E-02  2.162E-02  2.203E-02  1.994E-02  1.962E-02  1.999E-02  1.984E-02  1.908E-02  1.802E-02  1.811E-01  Z
 1.224E-03  2.281E-03  2.383E-03  3.060E-03  3.472E-03  3.343E-03  3.786E-03  4.116E-03  3.811E-03  5.197E-03  3.481E-03  4.095E-03  5.043E-03  5.962E-03  6.054E-03  4.859E-03  6.240E-03  6.365E-03  6.158E-03  6.406E-03  6.675E-03  7.828E-03  8.407E-03  8.468E-03  8.064E-03  8.417E-03  9.114E-03  9.383E-03  1.038E-02  1.023E-02  1.033E-02  1.224E-02  1.204E-02  1.384E-02  1.460E-02  1.614E-02  1.904E-02  1.927E-02  2.135E-02  2.321E-02  2.567E-02  2.736E-02  3.103E-02  3.474E-02  3.919E-02  4.364E-02  4.963E-02  5.698E-02  6.325E-02  7.219E-02  7.833E-02  9.128E-02  1.053E-01  1.183E-01  1.361E-01  1.502E-01  1.689E-01  1.935E-01  2.197E-01  2.411E-01  2.745E-01  3.090E-01  3.462E-01  3.922E-01  4.336E-01  4.911E-01  5.427E-01  6.087E-01  6.774E-01  7.521E-01  8.274E-01  9.200E-01  1.008E+00  1.120E+00  1.230E+00  1.350E+00  1.472E+00  1.611E+00  1.759E+00  1.909E+00  2.097E+00  2.270E+00  2.467E+00  2.669E+00  2.892E+00  3.110E+00  3.343E+00  3.598E+00  3.857E+00  4.149E+00  4.447E+00  4.740E+00  5.055E+00  5.414E+00  5.741E+00  6.103E+00  6.447E+00  6.846E+00  7.230E+00  7.655E+00  8.066E+00  8.503E+00  8.937E+00  9.386E+00  9.839E+00  1.031E+01  1.081E+01  1.128E+01  1.179E+01  1.230E+01  1.282E+01  1.336E+01  1.389E+01  1.445E+01  1.500E+01  1.551E+01  1.606E+01  1.660E+01  1.713E+01  1.768E+01  1.821E+01  1.870E+01  1.921E+01  1.971E+01  2.023E+01  2.071E+01  2.119E+01  2.162E+01  2.211E+01  2.257E+01  2.300E+01  2.341E+01  2.381E+01  2.424E+01  2.462E+01  2.497E+01  2.527E+01  2.564E+01  2.595E+01  2.622E+01  2.647E+01  2.675E+01  2.694E+01  2.711E+01  2.733E+01  2.746E+01  2.762E+01  2.771E+01  2.781E+01  2.786E+01  2.791E+01  2.791E+01  2.788E+01  2.784E+01  2.773E+01  2.767E+01  2.756E+01  2.739E+01  2.724E+01  2.698E+01  2.679E+01  2.656E+01  2.628E+01  2.593E+01  2.562E+01  2.528E+01  2.488E+01  2.447E+01  2.404E+01  2.358E+01  2.314E+01  2.260E+01  2.206E+01  2.149E+01  2.091E+01  2.029E+01  1.963E+01  1.901E+01  1.832E+01  1.764E+01  1.692E+01  1.624E+01  1.549E+01  1.477E+01  1.405E+01  1.329E+01  1.259E+01  1.186E+01  1.117E+01  1.049E+01  9.776E+00  9.129E+00  8.480E+00  7.867E+00  7.284E+00  6.700E+00  6.156E+00  5.635E+00  5.139E+00  4.698E+00  4.251E+00  3.841E+00  3.462E+00  3.108E+00  2.787E+00  2.487E+00  2.219E+00  1.973E+00  1.742E+00  1.542E+00  1.356E+00  1.192E+00  1.040E+00  9.141E-01  7.939E-01  6.936E-01  6.016E-01  5.161E-01  4.517E-01  3.846E-01  3.394E-01  2.912E-01  2.496E-01  2.162E-01  1.869E-01  1.588E-01  1.387E-01  1.193E-01  1.037E-01  9.100E-02  7.945E-02  6.957E-02  6.271E-02  5.429E-02  4.857E-02  4.296E-02  4.064E-02  3.634E-02  3.239E-02  3.073E-02  2.812E-02  2.685E-02  2.551E-02  2.328E-02  2.281E-02  2.115E-02  2.116E-02  2.040E-02  1.900E-01  Z
