nu_e
Z
Z
Z
 0.000E+00  0.000E+00  5.155E-05  8.719E-05  1.160E-04  1.396E-04  9.595E-05  4.765E-04  9.808E-04  1.327E-03  2.344E-03  3.975E-03  5.152E-03  7.179E-03  9.724E-03  1.312E-02  1.750E-02  2.110E-02  2.685E-02  3.342E-02  3.908E-02  4.750E-02  5.523E-02  6.708E-02  7.720E-02  8.531E-02  9.925E-02  1.133E-01  1.247E-01  1.375E-01  1.500E-01  1.646E-01  1.798E-01  1.948E-01  2.074E-01  2.230E-01  2.417E-01  2.538E-01  2.711E-01  2.795E-01  2.916E-01  3.007E-01  3.093E-01  3.190E-01  3.277E-01  3.324E-01  3.387E-01  3.421E-01  3.549E-01  3.550E-01  3.584E-01  3.632E-01  3.645E-01  3.688E-01  3.665E-01  3.688E-01  3.658E-01  3.642E-01  3.625E-01  3.589E-01  3.560E-01  3.490E-01  3.458E-01  3.420E-01  3.359E-01  3.288E-01  3.235E-01  3.154E-01  3.092E-01  2.981E-01  2.873E-01  2.787E-01  2.703E-01  2.625E-01  2.503E-01  2.415E-01  2.319E-01  2.196E-01  2.104E-01  2.003E-01  1.916E-01  1.789E-01  1.701E-01  1.623E-01  1.528E-01  1.421E-01  1.335E-01  1.247E-01  1.167E-01  1.077E-01  9.900E-02  9.073E-02  8.525E-02  7.889E-02  7.030E-02  6.535E-02  5.907E-02  5.491E-02  4.968E-02  4.376E-02  3.983E-02  3.599E-02  3.101E-02  2.823E-02  2.552E-02  2.202E-02  1.925E-02  1.625E-02  1.496E-02  1.243E-02  1.066E-02  8.894E-03  7.736E-03  6.648E-03  5.117E-03  4.535E-03  3.752E-03  3.554E-03  2.918E-03  2.258E-03  1.663E-03  1.605E-03  1.331E-03  9.546E-04  7.720E-04  6.808E-04  5.613E-04  4.441E-04  4.986E-04  2.734E-04  2.218E-04  2.285E-04  1.481E-04  1.127E-04  1.051E-04  7.071E-05  8.439E-05  7.730E-05  4.901E-05  3.506E-05  4.143E-05  1.370E-05  6.838E-06  2.035E-05  6.976E-06  2.725E-05  6.871E-06  6.811E-06  0.000E+00  Z
 0.000E+00  0.000E+00  0.000E+00  4.362E-05  7.676E-05  1.398E-04  2.564E-04  3.876E-04  8.957E-04  1.617E-03  2.394E-03  3.953E-03  5.178E-03  7.560E-03  1.036E-02  1.347E-02  1.700E-02  2.164E-02  2.474E-02  3.267E-02  3.829E-02  4.522E-02  5.300E-02  6.310E-02  7.254E-02  8.296E-02  9.200E-02  1.066E-01  1.204E-01  1.342E-01  1.454E-01  1.611E-01  1.764E-01  1.924E-01  2.030E-01  2.173E-01  2.314E-01  2.445E-01  2.583E-01  2.695E-01  2.834E-01  2.925E-01  3.022E-01  3.152E-01  3.272E-01  3.398E-01  3.434E-01  3.505E-01  3.595E-01  3.600E-01  3.678E-01  3.752E-01  3.741E-01  3.777E-01  3.774E-01  3.745E-01  3.716E-01  3.717E-01  3.675E-01  3.641E-01  3.616E-01  3.558E-01  3.495E-01  3.417E-01  3.368E-01  3.286E-01  3.240E-01  3.118E-01  3.060E-01  2.980E-01  2.907E-01  2.812E-01  2.709E-01  2.647E-01  2.525E-01  2.425E-01  2.339E-01  2.248E-01  2.103E-01  2.046E-01  1.920E-01  1.851E-01  1.764E-01  1.684E-01  1.583E-01  1.500E-01  1.422E-01  1.326E-01  1.262E-01  1.161E-01  1.099E-01  1.026E-01  9.482E-02  8.931E-02  8.292E-02  7.549E-02  7.080E-02  6.699E-02  6.056E-02  5.548E-02  5.033E-02  4.521E-02  4.183E-02  3.775E-02  3.416E-02  3.182E-02  2.767E-02  2.533E-02  2.221E-02  1.996E-02  1.729E-02  1.499E-02  1.318E-02  1.107E-02  9.198E-03  8.251E-03  7.112E-03  5.865E-03  4.930E-03  4.361E-03  3.636E-03  2.818E-03  2.454E-03  2.191E-03  1.741E-03  1.429E-03  1.158E-03  9.036E-04  7.865E-04  5.906E-04  5.821E-04  3.488E-04  4.393E-04  2.967E-04  2.203E-04  1.414E-04  1.255E-04  2.093E-04  9.792E-05  5.562E-05  4.858E-05  6.962E-05  7.526E-05  6.209E-05  2.779E-05  1.999E-05  1.978E-05  2.025E-05  2.017E-05  2.044E-05  6.638E-06  0.000E+00  Z
 0.000E+00  6.697E-05  5.199E-05  8.708E-05  7.683E-05  1.046E-04  2.242E-04  4.169E-04  1.065E-03  1.274E-03  2.194E-03  2.746E-03  4.695E-03  6.298E-03  7.849E-03  1.083E-02  1.253E-02  1.641E-02  2.007E-02  2.485E-02  3.117E-02  3.609E-02  4.511E-02  5.167E-02  6.060E-02  6.877E-02  8.031E-02  9.204E-02  1.020E-01  1.152E-01  1.279E-01  1.402E-01  1.522E-01  1.669E-01  1.810E-01  1.916E-01  2.042E-01  2.179E-01  2.297E-01  2.411E-01  2.552E-01  2.674E-01  2.765E-01  2.875E-01  2.978E-01  3.079E-01  3.148E-01  3.248E-01  3.350E-01  3.384E-01  3.488E-01  3.530E-01  3.577E-01  3.671E-01  3.719E-01  3.768E-01  3.761E-01  3.805E-01  3.815E-01  3.837E-01  3.810E-01  3.849E-01  3.851E-01  3.824E-01  3.787E-01  3.778E-01  3.728E-01  3.663E-01  3.636E-01  3.591E-01  3.518E-01  3.455E-01  3.357E-01  3.285E-01  3.197E-01  3.145E-01  3.039E-01  2.971E-01  2.896E-01  2.781E-01  2.670E-01  2.577E-01  2.472E-01  2.366E-01  2.306E-01  2.156E-01  2.072E-01  1.980E-01  1.864E-01  1.773E-01  1.676E-01  1.607E-01  1.493E-01  1.420E-01  1.338E-01  1.253E-01  1.146E-01  1.092E-01  1.003E-01  9.357E-02  8.864E-02  8.048E-02  7.465E-02  7.038E-02  6.290E-02  5.790E-02  5.305E-02  4.814E-02  4.381E-02  3.902E-02  3.548E-02  3.163E-02  2.926E-02  2.683E-02  2.402E-02  2.047E-02  1.872E-02  1.612E-02  1.395E-02  1.265E-02  1.107E-02  9.997E-03  8.123E-03  6.720E-03  6.481E-03  5.416E-03  4.575E-03  3.648E-03  2.878E-03  2.678E-03  2.105E-03  1.776E-03  1.547E-03  1.353E-03  1.124E-03  9.478E-04  6.507E-04  4.599E-04  4.977E-04  4.317E-04  2.629E-04  2.486E-04  1.908E-04  2.051E-04  1.159E-04  8.799E-05  9.493E-05  5.346E-05  3.335E-05  2.680E-05  1.345E-05  2.692E-05  3.272E-05  3.280E-05  3.930E-05  3.353E-05  0.000E+00  Z
 0.000E+00  0.000E+00  0.000E+00  0.000E+00  7.678E-05  3.512E-05  3.230E-05  1.195E-04  1.958E-04  3.716E-04  5.047E-04  8.674E-04  9.944E-04  1.912E-03  2.292E-03  2.906E-03  3.959E-03  5.313E-03  7.047E-03  8.512E-03  1.055E-02  1.402E-02  1.664E-02  2.026E-02  2.452E-02  2.860E-02  3.454E-02  3.763E-02  4.634E-02  5.215E-02  5.832E-02  6.857E-02  7.431E-02  8.466E-02  9.508E-02  1.046E-01  1.173E-01  1.267E-01  1.387E-01  1.532E-01  1.642E-01  1.764E-01  1.904E-01  2.062E-01  2.211E-01  2.371E-01  2.481E-01  2.658E-01  2.808E-01  2.938E-01  3.107E-01  3.245E-01  3.370E-01  3.557E-01  3.682E-01  3.842E-01  3.901E-01  4.056E-01  4.180E-01  4.294E-01  4.389E-01  4.538E-01  4.628E-01  4.695E-01  4.744E-01  4.836E-01  4.893E-01  4.909E-01  4.936E-01  5.000E-01  4.945E-01  4.971E-01  4.938E-01  4.932E-01  4.898E-01  4.854E-01  4.757E-01  4.689E-01  4.619E-01  4.545E-01  4.440E-01  4.365E-01  4.194E-01  4.152E-01  3.985E-01  3.862E-01  3.707E-01  3.621E-01  3.459E-01  3.341E-01  3.187E-01  3.053E-01  2.891E-01  2.790E-01  2.638E-01  2.516E-01  2.349E-01  2.226E-01  2.083E-01  1.964E-01  1.835E-01  1.724E-01  1.626E-01  1.518E-01  1.391E-01  1.300E-01  1.202E-01  1.087E-01  1.008E-01  9.193E-02  8.435E-02  7.823E-02  7.028E-02  6.324E-02  5.774E-02  5.195E-02  4.492E-02  4.132E-02  3.714E-02  3.295E-02  2.843E-02  2.581E-02  2.243E-02  1.973E-02  1.698E-02  1.439E-02  1.230E-02  1.107E-02  1.007E-02  8.432E-03  7.237E-03  6.213E-03  4.990E-03  4.530E-03  3.391E-03  3.142E-03  2.372E-03  2.259E-03  4.644E-03  8.057E-03  1.177E-02  1.521E-02  1.972E-02  2.411E-02  2.726E-02  3.192E-02  3.628E-02  4.014E-02  4.248E-02  4.496E-02  4.574E-02  4.797E-02  4.800E-02  4.720E-02  4.553E-02  4.428E-02  4.053E-02  3.800E-02  3.502E-02  3.157E-02  2.843E-02  2.531E-02  2.221E-02  1.794E-02  1.575E-02  1.353E-02  1.042E-02  8.710E-03  7.454E-03  6.455E-03  5.088E-03  4.090E-03  3.422E-03  2.791E-03  2.305E-03  1.774E-03  1.481E-03  1.105E-03  1.013E-03  9.243E-04  4.628E-04  4.799E-04  3.505E-04  3.196E-04  2.883E-04  1.868E-04  1.439E-04  1.375E-04  5.322E-05  7.269E-05  8.193E-05  1.798E-05  5.926E-06  3.487E-05  2.378E-05  4.701E-05  1.174E-05  1.148E-05  1.158E-05  0.000E+00  Z
 0.000E+00  0.000E+00  0.000E+00  0.000E+00  0.000E+00  0.000E+00  0.000E+00  0.000E+00  0.000E+00  0.000E+00  0.000E+00  0.000E+00  6.933E-05  2.222E-04  2.362E-04  2.899E-04  3.021E-04  6.841E-04  1.120E-03  1.739E-03  1.769E-03  2.746E-03  4.017E-03  4.281E-03  5.448E-03  8.031E-03  9.546E-03  1.140E-02  1.505E-02  1.719E-02  2.185E-02  2.588E-02  3.002E-02  3.531E-02  4.164E-02  4.870E-02  5.737E-02  6.820E-02  7.617E-02  8.493E-02  9.675E-02  1.069E-01  1.177E-01  1.338E-01  1.473E-01  1.628E-01  1.783E-01  1.979E-01  2.140E-01  2.314E-01  2.511E-01  2.740E-01  2.957E-01  3.148E-01  3.362E-01  3.576E-01  3.730E-01  3.992E-01  4.254E-01  4.437E-01  4.660E-01  4.864E-01  5.073E-01  5.278E-01  5.476E-01  5.627E-01  5.844E-01  5.976E-01  6.142E-01  6.261E-01  6.390E-01  6.450E-01  6.583E-01  6.600E-01  6.719E-01  6.645E-01  6.735E-01  6.729E-01  6.742E-01  6.715E-01  6.639E-01  6.596E-01  6.490E-01  6.364E-01  6.283E-01  6.190E-01  6.041E-01  5.916E-01  5.774E-01  5.613E-01  5.415E-01  5.248E-01  5.042E-01  4.901E-01  4.719E-01  4.478E-01  4.296E-01  4.114E-01  3.909E-01  3.704E-01  3.508E-01  3.332E-01  3.151E-01  2.963E-01  2.761E-01  2.612E-01  2.418E-01  2.285E-01  2.094E-01  1.947E-01  1.797E-01  1.667E-01  1.529E-01  1.401E-01  1.261E-01  1.184E-01  1.070E-01  9.486E-02  8.702E-02  7.704E-02  7.040E-02  6.113E-02  5.585E-02  4.869E-02  4.332E-02  3.769E-02  3.378E-02  3.028E-02  2.551E-02  2.189E-02  1.942E-02  1.634E-02  1.422E-02  1.233E-02  1.058E-02  8.430E-03  7.226E-03  6.332E-03  5.620E-03  5.284E-03  5.594E-03  6.708E-03  8.618E-03  1.111E-02  1.396E-02  1.746E-02  2.228E-02  2.772E-02  3.291E-02  3.813E-02  4.412E-02  4.841E-02  5.296E-02  5.779E-02  6.014E-02  6.207E-02  6.298E-02  6.267E-02  6.054E-02  5.823E-02  5.438E-02  5.013E-02  4.564E-02  4.138E-02  3.685E-02  3.347E-02  2.891E-02  2.429E-02  2.083E-02  1.761E-02  1.366E-02  1.309E-02  1.016E-02  7.999E-03  7.079E-03  5.376E-03  4.185E-03  3.775E-03  2.719E-03  2.501E-03  1.854E-03  1.396E-03  1.033E-03  8.392E-04  6.655E-04  5.965E-04  4.521E-04  3.767E-04  3.082E-04  2.492E-04  1.790E-04  1.015E-04  1.231E-04  1.306E-04  5.826E-05  1.733E-05  8.242E-05  3.488E-05  5.961E-06  1.744E-05  1.723E-05  5.719E-06  0.000E+00  Z
 0.000E+00  0.000E+00  0.000E+00  0.000E+00  0.000E+00  0.000E+00  0.000E+00  0.000E+00  0.000E+00  0.000E+00  0.000E+00  7.225E-05  2.329E-05  1.564E-04  2.784E-04  2.272E-04  4.223E-04  3.896E-04  7.984E-04  1.072E-03  1.337E-03  1.726E-03  2.533E-03  3.759E-03  4.966E-03  6.053E-03  7.922E-03  9.195E-03  1.166E-02  1.473E-02  1.794E-02  2.217E-02  2.550E-02  2.921E-02  3.659E-02  4.179E-02  4.815E-02  5.538E-02  6.292E-02  7.175E-02  8.348E-02  9.300E-02  1.047E-01  1.182E-01  1.293E-01  1.471E-01  1.607E-01  1.760E-01  1.957E-01  2.117E-01  2.320E-01  2.520E-01  2.716E-01  2.923E-01  3.143E-01  3.378E-01  3.643E-01  3.843E-01  4.114E-01  4.324E-01  4.575E-01  4.768E-01  5.036E-01  5.219E-01  5.465E-01  5.679E-01  5.892E-01  6.057E-01  6.273E-01  6.442E-01  6.576E-01  6.686E-01  6.837E-01  6.951E-01  7.029E-01  7.139E-01  7.169E-01  7.188E-01  7.202E-01  7.251E-01  7.219E-01  7.168E-01  7.132E-01  7.034E-01  6.951E-01  6.874E-01  6.747E-01  6.581E-01  6.502E-01  6.282E-01  6.178E-01  5.946E-01  5.776E-01  5.573E-01  5.394E-01  5.180E-01  4.988E-01  4.791E-01  4.547E-01  4.366E-01  4.099E-01  3.911E-01  3.691E-01  3.525E-01  3.298E-01  3.107E-01  2.926E-01  2.718E-01  2.517E-01  2.369E-01  2.157E-01  2.037E-01  1.862E-01  1.730E-01  1.571E-01  1.451E-01  1.329E-01  1.206E-01  1.069E-01  9.863E-02  8.787E-02  7.894E-02  7.021E-02  6.179E-02  5.549E-02  5.017E-02  4.325E-02  3.794E-02  3.399E-02  2.903E-02  2.550E-02  2.216E-02  1.874E-02  1.623E-02  1.368E-02  1.223E-02  1.059E-02  8.693E-03  7.443E-03  6.636E-03  6.413E-03  7.372E-03  8.912E-03  1.043E-02  1.301E-02  1.610E-02  2.032E-02  2.417E-02  2.972E-02  3.507E-02  4.110E-02  4.680E-02  5.297E-02  5.673E-02  6.169E-02  6.491E-02  6.791E-02  6.804E-02  6.822E-02  6.577E-02  6.384E-02  6.021E-02  5.694E-02  5.229E-02  4.697E-02  4.103E-02  3.643E-02  3.098E-02  2.853E-02  2.414E-02  2.063E-02  1.720E-02  1.397E-02  1.224E-02  9.336E-03  7.640E-03  6.360E-03  5.397E-03  4.300E-03  3.355E-03  2.598E-03  2.153E-03  1.781E-03  1.432E-03  1.182E-03  1.017E-03  5.965E-04  6.042E-04  4.674E-04  3.879E-04  2.374E-04  2.294E-04  1.604E-04  1.643E-04  1.110E-04  9.995E-05  7.614E-05  7.040E-05  3.524E-05  0.000E+00  Z
 0.000E+00  0.000E+00  0.000E+00  0.000E+00  0.000E+00  0.000E+00  0.000E+00  0.000E+00  0.000E+00  0.000E+00  0.000E+00  0.000E+00  2.331E-05  0.000E+00  4.310E-05  4.141E-05  3.999E-05  7.760E-05  1.710E-04  2.404E-04  4.518E-04  4.929E-04  6.534E-04  9.768E-04  1.386E-03  1.359E-03  2.095E-03  2.774E-03  3.187E-03  4.259E-03  5.756E-03  7.259E-03  7.784E-03  9.740E-03  1.236E-02  1.399E-02  1.687E-02  2.261E-02  2.448E-02  2.900E-02  3.424E-02  3.989E-02  4.539E-02  5.239E-02  6.054E-02  6.747E-02  7.819E-02  8.624E-02  9.839E-02  1.092E-01  1.219E-01  1.371E-01  1.537E-01  1.697E-01  1.887E-01  2.055E-01  2.269E-01  2.492E-01  2.705E-01  2.920E-01  3.227E-01  3.471E-01  3.739E-01  3.992E-01  4.338E-01  4.639E-01  4.968E-01  5.312E-01  5.628E-01  5.967E-01  6.306E-01  6.711E-01  7.025E-01  7.413E-01  7.751E-01  8.159E-01  8.493E-01  8.859E-01  9.167E-01  9.525E-01  9.843E-01  1.008E+00  1.044E+00  1.068E+00  1.086E+00  1.107E+00  1.131E+00  1.145E+00  1.158E+00  1.166E+00  1.175E+00  1.182E+00  1.181E+00  1.183E+00  1.183E+00  1.168E+00  1.158E+00  1.143E+00  1.125E+00  1.104E+00  1.093E+00  1.068E+00  1.039E+00  1.017E+00  9.874E-01  9.555E-01  9.250E-01  8.915E-01  8.612E-01  8.271E-01  7.862E-01  7.532E-01  7.177E-01  6.865E-01  6.463E-01  6.165E-01  5.779E-01  5.449E-01  5.114E-01  4.775E-01  4.481E-01  4.153E-01  3.852E-01  3.567E-01  3.341E-01  3.058E-01  2.806E-01  2.564E-01  2.352E-01  2.118E-01  1.938E-01  1.751E-01  1.565E-01  1.426E-01  1.268E-01  1.133E-01  1.011E-01  9.094E-02  8.058E-02  7.022E-02  6.166E-02  5.571E-02  4.848E-02  4.331E-02  3.968E-02  3.599E-02  3.457E-02  3.287E-02  3.333E-02  3.274E-02  3.415E-02  3.554E-02  3.801E-02  4.143E-02  4.389E-02  4.938E-02  5.224E-02  5.803E-02  6.374E-02  6.888E-02  7.326E-02  8.055E-02  8.611E-02  9.115E-02  9.494E-02  9.796E-02  1.031E-01  1.034E-01  1.040E-01  1.027E-01  9.984E-02  9.633E-02  9.201E-02  8.604E-02  7.876E-02  7.316E-02  6.630E-02  5.879E-02  5.229E-02  4.636E-02  3.973E-02  3.591E-02  2.940E-02  2.625E-02  2.144E-02  1.810E-02  1.546E-02  1.238E-02  1.036E-02  8.958E-03  7.181E-03  5.723E-03  4.665E-03  3.858E-03  3.169E-03  2.376E-03  2.210E-03  1.520E-03  1.318E-03  9.641E-04  7.317E-04  6.350E-04  5.246E-04  4.382E-04  3.093E-04  1.651E-04  2.002E-04  1.593E-04  1.023E-04  7.866E-05  2.860E-05  4.024E-05  3.306E-05  4.504E-05  2.203E-05  5.719E-06  2.260E-05  5.512E-06  2.218E-05  5.717E-06  5.676E-06  5.685E-06  0.000E+00  Z
 0.000E+00  0.000E+00  0.000E+00  0.000E+00  0.000E+00  0.000E+00  0.000E+00  0.000E+00  0.000E+00  0.000E+00  0.000E+00  0.000E+00  0.000E+00  0.000E+00  0.000E+00  0.000E+00  6.057E-05  5.879E-05  3.824E-05  1.483E-04  1.625E-04  3.169E-04  3.968E-04  6.068E-04  7.593E-04  9.219E-04  1.268E-03  1.528E-03  1.913E-03  2.979E-03  3.105E-03  4.282E-03  4.874E-03  6.355E-03  8.504E-03  9.448E-03  1.216E-02  1.427E-02  1.583E-02  1.973E-02  2.246E-02  2.846E-02  3.223E-02  3.713E-02  4.279E-02  4.904E-02  5.643E-02  6.436E-02  7.411E-02  8.360E-02  9.318E-02  1.052E-01  1.191E-01  1.320E-01  1.436E-01  1.603E-01  1.760E-01  1.962E-01  2.161E-01  2.329E-01  2.569E-01  2.802E-01  3.051E-01  3.304E-01  3.583E-01  3.847E-01  4.109E-01  4.425E-01  4.761E-01  5.082E-01  5.422E-01  5.757E-01  6.128E-01  6.510E-01  6.900E-01  7.288E-01  7.703E-01  8.026E-01  8.487E-01  8.920E-01  9.432E-01  9.850E-01  1.029E+00  1.069E+00  1.115E+00  1.153E+00  1.192E+00  1.240E+00  1.279E+00  1.317E+00  1.350E+00  1.387E+00  1.426E+00  1.447E+00  1.481E+00  1.507E+00  1.524E+00  1.532E+00  1.548E+00  1.561E+00  1.573E+00  1.578E+00  1.572E+00  1.572E+00  1.562E+00  1.541E+00  1.527E+00  1.513E+00  1.484E+00  1.458E+00  1.429E+00  1.397E+00  1.359E+00  1.320E+00  1.283E+00  1.241E+00  1.198E+00  1.156E+00  1.110E+00  1.064E+00  1.012E+00  9.669E-01  9.136E-01  8.743E-01  8.266E-01  7.799E-01  7.317E-01  6.893E-01  6.421E-01  6.033E-01  5.606E-01  5.222E-01  4.828E-01  4.451E-01  4.142E-01  3.779E-01  3.484E-01  3.153E-01  2.887E-01  2.615E-01  2.387E-01  2.149E-01  1.948E-01  1.730E-01  1.582E-01  1.413E-01  1.281E-01  1.166E-01  1.065E-01  9.793E-02  8.894E-02  8.449E-02  7.991E-02  7.540E-02  7.337E-02  7.187E-02  7.121E-02  7.208E-02  7.282E-02  7.509E-02  7.580E-02  7.928E-02  8.293E-02  8.631E-02  8.947E-02  9.378E-02  9.945E-02  1.042E-01  1.076E-01  1.135E-01  1.175E-01  1.230E-01  1.252E-01  1.273E-01  1.291E-01  1.310E-01  1.301E-01  1.272E-01  1.237E-01  1.203E-01  1.134E-01  1.071E-01  9.921E-02  9.181E-02  8.355E-02  7.474E-02  6.687E-02  6.094E-02  5.253E-02  4.674E-02  4.008E-02  3.479E-02  2.994E-02  2.542E-02  2.122E-02  1.787E-02  1.538E-02  1.283E-02  1.081E-02  8.984E-03  7.159E-03  6.039E-03  4.676E-03  4.038E-03  3.110E-03  2.723E-03  2.197E-03  1.567E-03  1.507E-03  1.130E-03  8.768E-04  6.574E-04  5.610E-04  4.757E-04  3.205E-04  1.619E-04  2.103E-04  1.507E-04  1.112E-04  7.763E-05  8.805E-05  3.830E-05  3.850E-05  4.442E-05  1.073E-05  3.276E-05  2.756E-05  5.670E-06  0.000E+00  Z
 0.000E+00  0.000E+00  0.000E+00  0.000E+00  0.000E+00  0.000E+00  0.000E+00  0.000E+00  0.000E+00  0.000E+00  0.000E+00  0.000E+00  0.000E+00  0.000E+00  0.000E+00  0.000E+00  2.000E-05  5.832E-05  5.697E-05  3.698E-05  5.387E-05  2.288E-04  3.443E-04  2.874E-04  6.925E-04  5.815E-04  7.615E-04  1.092E-03  1.484E-03  1.943E-03  2.427E-03  3.072E-03  3.452E-03  4.080E-03  5.426E-03  6.291E-03  8.653E-03  9.707E-03  1.257E-02  1.373E-02  1.793E-02  2.035E-02  2.346E-02  2.774E-02  3.212E-02  3.791E-02  4.311E-02  4.933E-02  5.602E-02  6.402E-02  7.392E-02  8.116E-02  9.433E-02  1.052E-01  1.173E-01  1.285E-01  1.444E-01  1.592E-01  1.761E-01  1.934E-01  2.108E-01  2.302E-01  2.565E-01  2.728E-01  3.012E-01  3.230E-01  3.500E-01  3.763E-01  4.052E-01  4.375E-01  4.658E-01  4.972E-01  5.362E-01  5.685E-01  6.080E-01  6.475E-01  6.790E-01  7.186E-01  7.667E-01  8.061E-01  8.423E-01  8.972E-01  9.378E-01  9.833E-01  1.025E+00  1.086E+00  1.130E+00  1.185E+00  1.224E+00  1.277E+00  1.330E+00  1.383E+00  1.442E+00  1.481E+00  1.546E+00  1.595E+00  1.642E+00  1.690E+00  1.743E+00  1.785E+00  1.834E+00  1.888E+00  1.927E+00  1.961E+00  2.019E+00  2.042E+00  2.067E+00  2.096E+00  2.126E+00  2.142E+00  2.161E+00  2.173E+00  2.170E+00  2.174E+00  2.170E+00  2.153E+00  2.152E+00  2.129E+00  2.105E+00  2.082E+00  2.042E+00  1.999E+00  1.963E+00  1.912E+00  1.872E+00  1.817E+00  1.762E+00  1.700E+00  1.641E+00  1.577E+00  1.515E+00  1.451E+00  1.383E+00  1.322E+00  1.251E+00  1.187E+00  1.119E+00  1.057E+00  9.926E-01  9.323E-01  8.730E-01  8.153E-01  7.615E-01  7.050E-01  6.537E-01  6.062E-01  5.617E-01  5.145E-01  4.728E-01  4.375E-01  3.964E-01  3.644E-01  3.365E-01  3.086E-01  2.861E-01  2.611E-01  2.385E-01  2.231E-01  2.068E-01  1.911E-01  1.804E-01  1.709E-01  1.620E-01  1.549E-01  1.469E-01  1.430E-01  1.401E-01  1.385E-01  1.384E-01  1.376E-01  1.375E-01  1.401E-01  1.395E-01  1.434E-01  1.459E-01  1.495E-01  1.526E-01  1.547E-01  1.589E-01  1.616E-01  1.649E-01  1.669E-01  1.661E-01  1.690E-01  1.687E-01  1.672E-01  1.657E-01  1.636E-01  1.586E-01  1.524E-01  1.449E-01  1.374E-01  1.290E-01  1.202E-01  1.085E-01  1.006E-01  9.156E-02  8.281E-02  7.215E-02  6.504E-02  5.707E-02  4.889E-02  4.268E-02  3.717E-02  3.208E-02  2.638E-02  2.337E-02  1.985E-02  1.685E-02  1.381E-02  1.163E-02  9.588E-03  7.812E-03  6.841E-03  5.275E-03  4.699E-03  3.721E-03  3.038E-03  2.487E-03  2.173E-03  1.367E-03  1.217E-03  1.049E-03  8.553E-04  6.434E-04  4.749E-04  2.989E-04  2.863E-04  2.053E-04  1.788E-04  1.572E-04  1.731E-04  1.011E-04  4.358E-05  5.983E-05  4.250E-05  1.553E-05  1.555E-05  2.164E-05  1.594E-05  0.000E+00  Z
 0.000E+00  0.000E+00  0.000E+00  0.000E+00  0.000E+00  0.000E+00  0.000E+00  0.000E+00  0.000E+00  0.000E+00  0.000E+00  0.000E+00  0.000E+00  0.000E+00  0.000E+00  0.000E+00  0.000E+00  0.000E+00  7.590E-05  1.867E-05  5.438E-05  2.289E-04  1.033E-04  3.047E-04  2.309E-04  5.190E-04  6.177E-04  9.179E-04  1.208E-03  1.218E-03  1.759E-03  2.457E-03  3.223E-03  4.008E-03  4.730E-03  5.414E-03  6.576E-03  8.616E-03  1.044E-02  1.252E-02  1.413E-02  1.758E-02  2.025E-02  2.333E-02  2.836E-02  3.371E-02  3.676E-02  4.333E-02  4.895E-02  5.619E-02  6.537E-02  7.352E-02  8.238E-02  9.175E-02  1.022E-01  1.118E-01  1.273E-01  1.415E-01  1.572E-01  1.734E-01  1.923E-01  2.096E-01  2.283E-01  2.475E-01  2.698E-01  2.942E-01  3.140E-01  3.416E-01  3.715E-01  3.989E-01  4.258E-01  4.605E-01  4.917E-01  5.280E-01  5.614E-01  5.957E-01  6.367E-01  6.746E-01  7.134E-01  7.556E-01  8.025E-01  8.459E-01  8.941E-01  9.390E-01  9.865E-01  1.031E+00  1.082E+00  1.137E+00  1.192E+00  1.239E+00  1.306E+00  1.352E+00  1.404E+00  1.463E+00  1.516E+00  1.584E+00  1.632E+00  1.699E+00  1.759E+00  1.819E+00  1.874E+00  1.940E+00  1.995E+00  2.053E+00  2.112E+00  2.174E+00  2.231E+00  2.282E+00  2.324E+00  2.381E+00  2.437E+00  2.475E+00  2.522E+00  2.566E+00  2.595E+00  2.627E+00  2.653E+00  2.682E+00  2.704E+00  2.713E+00  2.730E+00  2.720E+00  2.721E+00  2.708E+00  2.700E+00  2.679E+00  2.653E+00  2.616E+00  2.570E+00  2.531E+00  2.482E+00  2.426E+00  2.366E+00  2.309E+00  2.237E+00  2.164E+00  2.086E+00  2.019E+00  1.941E+00  1.859E+00  1.771E+00  1.694E+00  1.611E+00  1.534E+00  1.448E+00  1.369E+00  1.290E+00  1.212E+00  1.140E+00  1.069E+00  9.954E-01  9.366E-01  8.636E-01  8.074E-01  7.457E-01  6.929E-01  6.393E-01  5.913E-01  5.423E-01  5.038E-01  4.647E-01  4.323E-01  3.962E-01  3.684E-01  3.420E-01  3.186E-01  3.005E-01  2.802E-01  2.632E-01  2.477E-01  2.383E-01  2.243E-01  2.160E-01  2.103E-01  2.065E-01  2.011E-01  1.969E-01  1.963E-01  1.925E-01  1.928E-01  1.916E-01  1.958E-01  1.951E-01  1.969E-01  1.967E-01  1.982E-01  2.025E-01  2.037E-01  2.057E-01  2.043E-01  2.051E-01  2.043E-01  2.020E-01  1.976E-01  1.953E-01  1.901E-01  1.825E-01  1.765E-01  1.665E-01  1.567E-01  1.480E-01  1.365E-01  1.248E-01  1.147E-01  1.027E-01  9.261E-02  8.220E-02  7.351E-02  6.563E-02  5.661E-02  4.841E-02  4.285E-02  3.708E-02  3.173E-02  2.706E-02  2.314E-02  1.996E-02  1.669E-02  1.406E-02  1.169E-02  9.777E-03  7.952E-03  6.531E-03  5.220E-03  4.466E-03  3.585E-03  2.929E-03  2.543E-03  1.945E-03  1.603E-03  1.389E-03  9.733E-04  8.438E-04  5.940E-04  5.027E-04  3.683E-04  2.667E-04  2.866E-04  1.792E-04  1.333E-04  2.049E-04  7.978E-05  7.336E-05  7.305E-05  5.733E-05  3.151E-05  3.171E-05  3.562E-05  3.422E-05  Z
 0.000E+00  0.000E+00  0.000E+00  0.000E+00  0.000E+00  0.000E+00  0.000E+00  0.000E+00  0.000E+00  0.000E+00  0.000E+00  0.000E+00  0.000E+00  0.000E+00  2.163E-05  0.000E+00  2.013E-05  0.000E+00  0.000E+00  1.110E-04  8.923E-05  3.488E-05  2.232E-04  2.182E-04  3.799E-04  4.356E-04  5.220E-04  7.639E-04  1.101E-03  1.234E-03  1.671E-03  2.172E-03  2.625E-03  3.006E-03  4.156E-03  5.262E-03  6.097E-03  7.507E-03  8.798E-03  1.117E-02  1.320E-02  1.586E-02  1.843E-02  2.214E-02  2.665E-02  2.901E-02  3.436E-02  3.925E-02  4.422E-02  5.117E-02  5.799E-02  6.701E-02  7.467E-02  8.376E-02  9.503E-02  1.053E-01  1.208E-01  1.321E-01  1.466E-01  1.613E-01  1.788E-01  1.932E-01  2.120E-01  2.299E-01  2.520E-01  2.767E-01  2.993E-01  3.221E-01  3.502E-01  3.795E-01  4.072E-01  4.381E-01  4.712E-01  5.016E-01  5.358E-01  5.715E-01  6.109E-01  6.500E-01  6.878E-01  7.260E-01  7.768E-01  8.149E-01  8.579E-01  9.044E-01  9.578E-01  1.010E+00  1.063E+00  1.107E+00  1.166E+00  1.214E+00  1.278E+00  1.332E+00  1.391E+00  1.447E+00  1.509E+00  1.569E+00  1.631E+00  1.699E+00  1.760E+00  1.825E+00  1.893E+00  1.955E+00  2.015E+00  2.088E+00  2.161E+00  2.216E+00  2.289E+00  2.348E+00  2.405E+00  2.476E+00  2.538E+00  2.602E+00  2.659E+00  2.724E+00  2.778E+00  2.831E+00  2.877E+00  2.927E+00  2.969E+00  3.017E+00  3.048E+00  3.076E+00  3.112E+00  3.121E+00  3.147E+00  3.156E+00  3.155E+00  3.158E+00  3.151E+00  3.134E+00  3.108E+00  3.088E+00  3.050E+00  3.003E+00  2.955E+00  2.904E+00  2.846E+00  2.790E+00  2.714E+00  2.636E+00  2.567E+00  2.472E+00  2.394E+00  2.300E+00  2.217E+00  2.122E+00  2.035E+00  1.934E+00  1.837E+00  1.753E+00  1.659E+00  1.564E+00  1.474E+00  1.387E+00  1.301E+00  1.224E+00  1.147E+00  1.068E+00  9.922E-01  9.241E-01  8.659E-01  8.000E-01  7.381E-01  6.860E-01  6.347E-01  5.866E-01  5.457E-01  5.021E-01  4.709E-01  4.377E-01  4.065E-01  3.814E-01  3.571E-01  3.335E-01  3.186E-01  2.996E-01  2.851E-01  2.750E-01  2.669E-01  2.546E-01  2.517E-01  2.447E-01  2.399E-01  2.371E-01  2.339E-01  2.317E-01  2.324E-01  2.342E-01  2.330E-01  2.315E-01  2.332E-01  2.343E-01  2.321E-01  2.319E-01  2.324E-01  2.300E-01  2.306E-01  2.254E-01  2.227E-01  2.165E-01  2.109E-01  2.024E-01  1.943E-01  1.867E-01  1.748E-01  1.649E-01  1.525E-01  1.391E-01  1.276E-01  1.163E-01  1.047E-01  9.285E-02  8.353E-02  7.428E-02  6.434E-02  5.720E-02  4.856E-02  4.323E-02  3.639E-02  3.162E-02  2.707E-02  2.280E-02  1.919E-02  1.624E-02  1.336E-02  1.107E-02  9.757E-03  7.956E-03  6.598E-03  5.282E-03  4.371E-03  3.571E-03  3.049E-03  2.536E-03  2.058E-03  1.660E-03  1.121E-03  1.143E-03  8.440E-04  6.516E-04  5.846E-04  4.124E-04  3.738E-04  3.171E-04  2.568E-04  1.581E-04  1.218E-04  1.196E-04  2.966E-04  Z
 0.000E+00  0.000E+00  0.000E+00  0.000E+00  0.000E+00  0.000E+00  0.000E+00  0.000E+00  0.000E+00  0.000E+00  0.000E+00  0.000E+00  0.000E+00  0.000E+00  0.000E+00  0.000E+00  2.029E-05  1.943E-05  1.894E-05  5.568E-05  9.050E-05  3.524E-05  8.617E-05  2.365E-04  3.135E-04  3.890E-04  5.073E-04  7.621E-04  9.197E-04  1.278E-03  1.641E-03  1.893E-03  2.709E-03  3.202E-03  3.644E-03  5.224E-03  6.140E-03  7.677E-03  8.469E-03  1.018E-02  1.301E-02  1.555E-02  1.832E-02  2.141E-02  2.400E-02  2.994E-02  3.314E-02  3.883E-02  4.396E-02  4.938E-02  5.764E-02  6.592E-02  7.551E-02  8.232E-02  9.525E-02  1.042E-01  1.180E-01  1.300E-01  1.418E-01  1.598E-01  1.774E-01  1.914E-01  2.134E-01  2.294E-01  2.525E-01  2.749E-01  2.976E-01  3.249E-01  3.526E-01  3.747E-01  4.040E-01  4.355E-01  4.653E-01  4.961E-01  5.325E-01  5.705E-01  6.077E-01  6.444E-01  6.833E-01  7.285E-01  7.690E-01  8.154E-01  8.638E-01  9.008E-01  9.554E-01  1.006E+00  1.057E+00  1.105E+00  1.162E+00  1.211E+00  1.269E+00  1.323E+00  1.389E+00  1.449E+00  1.509E+00  1.571E+00  1.631E+00  1.694E+00  1.761E+00  1.822E+00  1.893E+00  1.953E+00  2.016E+00  2.090E+00  2.160E+00  2.218E+00  2.289E+00  2.362E+00  2.422E+00  2.486E+00  2.541E+00  2.614E+00  2.663E+00  2.734E+00  2.780E+00  2.837E+00  2.901E+00  2.945E+00  3.001E+00  3.041E+00  3.073E+00  3.117E+00  3.150E+00  3.175E+00  3.188E+00  3.196E+00  3.218E+00  3.222E+00  3.213E+00  3.204E+00  3.178E+00  3.156E+00  3.132E+00  3.094E+00  3.046E+00  2.999E+00  2.940E+00  2.883E+00  2.814E+00  2.732E+00  2.659E+00  2.577E+00  2.494E+00  2.406E+00  2.315E+00  2.222E+00  2.133E+00  2.032E+00  1.937E+00  1.840E+00  1.752E+00  1.657E+00  1.570E+00  1.473E+00  1.387E+00  1.301E+00  1.221E+00  1.140E+00  1.068E+00  9.889E-01  9.201E-01  8.546E-01  7.967E-01  7.365E-01  6.817E-01  6.285E-01  5.879E-01  5.461E-01  5.025E-01  4.673E-01  4.389E-01  4.055E-01  3.807E-01  3.571E-01  3.366E-01  3.170E-01  3.021E-01  2.911E-01  2.750E-01  2.673E-01  2.617E-01  2.538E-01  2.487E-01  2.441E-01  2.433E-01  2.406E-01  2.371E-01  2.396E-01  2.344E-01  2.380E-01  2.346E-01  2.383E-01  2.368E-01  2.361E-01  2.387E-01  2.377E-01  2.307E-01  2.323E-01  2.277E-01  2.230E-01  2.166E-01  2.093E-01  2.024E-01  1.922E-01  1.849E-01  1.743E-01  1.623E-01  1.493E-01  1.387E-01  1.256E-01  1.134E-01  1.030E-01  9.132E-02  8.058E-02  7.154E-02  6.221E-02  5.447E-02  4.691E-02  4.123E-02  3.521E-02  3.067E-02  2.490E-02  2.177E-02  1.833E-02  1.514E-02  1.318E-02  1.115E-02  8.661E-03  7.278E-03  6.081E-03  5.050E-03  4.151E-03  3.663E-03  2.689E-03  2.263E-03  1.839E-03  1.535E-03  1.299E-03  1.031E-03  8.360E-04  5.862E-04  5.066E-04  5.041E-04  3.023E-04  2.356E-04  3.123E-04  2.076E-04  9.388E-05  3.587E-04  Z
 0.000E+00  0.000E+00  0.000E+00  0.000E+00  0.000E+00  0.000E+00  0.000E+00  0.000E+00  0.000E+00  0.000E+00  0.000E+00  0.000E+00  0.000E+00  0.000E+00  0.000E+00  0.000E+00  3.995E-05  0.000E+00  1.911E-05  3.680E-05  1.438E-04  3.498E-05  1.903E-04  2.024E-04  2.968E-04  4.213E-04  5.557E-04  7.329E-04  7.948E-04  1.248E-03  1.526E-03  1.952E-03  2.722E-03  3.121E-03  3.589E-03  5.164E-03  6.071E-03  6.695E-03  8.923E-03  1.053E-02  1.259E-02  1.499E-02  1.868E-02  2.099E-02  2.561E-02  2.922E-02  3.198E-02  3.830E-02  4.271E-02  5.013E-02  5.639E-02  6.303E-02  7.408E-02  8.165E-02  9.402E-02  1.061E-01  1.150E-01  1.286E-01  1.428E-01  1.602E-01  1.746E-01  1.934E-01  2.141E-01  2.320E-01  2.503E-01  2.712E-01  2.956E-01  3.180E-01  3.475E-01  3.680E-01  4.040E-01  4.318E-01  4.638E-01  4.958E-01  5.287E-01  5.635E-01  6.021E-01  6.387E-01  6.777E-01  7.246E-01  7.640E-01  8.091E-01  8.540E-01  9.011E-01  9.514E-01  9.995E-01  1.053E+00  1.103E+00  1.155E+00  1.215E+00  1.271E+00  1.324E+00  1.385E+00  1.440E+00  1.505E+00  1.572E+00  1.630E+00  1.692E+00  1.759E+00  1.825E+00  1.887E+00  1.956E+00  2.029E+00  2.089E+00  2.155E+00  2.229E+00  2.294E+00  2.367E+00  2.426E+00  2.494E+00  2.555E+00  2.618E+00  2.695E+00  2.750E+00  2.808E+00  2.864E+00  2.922E+00  2.975E+00  3.024E+00  3.079E+00  3.117E+00  3.157E+00  3.191E+00  3.224E+00  3.249E+00  3.275E+00  3.278E+00  3.276E+00  3.281E+00  3.282E+00  3.271E+00  3.243E+00  3.213E+00  3.190E+00  3.154E+00  3.108E+00  3.051E+00  2.998E+00  2.931E+00  2.864E+00  2.780E+00  2.697E+00  2.619E+00  2.530E+00  2.446E+00  2.351E+00  2.255E+00  2.156E+00  2.062E+00  1.966E+00  1.870E+00  1.767E+00  1.678E+00  1.579E+00  1.489E+00  1.407E+00  1.318E+00  1.238E+00  1.149E+00  1.076E+00  1.003E+00  9.370E-01  8.654E-01  8.080E-01  7.442E-01  6.939E-01  6.427E-01  5.933E-01  5.541E-01  5.108E-01  4.739E-01  4.422E-01  4.134E-01  3.862E-01  3.665E-01  3.431E-01  3.259E-01  3.096E-01  2.968E-01  2.840E-01  2.746E-01  2.684E-01  2.620E-01  2.543E-01  2.491E-01  2.478E-01  2.456E-01  2.428E-01  2.414E-01  2.440E-01  2.427E-01  2.434E-01  2.423E-01  2.429E-01  2.414E-01  2.422E-01  2.395E-01  2.375E-01  2.352E-01  2.316E-01  2.248E-01  2.203E-01  2.127E-01  2.032E-01  1.944E-01  1.851E-01  1.733E-01  1.607E-01  1.485E-01  1.350E-01  1.238E-01  1.122E-01  1.009E-01  9.025E-02  7.928E-02  6.980E-02  6.195E-02  5.294E-02  4.577E-02  4.043E-02  3.374E-02  2.849E-02  2.456E-02  2.182E-02  1.800E-02  1.550E-02  1.296E-02  1.076E-02  8.661E-03  7.192E-03  5.890E-03  5.111E-03  4.147E-03  3.403E-03  2.603E-03  2.351E-03  1.819E-03  1.411E-03  1.227E-03  8.867E-04  8.731E-04  5.842E-04  5.467E-04  3.687E-04  3.229E-04  3.227E-04  1.727E-04  1.247E-04  4.026E-04  Z
 0.000E+00  0.000E+00  0.000E+00  0.000E+00  0.000E+00  0.000E+00  0.000E+00  0.000E+00  0.000E+00  0.000E+00  0.000E+00  0.000E+00  0.000E+00  0.000E+00  0.000E+00  0.000E+00  0.000E+00  1.968E-05  3.801E-05  7.403E-05  7.216E-05  1.236E-04  1.726E-04  1.849E-04  3.303E-04  4.851E-04  5.894E-04  7.805E-04  9.016E-04  1.081E-03  1.654E-03  1.980E-03  2.334E-03  3.513E-03  3.810E-03  4.624E-03  5.815E-03  7.111E-03  8.643E-03  1.095E-02  1.299E-02  1.504E-02  1.775E-02  2.207E-02  2.447E-02  2.773E-02  3.350E-02  3.807E-02  4.247E-02  5.026E-02  5.720E-02  6.402E-02  7.357E-02  8.304E-02  9.260E-02  1.056E-01  1.163E-01  1.283E-01  1.436E-01  1.576E-01  1.727E-01  1.895E-01  2.071E-01  2.330E-01  2.465E-01  2.732E-01  2.905E-01  3.190E-01  3.461E-01  3.746E-01  4.024E-01  4.336E-01  4.633E-01  4.910E-01  5.304E-01  5.684E-01  6.040E-01  6.429E-01  6.825E-01  7.228E-01  7.630E-01  8.153E-01  8.519E-01  9.008E-01  9.541E-01  9.972E-01  1.052E+00  1.104E+00  1.158E+00  1.212E+00  1.269E+00  1.319E+00  1.380E+00  1.451E+00  1.503E+00  1.570E+00  1.635E+00  1.694E+00  1.761E+00  1.825E+00  1.889E+00  1.956E+00  2.025E+00  2.088E+00  2.154E+00  2.223E+00  2.299E+00  2.356E+00  2.433E+00  2.498E+00  2.564E+00  2.625E+00  2.696E+00  2.757E+00  2.809E+00  2.874E+00  2.931E+00  2.977E+00  3.023E+00  3.079E+00  3.130E+00  3.170E+00  3.190E+00  3.222E+00  3.246E+00  3.266E+00  3.282E+00  3.301E+00  3.284E+00  3.291E+00  3.281E+00  3.252E+00  3.231E+00  3.204E+00  3.152E+00  3.120E+00  3.062E+00  3.008E+00  2.944E+00  2.876E+00  2.792E+00  2.717E+00  2.638E+00  2.552E+00  2.460E+00  2.366E+00  2.268E+00  2.176E+00  2.078E+00  1.987E+00  1.882E+00  1.782E+00  1.687E+00  1.593E+00  1.508E+00  1.410E+00  1.329E+00  1.246E+00  1.163E+00  1.085E+00  1.013E+00  9.398E-01  8.782E-01  8.128E-01  7.587E-01  6.986E-01  6.513E-01  6.008E-01  5.572E-01  5.181E-01  4.796E-01  4.444E-01  4.182E-01  3.923E-01  3.689E-01  3.465E-01  3.301E-01  3.126E-01  2.991E-01  2.859E-01  2.780E-01  2.673E-01  2.631E-01  2.562E-01  2.512E-01  2.505E-01  2.473E-01  2.435E-01  2.450E-01  2.441E-01  2.422E-01  2.418E-01  2.432E-01  2.440E-01  2.426E-01  2.407E-01  2.406E-01  2.369E-01  2.363E-01  2.321E-01  2.254E-01  2.205E-01  2.141E-01  2.036E-01  1.966E-01  1.853E-01  1.756E-01  1.629E-01  1.501E-01  1.385E-01  1.263E-01  1.137E-01  1.013E-01  9.050E-02  8.164E-02  7.094E-02  6.158E-02  5.454E-02  4.720E-02  4.121E-02  3.511E-02  3.001E-02  2.487E-02  2.141E-02  1.879E-02  1.515E-02  1.303E-02  1.095E-02  8.934E-03  7.859E-03  6.553E-03  5.173E-03  4.115E-03  3.475E-03  3.107E-03  2.421E-03  1.909E-03  1.508E-03  1.333E-03  1.113E-03  7.973E-04  6.253E-04  5.308E-04  4.638E-04  2.772E-04  2.617E-04  1.938E-04  2.457E-04  3.854E-04  Z
 0.000E+00  0.000E+00  0.000E+00  0.000E+00  0.000E+00  0.000E+00  0.000E+00  0.000E+00  0.000E+00  0.000E+00  0.000E+00  0.000E+00  0.000E+00  0.000E+00  0.000E+00  0.000E+00  4.010E-05  1.950E-05  3.803E-05  5.556E-05  1.813E-05  1.586E-04  1.548E-04  1.859E-04  3.795E-04  3.394E-04  4.919E-04  9.182E-04  1.058E-03  1.205E-03  1.213E-03  2.110E-03  2.536E-03  2.597E-03  4.048E-03  4.841E-03  6.344E-03  7.196E-03  9.140E-03  1.045E-02  1.306E-02  1.425E-02  1.798E-02  2.121E-02  2.482E-02  2.867E-02  3.376E-02  3.783E-02  4.485E-02  4.982E-02  5.692E-02  6.487E-02  7.372E-02  8.195E-02  9.360E-02  1.032E-01  1.146E-01  1.268E-01  1.427E-01  1.586E-01  1.745E-01  1.904E-01  2.059E-01  2.273E-01  2.466E-01  2.735E-01  2.943E-01  3.167E-01  3.457E-01  3.697E-01  4.009E-01  4.311E-01  4.624E-01  4.942E-01  5.255E-01  5.602E-01  5.978E-01  6.404E-01  6.757E-01  7.199E-01  7.679E-01  8.062E-01  8.497E-01  9.056E-01  9.481E-01  9.970E-01  1.050E+00  1.102E+00  1.158E+00  1.211E+00  1.261E+00  1.323E+00  1.380E+00  1.443E+00  1.501E+00  1.565E+00  1.635E+00  1.699E+00  1.753E+00  1.824E+00  1.894E+00  1.953E+00  2.018E+00  2.093E+00  2.161E+00  2.238E+00  2.299E+00  2.368E+00  2.436E+00  2.497E+00  2.573E+00  2.636E+00  2.706E+00  2.765E+00  2.822E+00  2.876E+00  2.937E+00  2.989E+00  3.043E+00  3.085E+00  3.145E+00  3.186E+00  3.221E+00  3.250E+00  3.274E+00  3.298E+00  3.322E+00  3.323E+00  3.327E+00  3.323E+00  3.323E+00  3.293E+00  3.284E+00  3.239E+00  3.210E+00  3.163E+00  3.106E+00  3.059E+00  3.005E+00  2.932E+00  2.856E+00  2.776E+00  2.690E+00  2.612E+00  2.521E+00  2.416E+00  2.320E+00  2.234E+00  2.139E+00  2.035E+00  1.939E+00  1.837E+00  1.745E+00  1.653E+00  1.562E+00  1.471E+00  1.375E+00  1.293E+00  1.207E+00  1.126E+00  1.048E+00  9.794E-01  9.135E-01  8.452E-01  7.852E-01  7.269E-01  6.736E-01  6.211E-01  5.795E-01  5.371E-01  5.009E-01  4.653E-01  4.375E-01  4.048E-01  3.809E-01  3.611E-01  3.385E-01  3.234E-01  3.089E-01  2.930E-01  2.836E-01  2.760E-01  2.680E-01  2.618E-01  2.581E-01  2.546E-01  2.514E-01  2.480E-01  2.469E-01  2.482E-01  2.451E-01  2.457E-01  2.441E-01  2.455E-01  2.446E-01  2.437E-01  2.442E-01  2.419E-01  2.394E-01  2.354E-01  2.299E-01  2.233E-01  2.188E-01  2.099E-01  1.996E-01  1.915E-01  1.805E-01  1.664E-01  1.555E-01  1.427E-01  1.311E-01  1.184E-01  1.063E-01  9.544E-02  8.466E-02  7.458E-02  6.560E-02  5.823E-02  4.997E-02  4.286E-02  3.695E-02  3.230E-02  2.672E-02  2.325E-02  1.953E-02  1.696E-02  1.409E-02  1.182E-02  9.788E-03  8.251E-03  6.508E-03  5.480E-03  4.720E-03  3.672E-03  3.174E-03  2.480E-03  2.119E-03  1.644E-03  1.393E-03  1.105E-03  8.058E-04  7.438E-04  5.370E-04  4.787E-04  4.078E-04  3.192E-04  3.123E-04  2.082E-04  4.634E-04  Z
 0.000E+00  0.000E+00  0.000E+00  0.000E+00  0.000E+00  0.000E+00  0.000E+00  0.000E+00  0.000E+00  0.000E+00  0.000E+00  0.000E+00  0.000E+00  0.000E+00  0.000E+00  0.000E+00  0.000E+00  0.000E+00  0.000E+00  9.187E-05  1.830E-05  3.482E-05  1.722E-04  1.521E-04  2.471E-04  2.432E-04  7.119E-04  7.307E-04  8.425E-04  1.126E-03  1.537E-03  1.923E-03  2.192E-03  2.864E-03  3.909E-03  4.581E-03  5.875E-03  7.599E-03  8.783E-03  1.090E-02  1.205E-02  1.488E-02  1.855E-02  2.042E-02  2.514E-02  2.897E-02  3.218E-02  3.720E-02  4.301E-02  4.916E-02  5.610E-02  6.360E-02  7.168E-02  8.261E-02  9.156E-02  1.055E-01  1.149E-01  1.278E-01  1.403E-01  1.541E-01  1.725E-01  1.892E-01  2.095E-01  2.289E-01  2.494E-01  2.676E-01  2.962E-01  3.189E-01  3.463E-01  3.705E-01  3.969E-01  4.271E-01  4.576E-01  4.917E-01  5.291E-01  5.581E-01  5.971E-01  6.391E-01  6.770E-01  7.203E-01  7.597E-01  8.054E-01  8.502E-01  8.915E-01  9.454E-01  9.968E-01  1.045E+00  1.095E+00  1.156E+00  1.209E+00  1.264E+00  1.323E+00  1.380E+00  1.444E+00  1.498E+00  1.560E+00  1.635E+00  1.696E+00  1.761E+00  1.827E+00  1.892E+00  1.955E+00  2.035E+00  2.088E+00  2.164E+00  2.240E+00  2.301E+00  2.379E+00  2.448E+00  2.510E+00  2.569E+00  2.646E+00  2.700E+00  2.769E+00  2.829E+00  2.896E+00  2.952E+00  3.005E+00  3.069E+00  3.117E+00  3.158E+00  3.210E+00  3.249E+00  3.283E+00  3.311E+00  3.340E+00  3.353E+00  3.362E+00  3.373E+00  3.382E+00  3.371E+00  3.357E+00  3.337E+00  3.316E+00  3.284E+00  3.246E+00  3.189E+00  3.140E+00  3.081E+00  3.018E+00  2.946E+00  2.870E+00  2.779E+00  2.692E+00  2.605E+00  2.517E+00  2.420E+00  2.335E+00  2.232E+00  2.127E+00  2.026E+00  1.930E+00  1.833E+00  1.732E+00  1.633E+00  1.546E+00  1.452E+00  1.366E+00  1.279E+00  1.196E+00  1.116E+00  1.043E+00  9.687E-01  9.003E-01  8.361E-01  7.744E-01  7.217E-01  6.684E-01  6.163E-01  5.745E-01  5.356E-01  4.948E-01  4.632E-01  4.328E-01  4.045E-01  3.797E-01  3.577E-01  3.396E-01  3.215E-01  3.066E-01  2.973E-01  2.863E-01  2.751E-01  2.682E-01  2.646E-01  2.589E-01  2.561E-01  2.532E-01  2.547E-01  2.520E-01  2.496E-01  2.487E-01  2.493E-01  2.504E-01  2.475E-01  2.470E-01  2.460E-01  2.444E-01  2.445E-01  2.400E-01  2.351E-01  2.283E-01  2.243E-01  2.177E-01  2.065E-01  1.967E-01  1.873E-01  1.764E-01  1.634E-01  1.509E-01  1.388E-01  1.271E-01  1.144E-01  1.021E-01  9.113E-02  8.151E-02  7.190E-02  6.359E-02  5.456E-02  4.719E-02  4.037E-02  3.544E-02  2.948E-02  2.581E-02  2.202E-02  1.851E-02  1.547E-02  1.367E-02  1.095E-02  9.087E-03  7.716E-03  6.263E-03  4.900E-03  4.456E-03  3.330E-03  2.934E-03  2.355E-03  1.867E-03  1.534E-03  1.312E-03  1.180E-03  7.959E-04  6.424E-04  4.561E-04  3.306E-04  3.608E-04  3.023E-04  2.451E-04  5.532E-04  Z
 0.000E+00  0.000E+00  0.000E+00  0.000E+00  0.000E+00  0.000E+00  0.000E+00  0.000E+00  0.000E+00  0.000E+00  0.000E+00  0.000E+00  0.000E+00  0.000E+00  0.000E+00  0.000E+00  1.996E-05  1.941E-05  0.000E+00  7.395E-05  5.418E-05  5.291E-05  1.553E-04  1.014E-04  3.468E-04  5.011E-04  3.803E-04  6.845E-04  7.021E-04  1.203E-03  1.463E-03  1.850E-03  2.522E-03  2.920E-03  3.491E-03  4.907E-03  5.897E-03  6.859E-03  8.414E-03  1.077E-02  1.218E-02  1.451E-02  1.784E-02  2.051E-02  2.467E-02  2.714E-02  3.191E-02  3.694E-02  4.392E-02  4.831E-02  5.555E-02  6.276E-02  6.989E-02  8.040E-02  8.997E-02  1.021E-01  1.106E-01  1.250E-01  1.394E-01  1.551E-01  1.705E-01  1.860E-01  2.049E-01  2.251E-01  2.433E-01  2.672E-01  2.914E-01  3.112E-01  3.404E-01  3.669E-01  3.928E-01  4.277E-01  4.574E-01  4.940E-01  5.234E-01  5.516E-01  5.927E-01  6.276E-01  6.704E-01  7.141E-01  7.571E-01  7.985E-01  8.397E-01  8.942E-01  9.403E-01  9.893E-01  1.041E+00  1.092E+00  1.148E+00  1.203E+00  1.260E+00  1.316E+00  1.376E+00  1.433E+00  1.505E+00  1.569E+00  1.624E+00  1.691E+00  1.755E+00  1.826E+00  1.893E+00  1.957E+00  2.026E+00  2.099E+00  2.165E+00  2.243E+00  2.312E+00  2.372E+00  2.445E+00  2.523E+00  2.590E+00  2.655E+00  2.722E+00  2.786E+00  2.859E+00  2.932E+00  2.990E+00  3.059E+00  3.111E+00  3.145E+00  3.212E+00  3.259E+00  3.299E+00  3.338E+00  3.384E+00  3.404E+00  3.438E+00  3.449E+00  3.473E+00  3.470E+00  3.475E+00  3.472E+00  3.453E+00  3.438E+00  3.409E+00  3.381E+00  3.340E+00  3.289E+00  3.241E+00  3.168E+00  3.106E+00  3.033E+00  2.959E+00  2.874E+00  2.791E+00  2.691E+00  2.600E+00  2.512E+00  2.413E+00  2.305E+00  2.206E+00  2.101E+00  2.006E+00  1.906E+00  1.795E+00  1.693E+00  1.601E+00  1.512E+00  1.414E+00  1.324E+00  1.238E+00  1.160E+00  1.078E+00  1.006E+00  9.384E-01  8.699E-01  8.068E-01  7.491E-01  6.983E-01  6.456E-01  5.996E-01  5.547E-01  5.163E-01  4.840E-01  4.500E-01  4.212E-01  3.967E-01  3.730E-01  3.556E-01  3.399E-01  3.217E-01  3.085E-01  2.936E-01  2.883E-01  2.797E-01  2.767E-01  2.694E-01  2.671E-01  2.636E-01  2.619E-01  2.598E-01  2.576E-01  2.573E-01  2.563E-01  2.556E-01  2.557E-01  2.550E-01  2.517E-01  2.514E-01  2.487E-01  2.451E-01  2.400E-01  2.335E-01  2.289E-01  2.208E-01  2.110E-01  2.032E-01  1.932E-01  1.800E-01  1.673E-01  1.550E-01  1.411E-01  1.286E-01  1.176E-01  1.043E-01  9.451E-02  8.343E-02  7.281E-02  6.514E-02  5.658E-02  4.931E-02  4.177E-02  3.624E-02  3.060E-02  2.616E-02  2.257E-02  1.911E-02  1.613E-02  1.356E-02  1.097E-02  9.655E-03  7.469E-03  6.213E-03  5.278E-03  4.301E-03  3.488E-03  2.831E-03  2.484E-03  1.912E-03  1.474E-03  1.386E-03  1.007E-03  9.319E-04  5.952E-04  5.098E-04  4.700E-04  3.330E-04  2.653E-04  7.416E-04  Z
 0.000E+00  0.000E+00  0.000E+00  0.000E+00  0.000E+00  0.000E+00  0.000E+00  0.000E+00  0.000E+00  0.000E+00  0.000E+00  0.000E+00  0.000E+00  0.000E+00  0.000E+00  0.000E+00  0.000E+00  3.879E-05  1.885E-05  5.531E-05  9.007E-05  0.000E+00  1.718E-04  1.350E-04  1.650E-04  3.236E-04  4.435E-04  6.693E-04  1.041E-03  1.173E-03  1.630E-03  2.137E-03  2.093E-03  2.894E-03  3.604E-03  4.564E-03  5.246E-03  6.519E-03  8.755E-03  1.023E-02  1.212E-02  1.473E-02  1.613E-02  2.147E-02  2.304E-02  2.711E-02  3.271E-02  3.712E-02  4.154E-02  4.771E-02  5.555E-02  6.273E-02  7.121E-02  7.992E-02  9.018E-02  1.012E-01  1.111E-01  1.227E-01  1.381E-01  1.524E-01  1.714E-01  1.863E-01  2.036E-01  2.201E-01  2.429E-01  2.628E-01  2.842E-01  3.115E-01  3.348E-01  3.635E-01  3.930E-01  4.232E-01  4.530E-01  4.832E-01  5.132E-01  5.549E-01  5.915E-01  6.283E-01  6.688E-01  7.115E-01  7.509E-01  7.941E-01  8.468E-01  8.911E-01  9.349E-01  9.779E-01  1.033E+00  1.097E+00  1.146E+00  1.200E+00  1.257E+00  1.319E+00  1.374E+00  1.440E+00  1.505E+00  1.561E+00  1.628E+00  1.689E+00  1.755E+00  1.830E+00  1.887E+00  1.962E+00  2.033E+00  2.098E+00  2.172E+00  2.242E+00  2.310E+00  2.390E+00  2.464E+00  2.531E+00  2.602E+00  2.670E+00  2.746E+00  2.816E+00  2.882E+00  2.948E+00  3.011E+00  3.075E+00  3.150E+00  3.199E+00  3.247E+00  3.305E+00  3.346E+00  3.390E+00  3.434E+00  3.469E+00  3.506E+00  3.525E+00  3.548E+00  3.564E+00  3.567E+00  3.567E+00  3.554E+00  3.551E+00  3.523E+00  3.503E+00  3.472E+00  3.426E+00  3.382E+00  3.319E+00  3.256E+00  3.180E+00  3.106E+00  3.029E+00  2.947E+00  2.863E+00  2.766E+00  2.661E+00  2.573E+00  2.477E+00  2.362E+00  2.262E+00  2.154E+00  2.053E+00  1.948E+00  1.849E+00  1.742E+00  1.647E+00  1.547E+00  1.456E+00  1.363E+00  1.280E+00  1.191E+00  1.113E+00  1.036E+00  9.651E-01  8.983E-01  8.355E-01  7.746E-01  7.186E-01  6.670E-01  6.189E-01  5.759E-01  5.332E-01  5.007E-01  4.672E-01  4.372E-01  4.094E-01  3.885E-01  3.665E-01  3.456E-01  3.345E-01  3.216E-01  3.073E-01  3.001E-01  2.915E-01  2.828E-01  2.790E-01  2.776E-01  2.731E-01  2.715E-01  2.694E-01  2.677E-01  2.629E-01  2.645E-01  2.622E-01  2.629E-01  2.603E-01  2.590E-01  2.568E-01  2.540E-01  2.502E-01  2.457E-01  2.406E-01  2.321E-01  2.259E-01  2.151E-01  2.041E-01  1.937E-01  1.822E-01  1.697E-01  1.558E-01  1.441E-01  1.319E-01  1.187E-01  1.060E-01  9.606E-02  8.421E-02  7.430E-02  6.485E-02  5.716E-02  5.006E-02  4.263E-02  3.669E-02  3.162E-02  2.714E-02  2.279E-02  1.909E-02  1.597E-02  1.348E-02  1.146E-02  9.383E-03  7.770E-03  6.493E-03  5.334E-03  4.414E-03  3.605E-03  3.050E-03  2.266E-03  1.856E-03  1.616E-03  1.355E-03  1.047E-03  9.770E-04  7.363E-04  5.824E-04  4.261E-04  3.490E-04  9.911E-04  Z
 0.000E+00  0.000E+00  0.000E+00  0.000E+00  0.000E+00  0.000E+00  0.000E+00  0.000E+00  0.000E+00  0.000E+00  0.000E+00  2.388E-05  0.000E+00  0.000E+00  0.000E+00  0.000E+00  0.000E+00  1.936E-05  0.000E+00  9.253E-05  1.268E-04  8.801E-05  1.725E-04  2.030E-04  2.644E-04  3.562E-04  4.130E-04  7.157E-04  7.490E-04  1.007E-03  1.554E-03  1.921E-03  2.366E-03  3.190E-03  3.436E-03  4.831E-03  5.569E-03  6.961E-03  8.314E-03  1.023E-02  1.182E-02  1.416E-02  1.742E-02  1.925E-02  2.290E-02  2.720E-02  3.175E-02  3.550E-02  4.272E-02  4.867E-02  5.564E-02  6.236E-02  6.938E-02  7.920E-02  9.007E-02  9.919E-02  1.106E-01  1.228E-01  1.372E-01  1.492E-01  1.681E-01  1.869E-01  2.020E-01  2.190E-01  2.426E-01  2.633E-01  2.866E-01  3.107E-01  3.332E-01  3.627E-01  3.910E-01  4.209E-01  4.520E-01  4.781E-01  5.146E-01  5.507E-01  5.859E-01  6.257E-01  6.652E-01  7.116E-01  7.485E-01  7.892E-01  8.418E-01  8.844E-01  9.317E-01  9.854E-01  1.030E+00  1.086E+00  1.139E+00  1.193E+00  1.256E+00  1.310E+00  1.375E+00  1.429E+00  1.502E+00  1.566E+00  1.620E+00  1.686E+00  1.754E+00  1.826E+00  1.896E+00  1.968E+00  2.037E+00  2.107E+00  2.178E+00  2.240E+00  2.326E+00  2.397E+00  2.466E+00  2.538E+00  2.609E+00  2.685E+00  2.750E+00  2.823E+00  2.895E+00  2.956E+00  3.025E+00  3.086E+00  3.144E+00  3.210E+00  3.272E+00  3.326E+00  3.368E+00  3.424E+00  3.462E+00  3.490E+00  3.534E+00  3.559E+00  3.581E+00  3.603E+00  3.609E+00  3.611E+00  3.608E+00  3.593E+00  3.576E+00  3.557E+00  3.530E+00  3.488E+00  3.436E+00  3.390E+00  3.320E+00  3.259E+00  3.193E+00  3.112E+00  3.028E+00  2.938E+00  2.841E+00  2.748E+00  2.639E+00  2.541E+00  2.447E+00  2.344E+00  2.235E+00  2.134E+00  2.024E+00  1.914E+00  1.822E+00  1.712E+00  1.612E+00  1.520E+00  1.425E+00  1.342E+00  1.250E+00  1.169E+00  1.088E+00  1.010E+00  9.437E-01  8.771E-01  8.085E-01  7.532E-01  7.017E-01  6.527E-01  6.036E-01  5.626E-01  5.242E-01  4.892E-01  4.563E-01  4.312E-01  4.047E-01  3.813E-01  3.649E-01  3.461E-01  3.324E-01  3.184E-01  3.090E-01  3.004E-01  2.912E-01  2.875E-01  2.808E-01  2.781E-01  2.763E-01  2.725E-01  2.698E-01  2.703E-01  2.683E-01  2.674E-01  2.685E-01  2.648E-01  2.628E-01  2.585E-01  2.581E-01  2.530E-01  2.489E-01  2.431E-01  2.367E-01  2.297E-01  2.226E-01  2.125E-01  2.013E-01  1.906E-01  1.741E-01  1.644E-01  1.502E-01  1.386E-01  1.250E-01  1.121E-01  1.004E-01  8.923E-02  7.950E-02  7.053E-02  6.143E-02  5.325E-02  4.564E-02  3.952E-02  3.364E-02  2.900E-02  2.525E-02  2.084E-02  1.833E-02  1.512E-02  1.238E-02  1.021E-02  8.743E-03  7.064E-03  5.712E-03  4.984E-03  4.435E-03  3.315E-03  2.831E-03  2.201E-03  1.761E-03  1.356E-03  1.261E-03  1.009E-03  7.019E-04  5.584E-04  5.116E-04  4.199E-04  1.272E-03  Z
 0.000E+00  0.000E+00  0.000E+00  0.000E+00  0.000E+00  0.000E+00  0.000E+00  0.000E+00  0.000E+00  0.000E+00  0.000E+00  0.000E+00  0.000E+00  0.000E+00  0.000E+00  2.084E-05  1.989E-05  3.926E-05  0.000E+00  9.285E-05  7.209E-05  3.483E-05  3.441E-05  1.180E-04  2.314E-04  4.684E-04  4.927E-04  4.351E-04  7.970E-04  1.280E-03  1.448E-03  1.834E-03  2.480E-03  2.669E-03  3.532E-03  4.579E-03  5.750E-03  6.740E-03  8.358E-03  1.002E-02  1.169E-02  1.437E-02  1.594E-02  2.000E-02  2.276E-02  2.644E-02  3.121E-02  3.592E-02  4.172E-02  4.790E-02  5.314E-02  6.104E-02  6.950E-02  7.708E-02  8.694E-02  9.958E-02  1.120E-01  1.202E-01  1.351E-01  1.542E-01  1.648E-01  1.835E-01  2.009E-01  2.176E-01  2.391E-01  2.613E-01  2.852E-01  3.082E-01  3.303E-01  3.594E-01  3.882E-01  4.193E-01  4.508E-01  4.812E-01  5.127E-01  5.481E-01  5.852E-01  6.239E-01  6.650E-01  7.087E-01  7.483E-01  7.904E-01  8.379E-01  8.853E-01  9.326E-01  9.854E-01  1.034E+00  1.090E+00  1.145E+00  1.196E+00  1.249E+00  1.309E+00  1.381E+00  1.432E+00  1.492E+00  1.557E+00  1.623E+00  1.691E+00  1.759E+00  1.827E+00  1.893E+00  1.967E+00  2.040E+00  2.109E+00  2.180E+00  2.256E+00  2.325E+00  2.395E+00  2.474E+00  2.544E+00  2.623E+00  2.692E+00  2.762E+00  2.838E+00  2.906E+00  2.967E+00  3.038E+00  3.107E+00  3.167E+00  3.222E+00  3.288E+00  3.340E+00  3.397E+00  3.442E+00  3.483E+00  3.523E+00  3.563E+00  3.597E+00  3.607E+00  3.634E+00  3.660E+00  3.652E+00  3.665E+00  3.643E+00  3.632E+00  3.606E+00  3.580E+00  3.544E+00  3.508E+00  3.441E+00  3.398E+00  3.331E+00  3.261E+00  3.183E+00  3.103E+00  3.016E+00  2.909E+00  2.822E+00  2.727E+00  2.620E+00  2.522E+00  2.411E+00  2.303E+00  2.202E+00  2.100E+00  1.990E+00  1.877E+00  1.782E+00  1.685E+00  1.581E+00  1.483E+00  1.395E+00  1.305E+00  1.219E+00  1.142E+00  1.064E+00  9.861E-01  9.159E-01  8.498E-01  7.925E-01  7.326E-01  6.785E-01  6.354E-01  5.892E-01  5.497E-01  5.143E-01  4.761E-01  4.453E-01  4.230E-01  4.006E-01  3.766E-01  3.578E-01  3.413E-01  3.296E-01  3.181E-01  3.086E-01  2.990E-01  2.947E-01  2.878E-01  2.814E-01  2.794E-01  2.774E-01  2.755E-01  2.728E-01  2.709E-01  2.717E-01  2.719E-01  2.681E-01  2.644E-01  2.628E-01  2.617E-01  2.584E-01  2.529E-01  2.500E-01  2.415E-01  2.361E-01  2.285E-01  2.191E-01  2.089E-01  1.964E-01  1.828E-01  1.722E-01  1.570E-01  1.435E-01  1.318E-01  1.204E-01  1.056E-01  9.519E-02  8.444E-02  7.510E-02  6.503E-02  5.685E-02  4.904E-02  4.270E-02  3.668E-02  3.048E-02  2.619E-02  2.183E-02  1.942E-02  1.633E-02  1.350E-02  1.152E-02  9.353E-03  7.901E-03  6.400E-03  5.325E-03  4.614E-03  3.644E-03  3.001E-03  2.485E-03  1.981E-03  1.479E-03  1.356E-03  1.085E-03  8.616E-04  7.029E-04  6.692E-04  2.971E-04  1.179E-03  Z
 0.000E+00  0.000E+00  0.000E+00  0.000E+00  0.000E+00  0.000E+00  0.000E+00  0.000E+00  0.000E+00  0.000E+00  0.000E+00  0.000E+00  0.000E+00  4.462E-05  0.000E+00  0.000E+00  0.000E+00  1.948E-05  1.897E-05  3.726E-05  8.980E-05  8.844E-05  5.200E-05  1.686E-04  1.807E-04  2.590E-04  3.654E-04  6.691E-04  9.021E-04  1.097E-03  1.229E-03  1.791E-03  2.536E-03  2.839E-03  4.169E-03  4.658E-03  5.391E-03  6.682E-03  7.964E-03  1.022E-02  1.158E-02  1.398E-02  1.691E-02  1.975E-02  2.337E-02  2.682E-02  3.054E-02  3.526E-02  4.104E-02  4.790E-02  5.341E-02  6.162E-02  6.885E-02  7.828E-02  8.699E-02  9.851E-02  1.093E-01  1.201E-01  1.338E-01  1.481E-01  1.662E-01  1.807E-01  1.994E-01  2.161E-01  2.402E-01  2.578E-01  2.815E-01  3.069E-01  3.346E-01  3.569E-01  3.885E-01  4.126E-01  4.443E-01  4.763E-01  5.092E-01  5.443E-01  5.859E-01  6.240E-01  6.619E-01  7.073E-01  7.402E-01  7.866E-01  8.303E-01  8.782E-01  9.302E-01  9.797E-01  1.029E+00  1.083E+00  1.134E+00  1.188E+00  1.244E+00  1.307E+00  1.369E+00  1.429E+00  1.491E+00  1.553E+00  1.622E+00  1.695E+00  1.754E+00  1.827E+00  1.890E+00  1.971E+00  2.040E+00  2.109E+00  2.183E+00  2.257E+00  2.338E+00  2.403E+00  2.481E+00  2.547E+00  2.629E+00  2.701E+00  2.774E+00  2.846E+00  2.919E+00  2.988E+00  3.057E+00  3.142E+00  3.190E+00  3.251E+00  3.322E+00  3.381E+00  3.437E+00  3.478E+00  3.527E+00  3.572E+00  3.612E+00  3.655E+00  3.682E+00  3.691E+00  3.724E+00  3.728E+00  3.740E+00  3.733E+00  3.715E+00  3.705E+00  3.685E+00  3.659E+00  3.617E+00  3.566E+00  3.507E+00  3.455E+00  3.389E+00  3.320E+00  3.233E+00  3.156E+00  3.060E+00  2.969E+00  2.864E+00  2.767E+00  2.662E+00  2.558E+00  2.448E+00  2.343E+00  2.237E+00  2.129E+00  2.021E+00  1.910E+00  1.808E+00  1.707E+00  1.601E+00  1.507E+00  1.412E+00  1.325E+00  1.237E+00  1.158E+00  1.074E+00  9.983E-01  9.299E-01  8.638E-01  8.041E-01  7.450E-01  6.891E-01  6.459E-01  5.977E-01  5.608E-01  5.173E-01  4.853E-01  4.564E-01  4.286E-01  4.057E-01  3.852E-01  3.679E-01  3.498E-01  3.341E-01  3.256E-01  3.142E-01  3.069E-01  3.020E-01  2.949E-01  2.888E-01  2.853E-01  2.836E-01  2.810E-01  2.791E-01  2.750E-01  2.765E-01  2.762E-01  2.728E-01  2.699E-01  2.693E-01  2.659E-01  2.614E-01  2.590E-01  2.509E-01  2.440E-01  2.375E-01  2.284E-01  2.212E-01  2.084E-01  1.966E-01  1.831E-01  1.703E-01  1.569E-01  1.440E-01  1.294E-01  1.165E-01  1.060E-01  9.405E-02  8.322E-02  7.402E-02  6.608E-02  5.596E-02  4.865E-02  4.247E-02  3.556E-02  3.047E-02  2.655E-02  2.226E-02  1.853E-02  1.581E-02  1.339E-02  1.146E-02  9.279E-03  7.672E-03  6.496E-03  5.397E-03  4.055E-03  3.530E-03  2.880E-03  2.439E-03  1.937E-03  1.613E-03  1.271E-03  9.431E-04  8.412E-04  7.201E-04  5.362E-04  1.597E-03  Z
 0.000E+00  0.000E+00  0.000E+00  0.000E+00  0.000E+00  0.000E+00  0.000E+00  0.000E+00  0.000E+00  0.000E+00  0.000E+00  0.000E+00  0.000E+00  0.000E+00  0.000E+00  0.000E+00  2.032E-05  0.000E+00  1.884E-05  3.688E-05  0.000E+00  7.037E-05  1.035E-04  1.514E-04  3.129E-04  3.719E-04  3.653E-04  4.992E-04  7.653E-04  9.922E-04  1.379E-03  1.339E-03  2.266E-03  2.611E-03  3.225E-03  4.033E-03  5.178E-03  6.295E-03  7.647E-03  9.951E-03  1.149E-02  1.382E-02  1.676E-02  1.882E-02  2.238E-02  2.689E-02  3.001E-02  3.515E-02  4.042E-02  4.714E-02  5.377E-02  6.032E-02  6.812E-02  7.648E-02  8.499E-02  9.673E-02  1.084E-01  1.209E-01  1.354E-01  1.483E-01  1.626E-01  1.823E-01  1.998E-01  2.192E-01  2.342E-01  2.549E-01  2.805E-01  3.031E-01  3.272E-01  3.560E-01  3.848E-01  4.107E-01  4.412E-01  4.776E-01  5.150E-01  5.460E-01  5.776E-01  6.195E-01  6.574E-01  6.971E-01  7.386E-01  7.826E-01  8.272E-01  8.725E-01  9.243E-01  9.709E-01  1.026E+00  1.083E+00  1.138E+00  1.190E+00  1.246E+00  1.303E+00  1.363E+00  1.425E+00  1.495E+00  1.556E+00  1.626E+00  1.681E+00  1.760E+00  1.825E+00  1.896E+00  1.964E+00  2.040E+00  2.112E+00  2.189E+00  2.269E+00  2.330E+00  2.414E+00  2.491E+00  2.561E+00  2.635E+00  2.721E+00  2.788E+00  2.865E+00  2.933E+00  3.013E+00  3.075E+00  3.154E+00  3.222E+00  3.278E+00  3.353E+00  3.399E+00  3.471E+00  3.515E+00  3.579E+00  3.616E+00  3.659E+00  3.707E+00  3.739E+00  3.760E+00  3.781E+00  3.796E+00  3.808E+00  3.808E+00  3.810E+00  3.803E+00  3.789E+00  3.762E+00  3.718E+00  3.679E+00  3.631E+00  3.576E+00  3.515E+00  3.438E+00  3.361E+00  3.281E+00  3.196E+00  3.106E+00  3.004E+00  2.903E+00  2.809E+00  2.696E+00  2.589E+00  2.479E+00  2.373E+00  2.252E+00  2.147E+00  2.036E+00  1.929E+00  1.822E+00  1.723E+00  1.618E+00  1.521E+00  1.424E+00  1.337E+00  1.244E+00  1.166E+00  1.076E+00  1.011E+00  9.406E-01  8.672E-01  8.098E-01  7.522E-01  6.969E-01  6.508E-01  6.064E-01  5.635E-01  5.249E-01  4.950E-01  4.627E-01  4.346E-01  4.127E-01  3.924E-01  3.734E-01  3.569E-01  3.424E-01  3.289E-01  3.219E-01  3.118E-01  3.034E-01  2.974E-01  2.954E-01  2.942E-01  2.906E-01  2.853E-01  2.832E-01  2.848E-01  2.802E-01  2.794E-01  2.786E-01  2.758E-01  2.708E-01  2.705E-01  2.633E-01  2.599E-01  2.533E-01  2.472E-01  2.382E-01  2.303E-01  2.175E-01  2.099E-01  1.963E-01  1.833E-01  1.689E-01  1.557E-01  1.425E-01  1.294E-01  1.155E-01  1.037E-01  9.228E-02  8.192E-02  7.293E-02  6.316E-02  5.505E-02  4.716E-02  4.098E-02  3.452E-02  2.929E-02  2.563E-02  2.195E-02  1.827E-02  1.532E-02  1.267E-02  1.062E-02  9.026E-03  7.550E-03  6.190E-03  5.270E-03  4.217E-03  3.645E-03  2.913E-03  2.289E-03  1.773E-03  1.700E-03  1.150E-03  9.706E-04  8.103E-04  6.115E-04  1.894E-03  Z
 0.000E+00  0.000E+00  0.000E+00  0.000E+00  0.000E+00  0.000E+00  0.000E+00  0.000E+00  0.000E+00  0.000E+00  0.000E+00  0.000E+00  0.000E+00  0.000E+00  2.142E-05  0.000E+00  0.000E+00  1.965E-05  0.000E+00  3.703E-05  3.579E-05  1.409E-04  6.848E-05  1.002E-04  2.309E-04  3.556E-04  5.089E-04  7.312E-04  8.280E-04  8.270E-04  1.318E-03  1.453E-03  2.308E-03  2.794E-03  3.715E-03  4.708E-03  5.146E-03  5.924E-03  7.383E-03  9.682E-03  1.063E-02  1.335E-02  1.613E-02  1.787E-02  2.171E-02  2.498E-02  3.080E-02  3.434E-02  3.944E-02  4.564E-02  5.125E-02  5.847E-02  6.684E-02  7.581E-02  8.456E-02  9.565E-02  1.064E-01  1.181E-01  1.314E-01  1.465E-01  1.576E-01  1.766E-01  1.925E-01  2.102E-01  2.304E-01  2.549E-01  2.734E-01  3.028E-01  3.206E-01  3.464E-01  3.768E-01  4.085E-01  4.404E-01  4.673E-01  5.015E-01  5.377E-01  5.756E-01  6.124E-01  6.482E-01  6.885E-01  7.352E-01  7.760E-01  8.221E-01  8.665E-01  9.201E-01  9.649E-01  1.015E+00  1.074E+00  1.127E+00  1.182E+00  1.241E+00  1.306E+00  1.359E+00  1.426E+00  1.488E+00  1.550E+00  1.623E+00  1.675E+00  1.755E+00  1.817E+00  1.903E+00  1.970E+00  2.034E+00  2.122E+00  2.194E+00  2.275E+00  2.352E+00  2.424E+00  2.502E+00  2.575E+00  2.664E+00  2.743E+00  2.824E+00  2.897E+00  2.968E+00  3.036E+00  3.119E+00  3.192E+00  3.273E+00  3.346E+00  3.409E+00  3.483E+00  3.541E+00  3.609E+00  3.666E+00  3.722E+00  3.764E+00  3.818E+00  3.853E+00  3.900E+00  3.931E+00  3.962E+00  3.977E+00  3.985E+00  4.002E+00  4.009E+00  4.003E+00  3.980E+00  3.965E+00  3.923E+00  3.899E+00  3.851E+00  3.800E+00  3.733E+00  3.668E+00  3.593E+00  3.499E+00  3.433E+00  3.332E+00  3.242E+00  3.129E+00  3.038E+00  2.924E+00  2.807E+00  2.691E+00  2.585E+00  2.466E+00  2.352E+00  2.230E+00  2.118E+00  2.009E+00  1.895E+00  1.791E+00  1.682E+00  1.580E+00  1.481E+00  1.387E+00  1.293E+00  1.211E+00  1.132E+00  1.054E+00  9.737E-01  9.089E-01  8.469E-01  7.853E-01  7.320E-01  6.796E-01  6.334E-01  5.907E-01  5.522E-01  5.168E-01  4.861E-01  4.557E-01  4.360E-01  4.134E-01  3.929E-01  3.787E-01  3.615E-01  3.503E-01  3.396E-01  3.304E-01  3.229E-01  3.180E-01  3.104E-01  3.070E-01  3.044E-01  3.010E-01  2.989E-01  2.968E-01  2.954E-01  2.915E-01  2.893E-01  2.870E-01  2.809E-01  2.813E-01  2.757E-01  2.694E-01  2.614E-01  2.530E-01  2.430E-01  2.318E-01  2.220E-01  2.100E-01  1.988E-01  1.860E-01  1.705E-01  1.564E-01  1.422E-01  1.299E-01  1.163E-01  1.039E-01  9.242E-02  8.288E-02  7.068E-02  6.334E-02  5.437E-02  4.724E-02  4.092E-02  3.478E-02  3.010E-02  2.518E-02  2.137E-02  1.783E-02  1.516E-02  1.234E-02  1.093E-02  8.974E-03  7.511E-03  5.587E-03  5.215E-03  4.335E-03  3.612E-03  2.855E-03  2.201E-03  1.721E-03  1.377E-03  1.195E-03  1.038E-03  3.205E-03  Z
 0.000E+00  0.000E+00  0.000E+00  0.000E+00  0.000E+00  0.000E+00  0.000E+00  0.000E+00  0.000E+00  0.000E+00  0.000E+00  0.000E+00  0.000E+00  0.000E+00  0.000E+00  0.000E+00  0.000E+00  0.000E+00  0.000E+00  0.000E+00  5.415E-05  7.018E-05  1.555E-04  1.521E-04  2.153E-04  3.719E-04  3.028E-04  4.532E-04  7.960E-04  1.022E-03  1.242E-03  1.776E-03  2.121E-03  2.399E-03  3.699E-03  4.337E-03  4.905E-03  5.978E-03  7.913E-03  9.372E-03  1.058E-02  1.309E-02  1.465E-02  1.859E-02  2.189E-02  2.440E-02  2.922E-02  3.417E-02  3.860E-02  4.486E-02  5.057E-02  5.877E-02  6.442E-02  7.497E-02  8.344E-02  9.308E-02  1.038E-01  1.167E-01  1.281E-01  1.436E-01  1.583E-01  1.760E-01  1.895E-01  2.113E-01  2.293E-01  2.500E-01  2.693E-01  2.968E-01  3.219E-01  3.483E-01  3.737E-01  4.028E-01  4.327E-01  4.640E-01  4.961E-01  5.290E-01  5.648E-01  6.037E-01  6.416E-01  6.846E-01  7.286E-01  7.684E-01  8.143E-01  8.630E-01  9.102E-01  9.589E-01  1.014E+00  1.064E+00  1.120E+00  1.176E+00  1.239E+00  1.289E+00  1.353E+00  1.414E+00  1.484E+00  1.545E+00  1.613E+00  1.683E+00  1.755E+00  1.818E+00  1.899E+00  1.979E+00  2.046E+00  2.129E+00  2.207E+00  2.279E+00  2.357E+00  2.433E+00  2.510E+00  2.590E+00  2.675E+00  2.749E+00  2.835E+00  2.924E+00  3.000E+00  3.072E+00  3.158E+00  3.235E+00  3.311E+00  3.392E+00  3.456E+00  3.544E+00  3.595E+00  3.660E+00  3.739E+00  3.804E+00  3.861E+00  3.896E+00  3.951E+00  3.997E+00  4.046E+00  4.073E+00  4.110E+00  4.136E+00  4.144E+00  4.155E+00  4.152E+00  4.143E+00  4.141E+00  4.120E+00  4.092E+00  4.055E+00  4.004E+00  3.964E+00  3.904E+00  3.840E+00  3.762E+00  3.681E+00  3.600E+00  3.502E+00  3.405E+00  3.309E+00  3.201E+00  3.082E+00  2.971E+00  2.850E+00  2.738E+00  2.618E+00  2.499E+00  2.378E+00  2.256E+00  2.140E+00  2.023E+00  1.914E+00  1.800E+00  1.697E+00  1.592E+00  1.490E+00  1.395E+00  1.303E+00  1.212E+00  1.128E+00  1.052E+00  9.803E-01  9.066E-01  8.465E-01  7.876E-01  7.349E-01  6.865E-01  6.399E-01  5.964E-01  5.585E-01  5.271E-01  4.943E-01  4.664E-01  4.414E-01  4.214E-01  4.018E-01  3.831E-01  3.728E-01  3.595E-01  3.505E-01  3.426E-01  3.347E-01  3.275E-01  3.247E-01  3.177E-01  3.146E-01  3.130E-01  3.078E-01  3.055E-01  3.042E-01  3.010E-01  2.959E-01  2.952E-01  2.908E-01  2.821E-01  2.754E-01  2.711E-01  2.630E-01  2.547E-01  2.431E-01  2.329E-01  2.205E-01  2.076E-01  1.938E-01  1.786E-01  1.647E-01  1.520E-01  1.387E-01  1.254E-01  1.124E-01  9.964E-02  8.772E-02  7.677E-02  6.601E-02  5.972E-02  5.069E-02  4.428E-02  3.807E-02  3.247E-02  2.773E-02  2.364E-02  2.015E-02  1.720E-02  1.399E-02  1.194E-02  9.753E-03  8.722E-03  7.048E-03  5.653E-03  4.883E-03  3.919E-03  3.272E-03  2.616E-03  2.058E-03  1.912E-03  1.464E-03  4.368E-03  Z
 0.000E+00  0.000E+00  0.000E+00  0.000E+00  0.000E+00  0.000E+00  0.000E+00  0.000E+00  0.000E+00  0.000E+00  0.000E+00  0.000E+00  0.000E+00  2.202E-05  0.000E+00  0.000E+00  0.000E+00  1.933E-05  0.000E+00  0.000E+00  1.268E-04  8.880E-05  8.608E-05  1.185E-04  1.156E-04  3.560E-04  3.329E-04  4.357E-04  7.212E-04  8.877E-04  1.183E-03  1.659E-03  2.189E-03  2.494E-03  3.045E-03  3.825E-03  5.220E-03  6.044E-03  7.323E-03  9.216E-03  1.010E-02  1.287E-02  1.484E-02  1.727E-02  2.074E-02  2.404E-02  2.779E-02  3.148E-02  3.730E-02  4.312E-02  4.968E-02  5.743E-02  6.207E-02  7.108E-02  8.054E-02  8.870E-02  1.009E-01  1.133E-01  1.266E-01  1.369E-01  1.534E-01  1.696E-01  1.870E-01  2.063E-01  2.252E-01  2.426E-01  2.674E-01  2.877E-01  3.134E-01  3.388E-01  3.651E-01  3.942E-01  4.255E-01  4.530E-01  4.859E-01  5.208E-01  5.613E-01  5.968E-01  6.340E-01  6.679E-01  7.160E-01  7.531E-01  8.044E-01  8.491E-01  8.957E-01  9.483E-01  1.006E+00  1.057E+00  1.109E+00  1.163E+00  1.225E+00  1.280E+00  1.345E+00  1.409E+00  1.469E+00  1.545E+00  1.610E+00  1.685E+00  1.752E+00  1.819E+00  1.899E+00  1.969E+00  2.053E+00  2.129E+00  2.205E+00  2.293E+00  2.370E+00  2.452E+00  2.535E+00  2.623E+00  2.704E+00  2.789E+00  2.874E+00  2.960E+00  3.047E+00  3.128E+00  3.216E+00  3.296E+00  3.377E+00  3.465E+00  3.542E+00  3.612E+00  3.702E+00  3.776E+00  3.852E+00  3.919E+00  3.975E+00  4.038E+00  4.109E+00  4.168E+00  4.225E+00  4.260E+00  4.285E+00  4.341E+00  4.374E+00  4.403E+00  4.418E+00  4.424E+00  4.435E+00  4.425E+00  4.418E+00  4.395E+00  4.383E+00  4.339E+00  4.301E+00  4.249E+00  4.184E+00  4.120E+00  4.050E+00  3.970E+00  3.866E+00  3.781E+00  3.677E+00  3.575E+00  3.459E+00  3.336E+00  3.235E+00  3.107E+00  2.981E+00  2.852E+00  2.729E+00  2.609E+00  2.483E+00  2.355E+00  2.227E+00  2.113E+00  1.987E+00  1.871E+00  1.757E+00  1.647E+00  1.545E+00  1.446E+00  1.352E+00  1.258E+00  1.173E+00  1.088E+00  1.022E+00  9.447E-01  8.836E-01  8.206E-01  7.640E-01  7.174E-01  6.636E-01  6.219E-01  5.856E-01  5.506E-01  5.182E-01  4.909E-01  4.659E-01  4.436E-01  4.272E-01  4.078E-01  3.947E-01  3.848E-01  3.747E-01  3.658E-01  3.589E-01  3.490E-01  3.420E-01  3.402E-01  3.355E-01  3.321E-01  3.267E-01  3.207E-01  3.167E-01  3.176E-01  3.102E-01  3.068E-01  2.998E-01  2.959E-01  2.862E-01  2.781E-01  2.699E-01  2.587E-01  2.470E-01  2.351E-01  2.220E-01  2.058E-01  1.923E-01  1.770E-01  1.638E-01  1.491E-01  1.346E-01  1.214E-01  1.077E-01  9.678E-02  8.480E-02  7.507E-02  6.493E-02  5.682E-02  4.894E-02  4.200E-02  3.568E-02  3.060E-02  2.591E-02  2.266E-02  1.940E-02  1.619E-02  1.327E-02  1.057E-02  9.441E-03  7.578E-03  6.280E-03  5.380E-03  4.267E-03  3.519E-03  2.866E-03  2.386E-03  7.649E-03  Z
 0.000E+00  0.000E+00  0.000E+00  0.000E+00  0.000E+00  0.000E+00  0.000E+00  0.000E+00  0.000E+00  0.000E+00  0.000E+00  0.000E+00  0.000E+00  2.212E-05  0.000E+00  0.000E+00  2.001E-05  1.953E-05  3.783E-05  5.498E-05  3.579E-05  1.772E-05  1.203E-04  1.852E-04  1.658E-04  3.245E-04  3.481E-04  4.670E-04  6.872E-04  1.009E-03  1.080E-03  1.368E-03  1.835E-03  2.299E-03  2.626E-03  3.442E-03  5.059E-03  5.545E-03  6.867E-03  8.452E-03  9.708E-03  1.169E-02  1.327E-02  1.641E-02  1.997E-02  2.323E-02  2.647E-02  3.036E-02  3.607E-02  4.186E-02  4.628E-02  5.218E-02  6.073E-02  6.848E-02  7.742E-02  8.627E-02  9.856E-02  1.095E-01  1.200E-01  1.341E-01  1.490E-01  1.637E-01  1.805E-01  1.973E-01  2.161E-01  2.362E-01  2.561E-01  2.789E-01  3.047E-01  3.284E-01  3.587E-01  3.803E-01  4.099E-01  4.449E-01  4.715E-01  5.103E-01  5.457E-01  5.858E-01  6.200E-01  6.589E-01  7.032E-01  7.434E-01  7.924E-01  8.350E-01  8.872E-01  9.349E-01  9.910E-01  1.045E+00  1.097E+00  1.145E+00  1.210E+00  1.278E+00  1.333E+00  1.400E+00  1.471E+00  1.529E+00  1.602E+00  1.670E+00  1.747E+00  1.823E+00  1.900E+00  1.980E+00  2.060E+00  2.142E+00  2.215E+00  2.305E+00  2.386E+00  2.477E+00  2.555E+00  2.653E+00  2.743E+00  2.833E+00  2.926E+00  3.018E+00  3.112E+00  3.205E+00  3.289E+00  3.383E+00  3.467E+00  3.570E+00  3.656E+00  3.731E+00  3.832E+00  3.930E+00  4.001E+00  4.083E+00  4.171E+00  4.246E+00  4.316E+00  4.388E+00  4.466E+00  4.519E+00  4.583E+00  4.641E+00  4.697E+00  4.744E+00  4.776E+00  4.815E+00  4.852E+00  4.873E+00  4.888E+00  4.894E+00  4.887E+00  4.885E+00  4.868E+00  4.828E+00  4.807E+00  4.773E+00  4.704E+00  4.658E+00  4.585E+00  4.515E+00  4.426E+00  4.326E+00  4.237E+00  4.128E+00  4.016E+00  3.893E+00  3.777E+00  3.648E+00  3.519E+00  3.390E+00  3.243E+00  3.112E+00  2.966E+00  2.829E+00  2.689E+00  2.558E+00  2.428E+00  2.293E+00  2.165E+00  2.035E+00  1.914E+00  1.797E+00  1.686E+00  1.577E+00  1.472E+00  1.377E+00  1.281E+00  1.197E+00  1.113E+00  1.034E+00  9.637E-01  9.010E-01  8.420E-01  7.842E-01  7.375E-01  6.874E-01  6.448E-01  6.098E-01  5.767E-01  5.463E-01  5.213E-01  4.960E-01  4.732E-01  4.574E-01  4.408E-01  4.231E-01  4.120E-01  4.037E-01  3.943E-01  3.867E-01  3.831E-01  3.744E-01  3.674E-01  3.624E-01  3.557E-01  3.503E-01  3.478E-01  3.423E-01  3.361E-01  3.282E-01  3.222E-01  3.099E-01  3.047E-01  2.932E-01  2.844E-01  2.692E-01  2.560E-01  2.433E-01  2.297E-01  2.135E-01  1.991E-01  1.817E-01  1.670E-01  1.527E-01  1.361E-01  1.247E-01  1.080E-01  9.751E-02  8.579E-02  7.594E-02  6.433E-02  5.676E-02  4.886E-02  4.170E-02  3.690E-02  3.132E-02  2.642E-02  2.254E-02  1.811E-02  1.546E-02  1.385E-02  1.118E-02  9.338E-03  7.687E-03  6.348E-03  5.473E-03  1.716E-02  Z
 0.000E+00  0.000E+00  0.000E+00  0.000E+00  0.000E+00  0.000E+00  0.000E+00  0.000E+00  0.000E+00  0.000E+00  0.000E+00  0.000E+00  0.000E+00  0.000E+00  0.000E+00  0.000E+00  1.988E-05  0.000E+00  0.000E+00  0.000E+00  9.039E-05  7.042E-05  1.027E-04  1.185E-04  1.657E-04  2.425E-04  3.497E-04  4.204E-04  8.583E-04  9.935E-04  1.287E-03  1.356E-03  1.836E-03  2.415E-03  3.173E-03  3.114E-03  4.179E-03  5.110E-03  6.603E-03  7.582E-03  9.070E-03  1.068E-02  1.310E-02  1.525E-02  1.903E-02  2.193E-02  2.435E-02  3.038E-02  3.393E-02  3.887E-02  4.424E-02  5.123E-02  5.813E-02  6.647E-02  7.560E-02  8.249E-02  9.403E-02  1.058E-01  1.167E-01  1.304E-01  1.430E-01  1.583E-01  1.753E-01  1.930E-01  2.096E-01  2.280E-01  2.480E-01  2.713E-01  2.966E-01  3.181E-01  3.457E-01  3.746E-01  4.024E-01  4.294E-01  4.629E-01  5.007E-01  5.325E-01  5.683E-01  6.041E-01  6.454E-01  6.897E-01  7.286E-01  7.742E-01  8.237E-01  8.692E-01  9.195E-01  9.659E-01  1.022E+00  1.078E+00  1.134E+00  1.198E+00  1.260E+00  1.313E+00  1.389E+00  1.457E+00  1.520E+00  1.594E+00  1.664E+00  1.738E+00  1.811E+00  1.898E+00  1.984E+00  2.061E+00  2.144E+00  2.224E+00  2.307E+00  2.403E+00  2.495E+00  2.589E+00  2.677E+00  2.768E+00  2.870E+00  2.968E+00  3.066E+00  3.162E+00  3.251E+00  3.372E+00  3.464E+00  3.564E+00  3.663E+00  3.757E+00  3.863E+00  3.963E+00  4.064E+00  4.165E+00  4.249E+00  4.335E+00  4.433E+00  4.528E+00  4.617E+00  4.703E+00  4.773E+00  4.858E+00  4.932E+00  4.996E+00  5.071E+00  5.133E+00  5.189E+00  5.236E+00  5.294E+00  5.325E+00  5.359E+00  5.379E+00  5.413E+00  5.406E+00  5.412E+00  5.413E+00  5.397E+00  5.377E+00  5.337E+00  5.309E+00  5.254E+00  5.197E+00  5.119E+00  5.043E+00  4.946E+00  4.872E+00  4.769E+00  4.661E+00  4.551E+00  4.419E+00  4.290E+00  4.159E+00  4.006E+00  3.871E+00  3.718E+00  3.569E+00  3.419E+00  3.267E+00  3.119E+00  2.973E+00  2.819E+00  2.675E+00  2.526E+00  2.381E+00  2.256E+00  2.116E+00  1.984E+00  1.861E+00  1.742E+00  1.634E+00  1.525E+00  1.432E+00  1.324E+00  1.242E+00  1.153E+00  1.074E+00  1.005E+00  9.380E-01  8.784E-01  8.200E-01  7.719E-01  7.225E-01  6.843E-01  6.430E-01  6.122E-01  5.824E-01  5.540E-01  5.342E-01  5.116E-01  4.954E-01  4.762E-01  4.613E-01  4.496E-01  4.416E-01  4.291E-01  4.229E-01  4.109E-01  4.049E-01  3.996E-01  3.933E-01  3.833E-01  3.766E-01  3.695E-01  3.612E-01  3.531E-01  3.448E-01  3.361E-01  3.226E-01  3.116E-01  3.025E-01  2.870E-01  2.712E-01  2.556E-01  2.421E-01  2.236E-01  2.058E-01  1.886E-01  1.739E-01  1.587E-01  1.412E-01  1.268E-01  1.122E-01  1.005E-01  8.828E-02  7.802E-02  6.863E-02  5.933E-02  5.029E-02  4.404E-02  3.736E-02  3.207E-02  2.743E-02  2.302E-02  1.943E-02  1.619E-02  1.353E-02  1.165E-02  3.891E-02  Z
 0.000E+00  0.000E+00  0.000E+00  0.000E+00  0.000E+00  0.000E+00  0.000E+00  0.000E+00  0.000E+00  0.000E+00  0.000E+00  0.000E+00  0.000E+00  0.000E+00  0.000E+00  0.000E+00  0.000E+00  1.968E-05  0.000E+00  5.539E-05  3.631E-05  7.074E-05  8.583E-05  1.177E-04  2.144E-04  2.429E-04  5.239E-04  3.110E-04  5.813E-04  6.919E-04  1.020E-03  1.353E-03  1.593E-03  2.271E-03  2.825E-03  3.787E-03  3.745E-03  4.835E-03  5.627E-03  7.406E-03  9.010E-03  1.102E-02  1.274E-02  1.465E-02  1.699E-02  2.036E-02  2.365E-02  2.837E-02  3.175E-02  3.646E-02  4.269E-02  4.807E-02  5.330E-02  6.238E-02  7.046E-02  7.951E-02  8.992E-02  9.996E-02  1.095E-01  1.238E-01  1.360E-01  1.498E-01  1.667E-01  1.833E-01  1.991E-01  2.195E-01  2.426E-01  2.629E-01  2.841E-01  3.100E-01  3.351E-01  3.644E-01  3.921E-01  4.210E-01  4.507E-01  4.819E-01  5.172E-01  5.531E-01  5.942E-01  6.299E-01  6.673E-01  7.148E-01  7.574E-01  8.087E-01  8.507E-01  9.042E-01  9.516E-01  1.009E+00  1.056E+00  1.120E+00  1.185E+00  1.241E+00  1.310E+00  1.371E+00  1.439E+00  1.508E+00  1.580E+00  1.651E+00  1.732E+00  1.807E+00  1.894E+00  1.976E+00  2.058E+00  2.147E+00  2.231E+00  2.325E+00  2.413E+00  2.519E+00  2.608E+00  2.703E+00  2.810E+00  2.903E+00  3.010E+00  3.122E+00  3.226E+00  3.328E+00  3.438E+00  3.544E+00  3.643E+00  3.765E+00  3.879E+00  3.997E+00  4.099E+00  4.201E+00  4.322E+00  4.433E+00  4.542E+00  4.647E+00  4.751E+00  4.858E+00  4.949E+00  5.048E+00  5.151E+00  5.249E+00  5.331E+00  5.404E+00  5.499E+00  5.585E+00  5.660E+00  5.729E+00  5.810E+00  5.846E+00  5.901E+00  5.936E+00  5.977E+00  6.013E+00  6.047E+00  6.054E+00  6.071E+00  6.070E+00  6.074E+00  6.045E+00  6.015E+00  5.986E+00  5.943E+00  5.891E+00  5.826E+00  5.754E+00  5.667E+00  5.575E+00  5.468E+00  5.368E+00  5.247E+00  5.101E+00  4.987E+00  4.835E+00  4.694E+00  4.550E+00  4.380E+00  4.217E+00  4.058E+00  3.893E+00  3.719E+00  3.555E+00  3.390E+00  3.222E+00  3.062E+00  2.892E+00  2.745E+00  2.579E+00  2.431E+00  2.288E+00  2.146E+00  2.020E+00  1.890E+00  1.766E+00  1.649E+00  1.542E+00  1.437E+00  1.345E+00  1.261E+00  1.173E+00  1.094E+00  1.024E+00  9.609E-01  9.009E-01  8.491E-01  7.957E-01  7.541E-01  7.095E-01  6.784E-01  6.436E-01  6.183E-01  5.912E-01  5.697E-01  5.479E-01  5.293E-01  5.164E-01  5.025E-01  4.866E-01  4.778E-01  4.646E-01  4.563E-01  4.457E-01  4.401E-01  4.265E-01  4.176E-01  4.103E-01  3.975E-01  3.871E-01  3.790E-01  3.667E-01  3.549E-01  3.405E-01  3.272E-01  3.120E-01  2.973E-01  2.798E-01  2.609E-01  2.448E-01  2.271E-01  2.071E-01  1.887E-01  1.712E-01  1.576E-01  1.390E-01  1.257E-01  1.121E-01  9.946E-02  8.643E-02  7.566E-02  6.675E-02  5.734E-02  4.933E-02  4.273E-02  3.674E-02  3.078E-02  2.631E-02  9.197E-02  Z
 0.000E+00  0.000E+00  0.000E+00  0.000E+00  0.000E+00  0.000E+00  0.000E+00  0.000E+00  0.000E+00  0.000E+00  0.000E+00  0.000E+00  0.000E+00  0.000E+00  0.000E+00  0.000E+00  0.000E+00  0.000E+00  0.000E+00  1.833E-05  1.789E-05  8.836E-05  5.173E-05  1.347E-04  1.150E-04  3.240E-04  2.697E-04  3.735E-04  5.208E-04  7.234E-04  1.022E-03  1.106E-03  1.619E-03  1.877E-03  2.515E-03  3.096E-03  3.646E-03  4.842E-03  5.529E-03  7.230E-03  8.565E-03  1.007E-02  1.150E-02  1.426E-02  1.784E-02  1.976E-02  2.295E-02  2.748E-02  3.075E-02  3.515E-02  4.108E-02  4.826E-02  5.224E-02  6.011E-02  6.782E-02  7.732E-02  8.761E-02  9.573E-02  1.090E-01  1.208E-01  1.350E-01  1.460E-01  1.630E-01  1.803E-01  1.976E-01  2.164E-01  2.356E-01  2.597E-01  2.783E-01  3.023E-01  3.259E-01  3.562E-01  3.789E-01  4.115E-01  4.390E-01  4.740E-01  5.057E-01  5.486E-01  5.774E-01  6.178E-01  6.595E-01  7.069E-01  7.479E-01  7.914E-01  8.483E-01  8.919E-01  9.424E-01  9.951E-01  1.045E+00  1.106E+00  1.172E+00  1.232E+00  1.298E+00  1.367E+00  1.432E+00  1.494E+00  1.572E+00  1.653E+00  1.728E+00  1.802E+00  1.882E+00  1.973E+00  2.061E+00  2.153E+00  2.245E+00  2.329E+00  2.430E+00  2.524E+00  2.625E+00  2.723E+00  2.824E+00  2.938E+00  3.040E+00  3.138E+00  3.261E+00  3.372E+00  3.488E+00  3.595E+00  3.720E+00  3.832E+00  3.940E+00  4.072E+00  4.183E+00  4.296E+00  4.422E+00  4.534E+00  4.664E+00  4.777E+00  4.900E+00  5.012E+00  5.127E+00  5.239E+00  5.349E+00  5.451E+00  5.563E+00  5.658E+00  5.752E+00  5.846E+00  5.932E+00  6.012E+00  6.093E+00  6.183E+00  6.244E+00  6.317E+00  6.376E+00  6.432E+00  6.475E+00  6.507E+00  6.521E+00  6.569E+00  6.570E+00  6.582E+00  6.582E+00  6.567E+00  6.527E+00  6.502E+00  6.484E+00  6.423E+00  6.365E+00  6.284E+00  6.212E+00  6.116E+00  6.023E+00  5.913E+00  5.801E+00  5.669E+00  5.538E+00  5.384E+00  5.228E+00  5.071E+00  4.909E+00  4.741E+00  4.567E+00  4.384E+00  4.220E+00  4.042E+00  3.853E+00  3.672E+00  3.493E+00  3.321E+00  3.146E+00  2.974E+00  2.814E+00  2.650E+00  2.496E+00  2.348E+00  2.198E+00  2.061E+00  1.928E+00  1.802E+00  1.689E+00  1.573E+00  1.472E+00  1.375E+00  1.285E+00  1.201E+00  1.125E+00  1.057E+00  9.892E-01  9.319E-01  8.763E-01  8.285E-01  7.831E-01  7.405E-01  7.076E-01  6.714E-01  6.408E-01  6.252E-01  6.000E-01  5.807E-01  5.602E-01  5.453E-01  5.308E-01  5.153E-01  4.983E-01  4.889E-01  4.784E-01  4.686E-01  4.571E-01  4.476E-01  4.373E-01  4.251E-01  4.139E-01  4.022E-01  3.865E-01  3.737E-01  3.593E-01  3.421E-01  3.271E-01  3.088E-01  2.945E-01  2.752E-01  2.554E-01  2.378E-01  2.177E-01  1.994E-01  1.811E-01  1.630E-01  1.470E-01  1.300E-01  1.172E-01  1.028E-01  9.051E-02  7.862E-02  6.963E-02  6.029E-02  5.143E-02  4.481E-02  1.645E-01  Z
 0.000E+00  0.000E+00  0.000E+00  0.000E+00  0.000E+00  0.000E+00  0.000E+00  0.000E+00  0.000E+00  0.000E+00  0.000E+00  0.000E+00  0.000E+00  0.000E+00  0.000E+00  2.065E-05  0.000E+00  3.913E-05  1.881E-05  1.851E-05  5.463E-05  3.520E-05  5.169E-05  5.061E-05  1.646E-04  1.946E-04  3.321E-04  4.669E-04  4.908E-04  6.781E-04  9.329E-04  1.223E-03  1.232E-03  1.764E-03  2.292E-03  2.702E-03  3.447E-03  4.555E-03  5.225E-03  6.502E-03  8.157E-03  9.086E-03  1.126E-02  1.421E-02  1.577E-02  1.886E-02  2.256E-02  2.421E-02  2.853E-02  3.359E-02  3.982E-02  4.526E-02  5.071E-02  5.787E-02  6.526E-02  7.318E-02  8.306E-02  9.501E-02  1.040E-01  1.163E-01  1.306E-01  1.440E-01  1.559E-01  1.721E-01  1.921E-01  2.060E-01  2.280E-01  2.471E-01  2.690E-01  2.909E-01  3.155E-01  3.429E-01  3.686E-01  3.995E-01  4.275E-01  4.610E-01  4.930E-01  5.371E-01  5.667E-01  6.068E-01  6.450E-01  6.891E-01  7.342E-01  7.769E-01  8.261E-01  8.800E-01  9.281E-01  9.797E-01  1.033E+00  1.094E+00  1.157E+00  1.213E+00  1.282E+00  1.352E+00  1.416E+00  1.495E+00  1.558E+00  1.640E+00  1.710E+00  1.797E+00  1.879E+00  1.965E+00  2.055E+00  2.152E+00  2.243E+00  2.336E+00  2.433E+00  2.529E+00  2.636E+00  2.750E+00  2.848E+00  2.962E+00  3.080E+00  3.201E+00  3.307E+00  3.427E+00  3.544E+00  3.680E+00  3.792E+00  3.907E+00  4.037E+00  4.177E+00  4.294E+00  4.432E+00  4.557E+00  4.686E+00  4.820E+00  4.955E+00  5.079E+00  5.217E+00  5.346E+00  5.470E+00  5.588E+00  5.719E+00  5.838E+00  5.945E+00  6.080E+00  6.185E+00  6.301E+00  6.411E+00  6.527E+00  6.607E+00  6.716E+00  6.795E+00  6.890E+00  6.965E+00  7.031E+00  7.084E+00  7.153E+00  7.211E+00  7.253E+00  7.294E+00  7.338E+00  7.331E+00  7.351E+00  7.367E+00  7.350E+00  7.333E+00  7.315E+00  7.273E+00  7.214E+00  7.165E+00  7.100E+00  7.016E+00  6.936E+00  6.832E+00  6.725E+00  6.596E+00  6.473E+00  6.325E+00  6.172E+00  6.025E+00  5.847E+00  5.677E+00  5.510E+00  5.311E+00  5.114E+00  4.933E+00  4.737E+00  4.534E+00  4.345E+00  4.141E+00  3.944E+00  3.755E+00  3.565E+00  3.374E+00  3.189E+00  3.001E+00  2.838E+00  2.664E+00  2.505E+00  2.351E+00  2.202E+00  2.064E+00  1.924E+00  1.804E+00  1.686E+00  1.578E+00  1.479E+00  1.383E+00  1.289E+00  1.215E+00  1.140E+00  1.068E+00  1.002E+00  9.500E-01  9.023E-01  8.520E-01  8.104E-01  7.708E-01  7.363E-01  7.067E-01  6.794E-01  6.563E-01  6.375E-01  6.134E-01  5.893E-01  5.785E-01  5.594E-01  5.444E-01  5.311E-01  5.185E-01  5.060E-01  4.923E-01  4.775E-01  4.656E-01  4.511E-01  4.351E-01  4.199E-01  4.046E-01  3.892E-01  3.701E-01  3.544E-01  3.378E-01  3.156E-01  2.959E-01  2.755E-01  2.553E-01  2.367E-01  2.160E-01  1.950E-01  1.758E-01  1.600E-01  1.428E-01  1.266E-01  1.116E-01  9.772E-02  8.579E-02  3.438E-01  Z
 0.000E+00  0.000E+00  0.000E+00  0.000E+00  0.000E+00  0.000E+00  0.000E+00  0.000E+00  0.000E+00  0.000E+00  0.000E+00  0.000E+00  0.000E+00  0.000E+00  0.000E+00  2.079E-05  0.000E+00  1.979E-05  0.000E+00  0.000E+00  0.000E+00  7.037E-05  1.026E-04  1.010E-04  1.316E-04  1.779E-04  2.537E-04  3.590E-04  4.286E-04  5.732E-04  8.432E-04  1.165E-03  1.206E-03  1.468E-03  1.992E-03  3.126E-03  3.544E-03  3.972E-03  5.044E-03  6.471E-03  7.881E-03  8.600E-03  1.158E-02  1.206E-02  1.468E-02  1.766E-02  2.049E-02  2.353E-02  2.814E-02  3.347E-02  3.771E-02  4.213E-02  4.989E-02  5.512E-02  6.471E-02  7.112E-02  7.881E-02  9.164E-02  1.027E-01  1.111E-01  1.241E-01  1.388E-01  1.509E-01  1.698E-01  1.847E-01  2.025E-01  2.220E-01  2.382E-01  2.642E-01  2.879E-01  3.115E-01  3.346E-01  3.619E-01  3.909E-01  4.239E-01  4.566E-01  4.883E-01  5.200E-01  5.578E-01  5.990E-01  6.385E-01  6.811E-01  7.234E-01  7.696E-01  8.139E-01  8.596E-01  9.124E-01  9.755E-01  1.027E+00  1.087E+00  1.139E+00  1.203E+00  1.269E+00  1.334E+00  1.400E+00  1.479E+00  1.556E+00  1.626E+00  1.705E+00  1.789E+00  1.868E+00  1.965E+00  2.048E+00  2.142E+00  2.226E+00  2.341E+00  2.446E+00  2.538E+00  2.646E+00  2.760E+00  2.869E+00  2.981E+00  3.103E+00  3.220E+00  3.329E+00  3.470E+00  3.592E+00  3.711E+00  3.846E+00  3.976E+00  4.101E+00  4.242E+00  4.382E+00  4.519E+00  4.651E+00  4.786E+00  4.929E+00  5.069E+00  5.212E+00  5.351E+00  5.484E+00  5.630E+00  5.766E+00  5.923E+00  6.037E+00  6.182E+00  6.306E+00  6.445E+00  6.556E+00  6.682E+00  6.808E+00  6.912E+00  7.038E+00  7.143E+00  7.245E+00  7.344E+00  7.430E+00  7.509E+00  7.588E+00  7.673E+00  7.733E+00  7.799E+00  7.845E+00  7.883E+00  7.939E+00  7.930E+00  7.979E+00  7.964E+00  7.959E+00  7.955E+00  7.931E+00  7.892E+00  7.847E+00  7.800E+00  7.733E+00  7.653E+00  7.567E+00  7.477E+00  7.366E+00  7.237E+00  7.096E+00  6.960E+00  6.810E+00  6.643E+00  6.489E+00  6.292E+00  6.108E+00  5.919E+00  5.728E+00  5.515E+00  5.319E+00  5.114E+00  4.896E+00  4.694E+00  4.466E+00  4.255E+00  4.054E+00  3.841E+00  3.637E+00  3.445E+00  3.242E+00  3.072E+00  2.888E+00  2.714E+00  2.542E+00  2.390E+00  2.238E+00  2.103E+00  1.955E+00  1.833E+00  1.719E+00  1.607E+00  1.506E+00  1.409E+00  1.322E+00  1.242E+00  1.160E+00  1.093E+00  1.036E+00  9.785E-01  9.305E-01  8.811E-01  8.394E-01  8.046E-01  7.649E-01  7.363E-01  7.097E-01  6.807E-01  6.617E-01  6.365E-01  6.236E-01  6.024E-01  5.877E-01  5.737E-01  5.513E-01  5.399E-01  5.241E-01  5.100E-01  4.919E-01  4.749E-01  4.632E-01  4.442E-01  4.278E-01  4.102E-01  3.915E-01  3.681E-01  3.496E-01  3.309E-01  3.111E-01  2.903E-01  2.662E-01  2.461E-01  2.245E-01  2.034E-01  1.836E-01  1.678E-01  1.488E-01  1.315E-01  5.537E-01  Z
 0.000E+00  0.000E+00  0.000E+00  0.000E+00  0.000E+00  0.000E+00  0.000E+00  0.000E+00  0.000E+00  0.000E+00  0.000E+00  0.000E+00  0.000E+00  0.000E+00  0.000E+00  2.052E-05  0.000E+00  0.000E+00  1.883E-05  0.000E+00  0.000E+00  7.057E-05  3.432E-05  6.799E-05  1.816E-04  1.777E-04  1.914E-04  4.056E-04  3.202E-04  4.214E-04  7.538E-04  7.993E-04  1.145E-03  1.849E-03  2.183E-03  2.483E-03  3.191E-03  4.076E-03  4.532E-03  6.029E-03  7.126E-03  8.529E-03  1.004E-02  1.201E-02  1.433E-02  1.719E-02  2.041E-02  2.336E-02  2.676E-02  3.272E-02  3.627E-02  4.103E-02  4.775E-02  5.436E-02  6.028E-02  6.776E-02  7.876E-02  8.585E-02  9.879E-02  1.101E-01  1.194E-01  1.311E-01  1.461E-01  1.657E-01  1.809E-01  1.939E-01  2.168E-01  2.353E-01  2.556E-01  2.775E-01  3.064E-01  3.288E-01  3.516E-01  3.817E-01  4.103E-01  4.447E-01  4.769E-01  5.066E-01  5.437E-01  5.850E-01  6.224E-01  6.664E-01  7.083E-01  7.520E-01  8.027E-01  8.503E-01  9.022E-01  9.551E-01  1.008E+00  1.071E+00  1.129E+00  1.193E+00  1.255E+00  1.320E+00  1.392E+00  1.479E+00  1.545E+00  1.619E+00  1.687E+00  1.783E+00  1.869E+00  1.949E+00  2.044E+00  2.148E+00  2.244E+00  2.342E+00  2.443E+00  2.551E+00  2.655E+00  2.777E+00  2.889E+00  3.004E+00  3.117E+00  3.241E+00  3.368E+00  3.500E+00  3.626E+00  3.756E+00  3.907E+00  4.048E+00  4.191E+00  4.328E+00  4.476E+00  4.623E+00  4.767E+00  4.919E+00  5.069E+00  5.226E+00  5.378E+00  5.535E+00  5.687E+00  5.832E+00  6.006E+00  6.152E+00  6.297E+00  6.442E+00  6.609E+00  6.749E+00  6.881E+00  7.035E+00  7.168E+00  7.323E+00  7.459E+00  7.587E+00  7.704E+00  7.834E+00  7.954E+00  8.076E+00  8.157E+00  8.270E+00  8.369E+00  8.454E+00  8.525E+00  8.609E+00  8.670E+00  8.742E+00  8.776E+00  8.830E+00  8.852E+00  8.877E+00  8.892E+00  8.888E+00  8.882E+00  8.858E+00  8.838E+00  8.783E+00  8.724E+00  8.669E+00  8.584E+00  8.499E+00  8.396E+00  8.291E+00  8.176E+00  8.030E+00  7.881E+00  7.732E+00  7.567E+00  7.377E+00  7.198E+00  6.997E+00  6.792E+00  6.581E+00  6.367E+00  6.142E+00  5.921E+00  5.702E+00  5.459E+00  5.220E+00  4.986E+00  4.750E+00  4.535E+00  4.303E+00  4.076E+00  3.870E+00  3.657E+00  3.446E+00  3.245E+00  3.051E+00  2.866E+00  2.699E+00  2.532E+00  2.364E+00  2.216E+00  2.085E+00  1.945E+00  1.818E+00  1.701E+00  1.600E+00  1.504E+00  1.403E+00  1.324E+00  1.248E+00  1.176E+00  1.112E+00  1.055E+00  9.997E-01  9.446E-01  9.056E-01  8.657E-01  8.311E-01  7.962E-01  7.664E-01  7.393E-01  7.167E-01  6.911E-01  6.715E-01  6.483E-01  6.294E-01  6.081E-01  5.919E-01  5.730E-01  5.555E-01  5.337E-01  5.187E-01  5.006E-01  4.816E-01  4.578E-01  4.423E-01  4.229E-01  4.011E-01  3.791E-01  3.547E-01  3.332E-01  3.097E-01  2.870E-01  2.644E-01  2.433E-01  2.216E-01  1.012E+00  Z
 0.000E+00  0.000E+00  0.000E+00  0.000E+00  0.000E+00  0.000E+00  0.000E+00  0.000E+00  0.000E+00  0.000E+00  0.000E+00  0.000E+00  0.000E+00  0.000E+00  0.000E+00  0.000E+00  1.995E-05  0.000E+00  3.767E-05  0.000E+00  3.625E-05  0.000E+00  3.451E-05  3.403E-05  1.149E-04  1.135E-04  1.589E-04  3.115E-04  4.435E-04  6.314E-04  8.288E-04  6.407E-04  9.311E-04  1.553E-03  1.880E-03  2.318E-03  3.303E-03  3.734E-03  4.714E-03  5.535E-03  6.591E-03  8.161E-03  9.783E-03  1.164E-02  1.373E-02  1.597E-02  1.907E-02  2.157E-02  2.561E-02  2.961E-02  3.439E-02  3.954E-02  4.632E-02  5.133E-02  5.860E-02  6.516E-02  7.515E-02  8.488E-02  9.357E-02  1.049E-01  1.180E-01  1.288E-01  1.432E-01  1.582E-01  1.731E-01  1.901E-01  2.092E-01  2.247E-01  2.476E-01  2.709E-01  2.929E-01  3.151E-01  3.406E-01  3.711E-01  3.984E-01  4.326E-01  4.632E-01  4.954E-01  5.326E-01  5.724E-01  6.073E-01  6.519E-01  6.926E-01  7.407E-01  7.887E-01  8.366E-01  8.822E-01  9.356E-01  9.891E-01  1.050E+00  1.109E+00  1.167E+00  1.237E+00  1.307E+00  1.379E+00  1.448E+00  1.527E+00  1.604E+00  1.684E+00  1.774E+00  1.856E+00  1.946E+00  2.039E+00  2.132E+00  2.237E+00  2.339E+00  2.446E+00  2.555E+00  2.676E+00  2.782E+00  2.905E+00  3.030E+00  3.148E+00  3.277E+00  3.417E+00  3.551E+00  3.687E+00  3.825E+00  3.981E+00  4.115E+00  4.279E+00  4.429E+00  4.589E+00  4.741E+00  4.904E+00  5.064E+00  5.223E+00  5.396E+00  5.576E+00  5.749E+00  5.910E+00  6.092E+00  6.253E+00  6.420E+00  6.604E+00  6.775E+00  6.950E+00  7.127E+00  7.301E+00  7.460E+00  7.629E+00  7.797E+00  7.972E+00  8.133E+00  8.274E+00  8.436E+00  8.594E+00  8.736E+00  8.882E+00  9.021E+00  9.146E+00  9.268E+00  9.389E+00  9.498E+00  9.614E+00  9.694E+00  9.804E+00  9.881E+00  9.955E+00  1.003E+01  1.009E+01  1.012E+01  1.016E+01  1.020E+01  1.018E+01  1.020E+01  1.019E+01  1.018E+01  1.013E+01  1.010E+01  1.005E+01  9.976E+00  9.891E+00  9.793E+00  9.689E+00  9.579E+00  9.447E+00  9.296E+00  9.134E+00  8.965E+00  8.775E+00  8.608E+00  8.392E+00  8.177E+00  7.971E+00  7.739E+00  7.514E+00  7.263E+00  7.013E+00  6.758E+00  6.506E+00  6.252E+00  5.982E+00  5.719E+00  5.462E+00  5.209E+00  4.951E+00  4.702E+00  4.448E+00  4.212E+00  3.973E+00  3.750E+00  3.547E+00  3.326E+00  3.131E+00  2.939E+00  2.752E+00  2.576E+00  2.414E+00  2.269E+00  2.120E+00  1.989E+00  1.870E+00  1.751E+00  1.646E+00  1.546E+00  1.453E+00  1.372E+00  1.294E+00  1.225E+00  1.163E+00  1.104E+00  1.052E+00  9.998E-01  9.541E-01  9.181E-01  8.795E-01  8.464E-01  8.169E-01  7.865E-01  7.584E-01  7.303E-01  7.053E-01  6.837E-01  6.651E-01  6.418E-01  6.197E-01  5.965E-01  5.741E-01  5.523E-01  5.323E-01  5.087E-01  4.882E-01  4.613E-01  4.386E-01  4.146E-01  3.875E-01  3.638E-01  1.912E+00  Z
