nu_e
Z
Z
Z
 0.000E+00  0.000E+00  0.000E+00  4.358E-05  0.000E+00  1.393E-04  1.600E-04  5.368E-04  9.811E-04  1.432E-03  1.990E-03  4.168E-03  6.075E-03  7.431E-03  9.846E-03  1.312E-02  1.583E-02  2.235E-02  2.780E-02  3.340E-02  4.065E-02  4.691E-02  5.614E-02  6.675E-02  7.675E-02  8.810E-02  9.952E-02  1.104E-01  1.248E-01  1.386E-01  1.517E-01  1.652E-01  1.793E-01  1.996E-01  2.088E-01  2.237E-01  2.381E-01  2.543E-01  2.640E-01  2.757E-01  2.866E-01  3.013E-01  3.078E-01  3.217E-01  3.275E-01  3.318E-01  3.402E-01  3.401E-01  3.465E-01  3.497E-01  3.551E-01  3.588E-01  3.570E-01  3.576E-01  3.548E-01  3.538E-01  3.528E-01  3.499E-01  3.481E-01  3.434E-01  3.368E-01  3.363E-01  3.296E-01  3.263E-01  3.141E-01  3.132E-01  3.055E-01  2.962E-01  2.866E-01  2.770E-01  2.719E-01  2.625E-01  2.541E-01  2.433E-01  2.366E-01  2.265E-01  2.159E-01  2.076E-01  1.995E-01  1.877E-01  1.797E-01  1.699E-01  1.572E-01  1.476E-01  1.443E-01  1.343E-01  1.254E-01  1.160E-01  1.079E-01  1.014E-01  9.679E-02  8.847E-02  8.081E-02  7.403E-02  6.894E-02  6.201E-02  5.734E-02  5.317E-02  4.827E-02  4.412E-02  4.031E-02  3.535E-02  3.166E-02  2.789E-02  2.407E-02  2.195E-02  1.937E-02  1.662E-02  1.451E-02  1.244E-02  1.069E-02  8.978E-03  7.808E-03  6.677E-03  5.402E-03  4.176E-03  3.708E-03  3.077E-03  2.824E-03  2.298E-03  1.778E-03  1.471E-03  1.145E-03  1.123E-03  9.091E-04  8.202E-04  5.380E-04  4.275E-04  3.472E-04  3.384E-04  3.284E-04  2.721E-04  1.637E-04  1.545E-04  7.084E-05  1.485E-04  2.785E-05  4.908E-05  5.575E-05  4.151E-05  2.088E-05  2.721E-05  2.069E-05  1.377E-05  2.090E-05  2.685E-05  0.000E+00  Z
 0.000E+00  0.000E+00  0.000E+00  0.000E+00  3.865E-05  6.975E-05  9.654E-05  5.966E-04  9.230E-04  1.457E-03  2.420E-03  3.809E-03  5.661E-03  7.718E-03  9.313E-03  1.217E-02  1.695E-02  2.088E-02  2.598E-02  3.203E-02  3.860E-02  4.568E-02  5.329E-02  6.314E-02  7.199E-02  8.136E-02  9.487E-02  1.074E-01  1.198E-01  1.317E-01  1.471E-01  1.601E-01  1.757E-01  1.891E-01  2.045E-01  2.194E-01  2.307E-01  2.440E-01  2.574E-01  2.732E-01  2.857E-01  2.937E-01  3.055E-01  3.168E-01  3.221E-01  3.308E-01  3.376E-01  3.464E-01  3.555E-01  3.548E-01  3.604E-01  3.609E-01  3.639E-01  3.674E-01  3.656E-01  3.630E-01  3.631E-01  3.619E-01  3.591E-01  3.540E-01  3.506E-01  3.451E-01  3.352E-01  3.256E-01  3.244E-01  3.165E-01  3.079E-01  2.994E-01  2.933E-01  2.854E-01  2.721E-01  2.643E-01  2.564E-01  2.501E-01  2.376E-01  2.308E-01  2.191E-01  2.125E-01  1.984E-01  1.943E-01  1.840E-01  1.740E-01  1.668E-01  1.560E-01  1.492E-01  1.407E-01  1.329E-01  1.270E-01  1.193E-01  1.131E-01  1.060E-01  9.883E-02  9.229E-02  8.633E-02  8.011E-02  7.306E-02  6.928E-02  6.222E-02  5.867E-02  5.344E-02  4.908E-02  4.539E-02  4.148E-02  3.709E-02  3.422E-02  3.040E-02  2.709E-02  2.345E-02  2.238E-02  1.927E-02  1.711E-02  1.514E-02  1.352E-02  1.123E-02  9.893E-03  8.424E-03  6.887E-03  5.623E-03  4.883E-03  4.365E-03  3.621E-03  3.066E-03  2.292E-03  2.056E-03  1.611E-03  1.307E-03  1.173E-03  1.009E-03  7.691E-04  7.323E-04  5.216E-04  5.806E-04  3.694E-04  2.902E-04  2.394E-04  2.055E-04  1.817E-04  1.324E-04  9.833E-05  8.359E-05  9.001E-05  2.774E-05  3.411E-05  2.773E-05  4.723E-05  1.335E-05  6.996E-06  6.753E-06  0.000E+00  Z
 0.000E+00  6.704E-05  0.000E+00  4.350E-05  3.833E-05  1.045E-04  1.277E-04  5.669E-04  8.410E-04  1.484E-03  2.222E-03  3.010E-03  4.231E-03  6.050E-03  7.468E-03  1.019E-02  1.356E-02  1.645E-02  2.193E-02  2.530E-02  3.194E-02  3.720E-02  4.471E-02  5.449E-02  6.191E-02  7.021E-02  8.047E-02  8.868E-02  1.026E-01  1.148E-01  1.270E-01  1.409E-01  1.547E-01  1.667E-01  1.794E-01  1.949E-01  2.026E-01  2.205E-01  2.290E-01  2.424E-01  2.520E-01  2.629E-01  2.756E-01  2.852E-01  2.963E-01  3.036E-01  3.112E-01  3.226E-01  3.278E-01  3.384E-01  3.436E-01  3.482E-01  3.527E-01  3.621E-01  3.625E-01  3.634E-01  3.692E-01  3.713E-01  3.737E-01  3.715E-01  3.733E-01  3.736E-01  3.717E-01  3.716E-01  3.709E-01  3.636E-01  3.599E-01  3.568E-01  3.557E-01  3.458E-01  3.396E-01  3.337E-01  3.264E-01  3.178E-01  3.135E-01  3.026E-01  2.921E-01  2.852E-01  2.755E-01  2.645E-01  2.586E-01  2.451E-01  2.388E-01  2.278E-01  2.181E-01  2.071E-01  1.993E-01  1.929E-01  1.829E-01  1.710E-01  1.632E-01  1.527E-01  1.453E-01  1.365E-01  1.297E-01  1.203E-01  1.125E-01  1.057E-01  9.744E-02  9.181E-02  8.477E-02  7.906E-02  7.330E-02  6.692E-02  6.170E-02  5.641E-02  4.971E-02  4.719E-02  4.213E-02  3.920E-02  3.430E-02  3.101E-02  2.857E-02  2.532E-02  2.274E-02  2.060E-02  1.760E-02  1.608E-02  1.424E-02  1.257E-02  1.065E-02  9.030E-03  7.960E-03  7.263E-03  6.068E-03  5.274E-03  4.433E-03  3.609E-03  3.004E-03  2.918E-03  2.211E-03  1.816E-03  1.459E-03  1.259E-03  1.118E-03  9.206E-04  7.966E-04  5.788E-04  5.024E-04  2.702E-04  2.504E-04  2.210E-04  1.778E-04  2.186E-04  1.226E-04  7.417E-05  6.104E-05  9.454E-05  6.688E-05  4.028E-05  5.951E-05  3.992E-05  2.685E-05  2.587E-05  0.000E+00  Z
 0.000E+00  0.000E+00  0.000E+00  0.000E+00  3.838E-05  0.000E+00  0.000E+00  1.489E-04  2.800E-04  3.441E-04  4.540E-04  8.434E-04  1.224E-03  1.870E-03  2.532E-03  3.319E-03  3.883E-03  5.667E-03  7.074E-03  8.700E-03  1.200E-02  1.427E-02  1.644E-02  1.974E-02  2.377E-02  2.974E-02  3.342E-02  3.781E-02  4.574E-02  5.222E-02  5.913E-02  6.855E-02  7.567E-02  8.440E-02  9.388E-02  1.066E-01  1.181E-01  1.240E-01  1.382E-01  1.521E-01  1.654E-01  1.778E-01  1.924E-01  2.008E-01  2.157E-01  2.312E-01  2.497E-01  2.621E-01  2.756E-01  2.911E-01  3.063E-01  3.187E-01  3.334E-01  3.477E-01  3.630E-01  3.734E-01  3.850E-01  4.038E-01  4.132E-01  4.198E-01  4.306E-01  4.407E-01  4.514E-01  4.594E-01  4.641E-01  4.738E-01  4.766E-01  4.775E-01  4.825E-01  4.864E-01  4.857E-01  4.828E-01  4.847E-01  4.776E-01  4.763E-01  4.726E-01  4.608E-01  4.575E-01  4.511E-01  4.441E-01  4.292E-01  4.202E-01  4.109E-01  3.975E-01  3.871E-01  3.750E-01  3.615E-01  3.541E-01  3.376E-01  3.217E-01  3.080E-01  2.956E-01  2.805E-01  2.701E-01  2.538E-01  2.433E-01  2.277E-01  2.154E-01  2.061E-01  1.931E-01  1.808E-01  1.675E-01  1.576E-01  1.454E-01  1.340E-01  1.265E-01  1.155E-01  1.075E-01  9.875E-02  8.860E-02  8.235E-02  7.434E-02  6.840E-02  6.147E-02  5.647E-02  5.011E-02  4.510E-02  4.029E-02  3.608E-02  3.164E-02  2.745E-02  2.507E-02  2.210E-02  1.951E-02  1.676E-02  1.384E-02  1.243E-02  1.100E-02  9.232E-03  8.088E-03  6.773E-03  6.141E-03  4.926E-03  3.967E-03  3.322E-03  2.879E-03  2.469E-03  1.972E-03  1.642E-03  1.705E-03  1.562E-03  1.637E-03  2.386E-03  3.162E-03  4.524E-03  5.545E-03  7.435E-03  8.675E-03  9.970E-03  1.062E-02  1.186E-02  1.210E-02  1.268E-02  1.239E-02  1.259E-02  1.226E-02  1.138E-02  1.006E-02  9.335E-03  7.993E-03  7.097E-03  6.095E-03  5.155E-03  4.255E-03  3.561E-03  3.168E-03  2.356E-03  2.140E-03  1.635E-03  1.473E-03  1.086E-03  9.408E-04  7.262E-04  6.003E-04  4.337E-04  3.747E-04  2.287E-04  1.772E-04  2.030E-04  1.709E-04  1.029E-04  7.865E-05  4.898E-05  6.585E-05  4.227E-05  6.677E-05  0.000E+00  Z
 0.000E+00  0.000E+00  0.000E+00  0.000E+00  0.000E+00  0.000E+00  0.000E+00  0.000E+00  0.000E+00  2.649E-05  0.000E+00  2.404E-05  4.647E-05  6.606E-05  1.713E-04  2.491E-04  4.230E-04  7.032E-04  9.879E-04  1.442E-03  1.589E-03  2.292E-03  3.273E-03  4.923E-03  5.584E-03  7.739E-03  9.794E-03  1.109E-02  1.451E-02  1.840E-02  2.134E-02  2.512E-02  3.004E-02  3.704E-02  4.177E-02  4.931E-02  5.543E-02  6.484E-02  7.362E-02  8.396E-02  9.456E-02  1.055E-01  1.208E-01  1.322E-01  1.484E-01  1.594E-01  1.795E-01  1.926E-01  2.139E-01  2.306E-01  2.502E-01  2.703E-01  2.892E-01  3.132E-01  3.350E-01  3.544E-01  3.745E-01  3.967E-01  4.183E-01  4.414E-01  4.589E-01  4.823E-01  5.029E-01  5.208E-01  5.394E-01  5.585E-01  5.783E-01  5.926E-01  6.009E-01  6.136E-01  6.260E-01  6.424E-01  6.448E-01  6.547E-01  6.573E-01  6.631E-01  6.613E-01  6.639E-01  6.652E-01  6.623E-01  6.506E-01  6.460E-01  6.377E-01  6.310E-01  6.233E-01  6.126E-01  5.941E-01  5.823E-01  5.671E-01  5.509E-01  5.351E-01  5.148E-01  4.995E-01  4.786E-01  4.594E-01  4.410E-01  4.241E-01  4.069E-01  3.854E-01  3.663E-01  3.443E-01  3.266E-01  3.078E-01  2.904E-01  2.723E-01  2.560E-01  2.351E-01  2.215E-01  2.070E-01  1.918E-01  1.761E-01  1.621E-01  1.508E-01  1.367E-01  1.261E-01  1.148E-01  1.035E-01  9.419E-02  8.594E-02  7.589E-02  6.787E-02  6.001E-02  5.445E-02  4.774E-02  4.160E-02  3.816E-02  3.290E-02  2.873E-02  2.531E-02  2.140E-02  1.915E-02  1.608E-02  1.410E-02  1.193E-02  1.014E-02  8.530E-03  6.824E-03  5.826E-03  5.583E-03  4.477E-03  3.919E-03  4.038E-03  4.218E-03  5.422E-03  6.718E-03  8.489E-03  1.090E-02  1.276E-02  1.556E-02  1.892E-02  2.181E-02  2.430E-02  2.683E-02  2.987E-02  3.071E-02  3.265E-02  3.229E-02  3.226E-02  3.197E-02  3.029E-02  2.833E-02  2.693E-02  2.398E-02  2.192E-02  1.927E-02  1.684E-02  1.395E-02  1.226E-02  1.042E-02  8.833E-03  7.021E-03  6.083E-03  4.734E-03  4.268E-03  3.498E-03  2.833E-03  2.186E-03  1.882E-03  1.299E-03  1.064E-03  8.600E-04  7.415E-04  5.155E-04  4.537E-04  3.793E-04  2.990E-04  2.345E-04  1.965E-04  1.376E-04  9.385E-05  8.846E-05  7.076E-05  5.981E-05  2.333E-05  2.942E-05  1.201E-05  1.153E-05  1.805E-05  5.659E-06  1.154E-05  5.876E-06  1.720E-05  5.798E-06  0.000E+00  Z
 0.000E+00  0.000E+00  0.000E+00  0.000E+00  0.000E+00  0.000E+00  0.000E+00  0.000E+00  0.000E+00  0.000E+00  0.000E+00  0.000E+00  4.616E-05  1.339E-04  8.535E-05  2.706E-04  2.820E-04  5.660E-04  8.731E-04  8.884E-04  2.037E-03  2.218E-03  2.992E-03  3.675E-03  4.803E-03  5.921E-03  7.699E-03  9.071E-03  1.144E-02  1.397E-02  1.860E-02  2.283E-02  2.542E-02  2.974E-02  3.381E-02  4.208E-02  4.753E-02  5.540E-02  6.300E-02  7.154E-02  8.086E-02  9.162E-02  1.067E-01  1.167E-01  1.297E-01  1.440E-01  1.586E-01  1.764E-01  1.919E-01  2.094E-01  2.302E-01  2.498E-01  2.674E-01  2.933E-01  3.128E-01  3.366E-01  3.581E-01  3.804E-01  4.065E-01  4.267E-01  4.536E-01  4.758E-01  4.966E-01  5.195E-01  5.427E-01  5.607E-01  5.838E-01  6.010E-01  6.180E-01  6.314E-01  6.529E-01  6.616E-01  6.755E-01  6.915E-01  6.954E-01  7.075E-01  7.117E-01  7.099E-01  7.127E-01  7.181E-01  7.107E-01  7.050E-01  7.080E-01  6.918E-01  6.877E-01  6.785E-01  6.579E-01  6.539E-01  6.396E-01  6.251E-01  6.067E-01  5.870E-01  5.737E-01  5.503E-01  5.308E-01  5.105E-01  4.930E-01  4.688E-01  4.479E-01  4.297E-01  4.067E-01  3.871E-01  3.645E-01  3.450E-01  3.257E-01  3.070E-01  2.850E-01  2.701E-01  2.484E-01  2.330E-01  2.148E-01  1.985E-01  1.845E-01  1.705E-01  1.558E-01  1.406E-01  1.298E-01  1.181E-01  1.083E-01  9.718E-02  8.799E-02  7.870E-02  7.091E-02  6.221E-02  5.460E-02  4.951E-02  4.390E-02  3.855E-02  3.395E-02  2.903E-02  2.544E-02  2.132E-02  1.970E-02  1.689E-02  1.442E-02  1.200E-02  1.043E-02  8.888E-03  7.026E-03  6.227E-03  5.525E-03  4.648E-03  5.207E-03  5.274E-03  6.204E-03  7.141E-03  9.445E-03  1.151E-02  1.434E-02  1.833E-02  2.070E-02  2.401E-02  2.726E-02  3.128E-02  3.423E-02  3.540E-02  3.731E-02  3.791E-02  3.795E-02  3.850E-02  3.600E-02  3.399E-02  3.199E-02  3.006E-02  2.626E-02  2.421E-02  2.089E-02  1.778E-02  1.519E-02  1.324E-02  1.087E-02  9.604E-03  7.741E-03  6.503E-03  5.390E-03  4.175E-03  3.558E-03  2.977E-03  2.251E-03  1.809E-03  1.365E-03  1.207E-03  9.755E-04  6.994E-04  6.142E-04  4.334E-04  3.413E-04  2.879E-04  1.854E-04  2.023E-04  1.542E-04  7.051E-05  1.120E-04  5.342E-05  4.109E-05  5.818E-05  2.925E-05  6.043E-06  1.724E-05  2.890E-05  5.889E-06  0.000E+00  Z
 0.000E+00  0.000E+00  0.000E+00  0.000E+00  0.000E+00  0.000E+00  0.000E+00  0.000E+00  0.000E+00  0.000E+00  0.000E+00  0.000E+00  2.289E-05  0.000E+00  0.000E+00  4.144E-05  6.068E-05  2.341E-04  1.332E-04  2.587E-04  2.885E-04  3.343E-04  5.852E-04  1.111E-03  1.155E-03  1.906E-03  1.620E-03  2.553E-03  3.533E-03  3.953E-03  5.476E-03  7.524E-03  8.297E-03  1.001E-02  1.233E-02  1.488E-02  1.786E-02  1.982E-02  2.372E-02  2.881E-02  3.326E-02  3.809E-02  4.455E-02  5.258E-02  5.935E-02  6.643E-02  7.794E-02  8.563E-02  9.772E-02  1.098E-01  1.250E-01  1.376E-01  1.518E-01  1.684E-01  1.871E-01  2.046E-01  2.266E-01  2.455E-01  2.683E-01  2.899E-01  3.181E-01  3.478E-01  3.679E-01  3.965E-01  4.288E-01  4.626E-01  4.896E-01  5.272E-01  5.588E-01  5.907E-01  6.272E-01  6.641E-01  6.979E-01  7.327E-01  7.727E-01  8.108E-01  8.455E-01  8.824E-01  9.090E-01  9.403E-01  9.770E-01  1.005E+00  1.030E+00  1.060E+00  1.084E+00  1.101E+00  1.117E+00  1.133E+00  1.144E+00  1.155E+00  1.167E+00  1.167E+00  1.172E+00  1.174E+00  1.167E+00  1.161E+00  1.151E+00  1.140E+00  1.120E+00  1.111E+00  1.076E+00  1.059E+00  1.038E+00  1.005E+00  9.806E-01  9.519E-01  9.197E-01  8.817E-01  8.546E-01  8.181E-01  7.801E-01  7.531E-01  7.089E-01  6.829E-01  6.457E-01  6.065E-01  5.714E-01  5.431E-01  5.078E-01  4.769E-01  4.424E-01  4.170E-01  3.817E-01  3.514E-01  3.265E-01  3.023E-01  2.761E-01  2.536E-01  2.330E-01  2.108E-01  1.923E-01  1.738E-01  1.565E-01  1.402E-01  1.268E-01  1.133E-01  1.014E-01  9.037E-02  7.989E-02  6.954E-02  6.086E-02  5.351E-02  4.774E-02  4.088E-02  3.720E-02  3.170E-02  2.879E-02  2.608E-02  2.422E-02  2.308E-02  2.293E-02  2.242E-02  2.394E-02  2.429E-02  2.736E-02  3.033E-02  3.371E-02  3.785E-02  4.304E-02  4.711E-02  5.160E-02  5.994E-02  6.349E-02  6.948E-02  7.574E-02  7.714E-02  8.315E-02  8.543E-02  8.622E-02  8.547E-02  8.209E-02  8.021E-02  7.684E-02  7.295E-02  6.635E-02  6.049E-02  5.566E-02  4.828E-02  4.365E-02  3.728E-02  3.202E-02  2.824E-02  2.415E-02  2.020E-02  1.680E-02  1.400E-02  1.160E-02  9.710E-03  8.042E-03  6.643E-03  5.542E-03  4.201E-03  3.651E-03  2.538E-03  2.158E-03  1.750E-03  1.281E-03  1.132E-03  1.061E-03  7.369E-04  4.630E-04  3.981E-04  3.475E-04  2.292E-04  2.165E-04  1.313E-04  1.325E-04  1.079E-04  6.163E-05  6.245E-05  4.590E-05  3.898E-05  4.496E-05  1.671E-05  5.643E-06  0.000E+00  Z
 0.000E+00  0.000E+00  0.000E+00  0.000E+00  0.000E+00  0.000E+00  0.000E+00  0.000E+00  0.000E+00  0.000E+00  0.000E+00  0.000E+00  2.334E-05  0.000E+00  0.000E+00  0.000E+00  2.000E-05  3.930E-05  7.596E-05  5.529E-05  1.615E-04  2.639E-04  4.489E-04  4.208E-04  6.101E-04  6.138E-04  1.269E-03  1.433E-03  2.097E-03  2.632E-03  3.105E-03  3.912E-03  5.128E-03  6.919E-03  7.853E-03  9.852E-03  1.176E-02  1.409E-02  1.743E-02  1.988E-02  2.362E-02  2.741E-02  3.322E-02  3.669E-02  4.390E-02  5.069E-02  5.545E-02  6.433E-02  7.244E-02  8.222E-02  9.289E-02  1.032E-01  1.159E-01  1.300E-01  1.447E-01  1.614E-01  1.775E-01  1.936E-01  2.120E-01  2.340E-01  2.562E-01  2.787E-01  3.044E-01  3.288E-01  3.514E-01  3.773E-01  4.116E-01  4.425E-01  4.680E-01  5.022E-01  5.381E-01  5.749E-01  6.074E-01  6.457E-01  6.854E-01  7.232E-01  7.642E-01  8.026E-01  8.496E-01  8.911E-01  9.314E-01  9.711E-01  1.018E+00  1.054E+00  1.104E+00  1.147E+00  1.187E+00  1.226E+00  1.271E+00  1.309E+00  1.344E+00  1.379E+00  1.412E+00  1.443E+00  1.462E+00  1.491E+00  1.513E+00  1.530E+00  1.544E+00  1.551E+00  1.558E+00  1.558E+00  1.560E+00  1.563E+00  1.551E+00  1.538E+00  1.523E+00  1.499E+00  1.476E+00  1.458E+00  1.424E+00  1.390E+00  1.352E+00  1.322E+00  1.275E+00  1.239E+00  1.191E+00  1.152E+00  1.106E+00  1.055E+00  1.008E+00  9.606E-01  9.156E-01  8.700E-01  8.221E-01  7.774E-01  7.294E-01  6.822E-01  6.414E-01  5.983E-01  5.581E-01  5.194E-01  4.785E-01  4.457E-01  4.055E-01  3.744E-01  3.437E-01  3.162E-01  2.844E-01  2.624E-01  2.353E-01  2.133E-01  1.930E-01  1.720E-01  1.559E-01  1.409E-01  1.231E-01  1.119E-01  9.909E-02  8.987E-02  8.008E-02  7.271E-02  6.661E-02  6.096E-02  5.897E-02  5.547E-02  5.379E-02  5.205E-02  5.319E-02  5.494E-02  5.719E-02  5.857E-02  6.316E-02  6.624E-02  7.008E-02  7.675E-02  7.875E-02  8.561E-02  9.042E-02  9.696E-02  1.024E-01  1.066E-01  1.114E-01  1.130E-01  1.159E-01  1.186E-01  1.183E-01  1.175E-01  1.141E-01  1.106E-01  1.055E-01  9.815E-02  9.090E-02  8.500E-02  7.616E-02  6.978E-02  6.168E-02  5.462E-02  4.892E-02  4.201E-02  3.659E-02  3.158E-02  2.708E-02  2.280E-02  1.894E-02  1.591E-02  1.309E-02  1.113E-02  9.379E-03  7.499E-03  6.100E-03  4.988E-03  3.630E-03  3.485E-03  2.686E-03  1.994E-03  1.502E-03  1.319E-03  1.077E-03  7.566E-04  5.707E-04  4.757E-04  3.137E-04  2.982E-04  2.972E-04  1.660E-04  1.674E-04  8.874E-05  6.101E-05  7.185E-05  4.437E-05  2.755E-05  3.209E-05  3.211E-05  2.166E-05  2.750E-05  1.591E-05  0.000E+00  Z
 0.000E+00  0.000E+00  0.000E+00  0.000E+00  0.000E+00  0.000E+00  0.000E+00  0.000E+00  0.000E+00  0.000E+00  0.000E+00  0.000E+00  0.000E+00  0.000E+00  0.000E+00  2.095E-05  0.000E+00  3.874E-05  1.919E-05  5.564E-05  2.346E-04  1.406E-04  2.233E-04  2.186E-04  5.121E-04  5.499E-04  8.083E-04  9.331E-04  1.285E-03  1.985E-03  2.311E-03  3.272E-03  3.724E-03  4.222E-03  6.191E-03  7.198E-03  7.821E-03  9.887E-03  1.188E-02  1.431E-02  1.721E-02  2.049E-02  2.424E-02  2.717E-02  3.233E-02  3.747E-02  4.227E-02  4.861E-02  5.622E-02  6.338E-02  7.279E-02  8.132E-02  9.024E-02  1.023E-01  1.164E-01  1.283E-01  1.438E-01  1.575E-01  1.722E-01  1.927E-01  2.083E-01  2.285E-01  2.489E-01  2.737E-01  2.989E-01  3.192E-01  3.448E-01  3.717E-01  4.033E-01  4.323E-01  4.655E-01  4.976E-01  5.311E-01  5.658E-01  6.029E-01  6.328E-01  6.759E-01  7.128E-01  7.547E-01  7.975E-01  8.413E-01  8.861E-01  9.272E-01  9.776E-01  1.026E+00  1.068E+00  1.122E+00  1.172E+00  1.215E+00  1.277E+00  1.325E+00  1.377E+00  1.429E+00  1.480E+00  1.532E+00  1.587E+00  1.628E+00  1.685E+00  1.737E+00  1.786E+00  1.833E+00  1.873E+00  1.916E+00  1.956E+00  2.002E+00  2.032E+00  2.059E+00  2.091E+00  2.119E+00  2.145E+00  2.146E+00  2.168E+00  2.171E+00  2.173E+00  2.171E+00  2.154E+00  2.144E+00  2.132E+00  2.107E+00  2.065E+00  2.038E+00  2.004E+00  1.965E+00  1.915E+00  1.862E+00  1.815E+00  1.758E+00  1.703E+00  1.642E+00  1.578E+00  1.514E+00  1.449E+00  1.388E+00  1.316E+00  1.256E+00  1.190E+00  1.119E+00  1.057E+00  9.904E-01  9.332E-01  8.735E-01  8.165E-01  7.582E-01  7.069E-01  6.514E-01  6.043E-01  5.546E-01  5.098E-01  4.688E-01  4.270E-01  3.927E-01  3.573E-01  3.237E-01  2.968E-01  2.711E-01  2.437E-01  2.258E-01  2.042E-01  1.870E-01  1.738E-01  1.613E-01  1.503E-01  1.413E-01  1.351E-01  1.288E-01  1.226E-01  1.220E-01  1.210E-01  1.202E-01  1.182E-01  1.223E-01  1.229E-01  1.277E-01  1.288E-01  1.313E-01  1.367E-01  1.389E-01  1.428E-01  1.454E-01  1.491E-01  1.545E-01  1.569E-01  1.605E-01  1.605E-01  1.621E-01  1.592E-01  1.596E-01  1.574E-01  1.530E-01  1.480E-01  1.409E-01  1.316E-01  1.255E-01  1.159E-01  1.079E-01  9.683E-02  8.756E-02  7.978E-02  6.884E-02  6.193E-02  5.428E-02  4.642E-02  3.997E-02  3.577E-02  3.048E-02  2.560E-02  2.182E-02  1.903E-02  1.540E-02  1.313E-02  1.099E-02  9.041E-03  7.059E-03  5.744E-03  4.986E-03  4.238E-03  3.223E-03  2.548E-03  2.218E-03  1.573E-03  1.551E-03  1.042E-03  8.181E-04  6.652E-04  5.799E-04  4.044E-04  3.213E-04  2.279E-04  2.278E-04  1.361E-04  1.012E-04  6.481E-05  5.919E-05  7.552E-05  5.854E-05  4.264E-05  5.127E-06  1.033E-05  1.052E-05  1.051E-05  1.585E-05  2.126E-05  5.432E-06  5.340E-06  0.000E+00  Z
 0.000E+00  0.000E+00  0.000E+00  0.000E+00  0.000E+00  0.000E+00  0.000E+00  0.000E+00  0.000E+00  0.000E+00  0.000E+00  0.000E+00  2.309E-05  2.230E-05  0.000E+00  4.137E-05  0.000E+00  0.000E+00  0.000E+00  5.554E-05  5.407E-05  1.236E-04  1.378E-04  1.862E-04  3.801E-04  5.665E-04  6.494E-04  6.848E-04  1.101E-03  1.415E-03  1.731E-03  2.345E-03  2.951E-03  2.921E-03  4.490E-03  5.511E-03  7.392E-03  8.232E-03  1.013E-02  1.203E-02  1.451E-02  1.707E-02  2.030E-02  2.250E-02  2.805E-02  3.187E-02  3.626E-02  4.225E-02  4.964E-02  5.500E-02  6.197E-02  7.211E-02  7.975E-02  8.940E-02  1.009E-01  1.125E-01  1.220E-01  1.393E-01  1.526E-01  1.687E-01  1.853E-01  2.047E-01  2.250E-01  2.461E-01  2.655E-01  2.882E-01  3.155E-01  3.397E-01  3.662E-01  3.913E-01  4.222E-01  4.564E-01  4.857E-01  5.187E-01  5.549E-01  5.934E-01  6.323E-01  6.655E-01  7.042E-01  7.494E-01  7.957E-01  8.355E-01  8.810E-01  9.289E-01  9.766E-01  1.026E+00  1.076E+00  1.126E+00  1.178E+00  1.235E+00  1.290E+00  1.342E+00  1.399E+00  1.458E+00  1.509E+00  1.571E+00  1.629E+00  1.691E+00  1.746E+00  1.812E+00  1.865E+00  1.925E+00  1.992E+00  2.041E+00  2.101E+00  2.162E+00  2.219E+00  2.279E+00  2.320E+00  2.378E+00  2.426E+00  2.467E+00  2.523E+00  2.560E+00  2.594E+00  2.627E+00  2.657E+00  2.674E+00  2.692E+00  2.715E+00  2.723E+00  2.730E+00  2.721E+00  2.719E+00  2.690E+00  2.668E+00  2.649E+00  2.620E+00  2.575E+00  2.529E+00  2.480E+00  2.420E+00  2.368E+00  2.306E+00  2.246E+00  2.165E+00  2.096E+00  2.016E+00  1.938E+00  1.860E+00  1.779E+00  1.688E+00  1.613E+00  1.533E+00  1.444E+00  1.362E+00  1.281E+00  1.210E+00  1.129E+00  1.061E+00  9.909E-01  9.248E-01  8.568E-01  7.928E-01  7.333E-01  6.744E-01  6.247E-01  5.791E-01  5.306E-01  4.921E-01  4.475E-01  4.140E-01  3.785E-01  3.487E-01  3.215E-01  2.997E-01  2.775E-01  2.601E-01  2.442E-01  2.304E-01  2.177E-01  2.095E-01  2.015E-01  1.935E-01  1.904E-01  1.881E-01  1.840E-01  1.813E-01  1.796E-01  1.825E-01  1.846E-01  1.852E-01  1.864E-01  1.875E-01  1.895E-01  1.924E-01  1.934E-01  1.967E-01  1.978E-01  1.978E-01  1.967E-01  2.008E-01  1.959E-01  1.933E-01  1.908E-01  1.873E-01  1.787E-01  1.717E-01  1.646E-01  1.560E-01  1.446E-01  1.337E-01  1.237E-01  1.117E-01  1.007E-01  9.177E-02  8.144E-02  7.167E-02  6.381E-02  5.524E-02  4.868E-02  4.219E-02  3.626E-02  3.024E-02  2.651E-02  2.179E-02  1.929E-02  1.630E-02  1.304E-02  1.090E-02  9.091E-03  7.639E-03  6.422E-03  4.921E-03  4.202E-03  3.314E-03  2.624E-03  2.279E-03  1.825E-03  1.504E-03  1.246E-03  9.705E-04  7.796E-04  5.506E-04  4.801E-04  4.279E-04  2.497E-04  2.549E-04  2.379E-04  1.161E-04  1.006E-04  5.659E-05  8.454E-05  4.084E-05  5.301E-05  2.135E-05  5.241E-06  1.051E-05  4.645E-05  Z
 0.000E+00  0.000E+00  0.000E+00  0.000E+00  0.000E+00  0.000E+00  0.000E+00  0.000E+00  0.000E+00  0.000E+00  0.000E+00  0.000E+00  0.000E+00  0.000E+00  0.000E+00  0.000E+00  1.988E-05  0.000E+00  1.877E-05  3.713E-05  1.812E-05  7.033E-05  1.722E-04  2.018E-04  2.645E-04  4.864E-04  4.280E-04  7.791E-04  8.571E-04  1.081E-03  1.481E-03  2.271E-03  2.625E-03  3.195E-03  3.813E-03  4.212E-03  5.918E-03  7.741E-03  8.227E-03  1.099E-02  1.229E-02  1.561E-02  1.764E-02  2.150E-02  2.422E-02  2.816E-02  3.317E-02  3.946E-02  4.482E-02  5.068E-02  5.845E-02  6.654E-02  7.539E-02  8.360E-02  9.283E-02  1.039E-01  1.166E-01  1.288E-01  1.434E-01  1.587E-01  1.729E-01  1.910E-01  2.101E-01  2.311E-01  2.528E-01  2.755E-01  2.983E-01  3.193E-01  3.501E-01  3.748E-01  4.034E-01  4.314E-01  4.615E-01  4.992E-01  5.306E-01  5.666E-01  6.024E-01  6.432E-01  6.780E-01  7.228E-01  7.681E-01  8.049E-01  8.500E-01  9.016E-01  9.491E-01  9.981E-01  1.045E+00  1.096E+00  1.156E+00  1.208E+00  1.268E+00  1.326E+00  1.384E+00  1.436E+00  1.495E+00  1.564E+00  1.621E+00  1.689E+00  1.746E+00  1.814E+00  1.877E+00  1.939E+00  2.007E+00  2.074E+00  2.141E+00  2.215E+00  2.276E+00  2.338E+00  2.405E+00  2.473E+00  2.527E+00  2.596E+00  2.651E+00  2.717E+00  2.764E+00  2.823E+00  2.869E+00  2.919E+00  2.965E+00  3.000E+00  3.035E+00  3.063E+00  3.102E+00  3.119E+00  3.140E+00  3.148E+00  3.150E+00  3.147E+00  3.146E+00  3.133E+00  3.106E+00  3.080E+00  3.046E+00  3.006E+00  2.956E+00  2.908E+00  2.852E+00  2.783E+00  2.704E+00  2.641E+00  2.562E+00  2.476E+00  2.393E+00  2.294E+00  2.214E+00  2.115E+00  2.015E+00  1.929E+00  1.839E+00  1.734E+00  1.643E+00  1.556E+00  1.466E+00  1.374E+00  1.297E+00  1.209E+00  1.129E+00  1.050E+00  9.779E-01  9.090E-01  8.458E-01  7.789E-01  7.180E-01  6.694E-01  6.161E-01  5.706E-01  5.297E-01  4.882E-01  4.543E-01  4.140E-01  3.885E-01  3.628E-01  3.404E-01  3.183E-01  3.004E-01  2.853E-01  2.746E-01  2.612E-01  2.529E-01  2.458E-01  2.387E-01  2.349E-01  2.304E-01  2.290E-01  2.275E-01  2.257E-01  2.256E-01  2.256E-01  2.261E-01  2.270E-01  2.273E-01  2.271E-01  2.304E-01  2.287E-01  2.280E-01  2.287E-01  2.273E-01  2.245E-01  2.187E-01  2.152E-01  2.091E-01  2.026E-01  1.930E-01  1.837E-01  1.732E-01  1.621E-01  1.504E-01  1.382E-01  1.270E-01  1.170E-01  1.033E-01  9.365E-02  8.313E-02  7.279E-02  6.418E-02  5.509E-02  4.876E-02  4.272E-02  3.659E-02  3.082E-02  2.652E-02  2.255E-02  1.871E-02  1.611E-02  1.321E-02  1.099E-02  9.103E-03  7.625E-03  6.181E-03  5.301E-03  4.218E-03  3.568E-03  2.895E-03  2.268E-03  1.831E-03  1.480E-03  1.247E-03  1.002E-03  8.426E-04  6.686E-04  4.642E-04  4.011E-04  2.352E-04  2.524E-04  1.571E-04  1.212E-04  1.407E-04  9.861E-05  2.379E-04  Z
 0.000E+00  0.000E+00  0.000E+00  0.000E+00  0.000E+00  0.000E+00  0.000E+00  0.000E+00  0.000E+00  0.000E+00  0.000E+00  0.000E+00  0.000E+00  0.000E+00  0.000E+00  0.000E+00  0.000E+00  1.967E-05  1.891E-05  1.839E-05  9.037E-05  8.775E-05  1.372E-04  2.362E-04  2.476E-04  4.375E-04  4.924E-04  7.785E-04  8.730E-04  1.127E-03  1.450E-03  2.153E-03  2.481E-03  2.922E-03  3.873E-03  4.743E-03  5.831E-03  6.802E-03  9.005E-03  1.088E-02  1.303E-02  1.506E-02  1.717E-02  2.041E-02  2.421E-02  2.899E-02  3.319E-02  3.832E-02  4.418E-02  5.116E-02  5.587E-02  6.357E-02  7.436E-02  8.172E-02  9.314E-02  1.020E-01  1.159E-01  1.283E-01  1.429E-01  1.554E-01  1.741E-01  1.906E-01  2.095E-01  2.292E-01  2.477E-01  2.717E-01  2.957E-01  3.160E-01  3.453E-01  3.731E-01  3.996E-01  4.299E-01  4.637E-01  4.898E-01  5.268E-01  5.619E-01  5.998E-01  6.349E-01  6.784E-01  7.156E-01  7.634E-01  8.065E-01  8.512E-01  8.959E-01  9.440E-01  9.895E-01  1.046E+00  1.094E+00  1.152E+00  1.204E+00  1.259E+00  1.315E+00  1.374E+00  1.442E+00  1.493E+00  1.558E+00  1.618E+00  1.687E+00  1.746E+00  1.814E+00  1.883E+00  1.950E+00  2.011E+00  2.078E+00  2.144E+00  2.209E+00  2.284E+00  2.348E+00  2.410E+00  2.472E+00  2.539E+00  2.607E+00  2.671E+00  2.728E+00  2.786E+00  2.845E+00  2.888E+00  2.945E+00  2.993E+00  3.034E+00  3.068E+00  3.110E+00  3.140E+00  3.163E+00  3.184E+00  3.193E+00  3.209E+00  3.215E+00  3.212E+00  3.202E+00  3.180E+00  3.157E+00  3.130E+00  3.095E+00  3.048E+00  3.006E+00  2.937E+00  2.876E+00  2.811E+00  2.731E+00  2.661E+00  2.580E+00  2.484E+00  2.403E+00  2.304E+00  2.225E+00  2.132E+00  2.031E+00  1.932E+00  1.843E+00  1.750E+00  1.645E+00  1.553E+00  1.464E+00  1.377E+00  1.289E+00  1.204E+00  1.124E+00  1.046E+00  9.765E-01  9.024E-01  8.390E-01  7.752E-01  7.232E-01  6.619E-01  6.158E-01  5.697E-01  5.240E-01  4.844E-01  4.517E-01  4.208E-01  3.922E-01  3.667E-01  3.445E-01  3.202E-01  3.052E-01  2.888E-01  2.767E-01  2.665E-01  2.572E-01  2.482E-01  2.448E-01  2.381E-01  2.338E-01  2.331E-01  2.323E-01  2.305E-01  2.307E-01  2.300E-01  2.298E-01  2.298E-01  2.341E-01  2.307E-01  2.348E-01  2.334E-01  2.324E-01  2.315E-01  2.272E-01  2.249E-01  2.209E-01  2.131E-01  2.084E-01  2.008E-01  1.949E-01  1.813E-01  1.710E-01  1.574E-01  1.472E-01  1.354E-01  1.237E-01  1.127E-01  1.018E-01  8.899E-02  7.950E-02  7.060E-02  6.094E-02  5.317E-02  4.669E-02  3.996E-02  3.435E-02  2.984E-02  2.553E-02  2.172E-02  1.824E-02  1.518E-02  1.321E-02  1.089E-02  9.223E-03  7.055E-03  5.875E-03  4.623E-03  4.258E-03  3.306E-03  2.744E-03  2.315E-03  1.853E-03  1.526E-03  1.144E-03  8.874E-04  8.014E-04  6.101E-04  4.272E-04  3.425E-04  3.351E-04  1.672E-04  1.868E-04  1.254E-04  1.153E-04  1.891E-04  Z
 0.000E+00  0.000E+00  0.000E+00  0.000E+00  0.000E+00  0.000E+00  0.000E+00  0.000E+00  0.000E+00  0.000E+00  0.000E+00  0.000E+00  0.000E+00  0.000E+00  0.000E+00  0.000E+00  4.006E-05  0.000E+00  3.830E-05  1.831E-05  5.452E-05  8.812E-05  1.377E-04  2.358E-04  2.311E-04  4.038E-04  6.512E-04  8.268E-04  9.033E-04  1.175E-03  1.639E-03  2.098E-03  2.637E-03  2.652E-03  3.673E-03  4.841E-03  6.070E-03  6.910E-03  8.321E-03  1.076E-02  1.274E-02  1.435E-02  1.695E-02  2.066E-02  2.434E-02  2.864E-02  3.247E-02  3.880E-02  4.342E-02  5.200E-02  5.753E-02  6.490E-02  7.172E-02  8.149E-02  9.123E-02  1.029E-01  1.136E-01  1.281E-01  1.415E-01  1.578E-01  1.708E-01  1.860E-01  2.065E-01  2.258E-01  2.477E-01  2.703E-01  2.926E-01  3.143E-01  3.408E-01  3.681E-01  3.959E-01  4.277E-01  4.586E-01  4.934E-01  5.274E-01  5.631E-01  5.955E-01  6.397E-01  6.721E-01  7.142E-01  7.563E-01  8.021E-01  8.482E-01  8.890E-01  9.433E-01  9.878E-01  1.042E+00  1.088E+00  1.147E+00  1.205E+00  1.262E+00  1.309E+00  1.374E+00  1.431E+00  1.498E+00  1.552E+00  1.621E+00  1.682E+00  1.746E+00  1.812E+00  1.877E+00  1.949E+00  2.012E+00  2.076E+00  2.148E+00  2.221E+00  2.279E+00  2.348E+00  2.419E+00  2.485E+00  2.557E+00  2.617E+00  2.668E+00  2.746E+00  2.798E+00  2.860E+00  2.915E+00  2.967E+00  3.019E+00  3.065E+00  3.117E+00  3.149E+00  3.188E+00  3.215E+00  3.254E+00  3.258E+00  3.269E+00  3.276E+00  3.280E+00  3.274E+00  3.267E+00  3.237E+00  3.214E+00  3.185E+00  3.151E+00  3.098E+00  3.041E+00  2.987E+00  2.922E+00  2.849E+00  2.770E+00  2.697E+00  2.617E+00  2.535E+00  2.436E+00  2.351E+00  2.253E+00  2.149E+00  2.058E+00  1.961E+00  1.852E+00  1.764E+00  1.669E+00  1.572E+00  1.477E+00  1.390E+00  1.299E+00  1.218E+00  1.139E+00  1.060E+00  9.807E-01  9.107E-01  8.499E-01  7.799E-01  7.316E-01  6.691E-01  6.210E-01  5.732E-01  5.326E-01  4.964E-01  4.537E-01  4.300E-01  3.979E-01  3.712E-01  3.478E-01  3.284E-01  3.131E-01  2.989E-01  2.858E-01  2.733E-01  2.617E-01  2.553E-01  2.497E-01  2.455E-01  2.418E-01  2.393E-01  2.378E-01  2.377E-01  2.373E-01  2.368E-01  2.357E-01  2.362E-01  2.364E-01  2.370E-01  2.350E-01  2.356E-01  2.354E-01  2.340E-01  2.311E-01  2.270E-01  2.220E-01  2.165E-01  2.095E-01  2.015E-01  1.920E-01  1.809E-01  1.706E-01  1.608E-01  1.459E-01  1.344E-01  1.243E-01  1.090E-01  9.964E-02  8.769E-02  7.995E-02  6.982E-02  6.068E-02  5.293E-02  4.558E-02  4.018E-02  3.378E-02  2.934E-02  2.409E-02  2.156E-02  1.787E-02  1.451E-02  1.206E-02  1.051E-02  8.580E-03  7.087E-03  5.672E-03  4.569E-03  4.003E-03  3.436E-03  2.689E-03  2.176E-03  1.832E-03  1.432E-03  1.074E-03  9.625E-04  7.595E-04  5.302E-04  4.372E-04  4.243E-04  2.878E-04  1.723E-04  1.412E-04  1.888E-04  4.210E-04  Z
 0.000E+00  0.000E+00  0.000E+00  0.000E+00  0.000E+00  0.000E+00  0.000E+00  0.000E+00  0.000E+00  0.000E+00  0.000E+00  0.000E+00  2.295E-05  0.000E+00  0.000E+00  2.097E-05  6.019E-05  0.000E+00  7.569E-05  5.570E-05  1.823E-05  1.228E-04  1.718E-04  2.691E-04  3.310E-04  5.186E-04  4.296E-04  6.540E-04  9.030E-04  1.218E-03  1.597E-03  2.181E-03  2.322E-03  3.330E-03  3.884E-03  5.156E-03  5.947E-03  7.710E-03  8.324E-03  1.013E-02  1.275E-02  1.576E-02  1.713E-02  2.101E-02  2.391E-02  2.802E-02  3.306E-02  3.717E-02  4.546E-02  4.914E-02  5.642E-02  6.343E-02  7.166E-02  8.114E-02  9.260E-02  1.045E-01  1.142E-01  1.284E-01  1.413E-01  1.543E-01  1.713E-01  1.907E-01  2.069E-01  2.256E-01  2.456E-01  2.682E-01  2.927E-01  3.164E-01  3.436E-01  3.658E-01  4.011E-01  4.273E-01  4.571E-01  4.918E-01  5.234E-01  5.564E-01  5.994E-01  6.374E-01  6.726E-01  7.152E-01  7.571E-01  8.060E-01  8.471E-01  8.961E-01  9.441E-01  9.853E-01  1.040E+00  1.098E+00  1.146E+00  1.201E+00  1.260E+00  1.317E+00  1.369E+00  1.439E+00  1.491E+00  1.563E+00  1.623E+00  1.679E+00  1.748E+00  1.811E+00  1.880E+00  1.947E+00  2.014E+00  2.073E+00  2.154E+00  2.226E+00  2.294E+00  2.356E+00  2.418E+00  2.487E+00  2.551E+00  2.613E+00  2.671E+00  2.740E+00  2.807E+00  2.868E+00  2.917E+00  2.967E+00  3.022E+00  3.068E+00  3.116E+00  3.168E+00  3.190E+00  3.223E+00  3.251E+00  3.253E+00  3.273E+00  3.284E+00  3.289E+00  3.285E+00  3.274E+00  3.240E+00  3.230E+00  3.195E+00  3.154E+00  3.112E+00  3.058E+00  3.006E+00  2.933E+00  2.873E+00  2.791E+00  2.725E+00  2.635E+00  2.542E+00  2.457E+00  2.360E+00  2.262E+00  2.171E+00  2.065E+00  1.974E+00  1.870E+00  1.773E+00  1.681E+00  1.584E+00  1.495E+00  1.401E+00  1.316E+00  1.234E+00  1.141E+00  1.070E+00  9.966E-01  9.235E-01  8.582E-01  7.938E-01  7.344E-01  6.796E-01  6.304E-01  5.822E-01  5.380E-01  4.998E-01  4.627E-01  4.286E-01  4.023E-01  3.753E-01  3.489E-01  3.331E-01  3.176E-01  2.980E-01  2.880E-01  2.758E-01  2.632E-01  2.581E-01  2.522E-01  2.488E-01  2.444E-01  2.419E-01  2.374E-01  2.373E-01  2.363E-01  2.372E-01  2.382E-01  2.374E-01  2.374E-01  2.396E-01  2.373E-01  2.372E-01  2.369E-01  2.352E-01  2.321E-01  2.285E-01  2.257E-01  2.188E-01  2.097E-01  2.026E-01  1.937E-01  1.829E-01  1.727E-01  1.610E-01  1.482E-01  1.364E-01  1.252E-01  1.122E-01  1.003E-01  9.128E-02  8.005E-02  7.024E-02  6.277E-02  5.319E-02  4.648E-02  4.057E-02  3.453E-02  2.995E-02  2.544E-02  2.076E-02  1.786E-02  1.564E-02  1.300E-02  1.054E-02  8.486E-03  7.262E-03  6.221E-03  5.006E-03  4.039E-03  3.435E-03  2.672E-03  2.450E-03  1.876E-03  1.301E-03  1.400E-03  1.056E-03  7.160E-04  6.490E-04  3.772E-04  3.261E-04  3.037E-04  1.986E-04  3.150E-04  1.241E-04  3.832E-04  Z
 0.000E+00  0.000E+00  0.000E+00  0.000E+00  0.000E+00  0.000E+00  0.000E+00  0.000E+00  0.000E+00  0.000E+00  0.000E+00  0.000E+00  2.293E-05  0.000E+00  0.000E+00  2.072E-05  0.000E+00  3.902E-05  7.562E-05  1.111E-04  7.197E-05  8.859E-05  1.212E-04  1.182E-04  1.985E-04  5.338E-04  4.602E-04  6.865E-04  9.474E-04  1.324E-03  1.628E-03  1.935E-03  2.652E-03  2.709E-03  3.850E-03  4.905E-03  5.909E-03  6.975E-03  8.375E-03  1.070E-02  1.239E-02  1.503E-02  1.770E-02  2.095E-02  2.383E-02  2.848E-02  3.368E-02  3.722E-02  4.321E-02  4.927E-02  5.694E-02  6.474E-02  7.114E-02  8.199E-02  8.907E-02  1.046E-01  1.142E-01  1.276E-01  1.394E-01  1.565E-01  1.721E-01  1.912E-01  2.043E-01  2.279E-01  2.499E-01  2.695E-01  2.872E-01  3.172E-01  3.422E-01  3.685E-01  3.964E-01  4.265E-01  4.559E-01  4.868E-01  5.168E-01  5.569E-01  5.934E-01  6.301E-01  6.696E-01  7.093E-01  7.538E-01  8.001E-01  8.445E-01  8.909E-01  9.414E-01  9.923E-01  1.040E+00  1.090E+00  1.144E+00  1.201E+00  1.257E+00  1.311E+00  1.374E+00  1.431E+00  1.501E+00  1.556E+00  1.616E+00  1.687E+00  1.748E+00  1.818E+00  1.873E+00  1.950E+00  2.015E+00  2.083E+00  2.149E+00  2.213E+00  2.290E+00  2.350E+00  2.430E+00  2.491E+00  2.553E+00  2.620E+00  2.690E+00  2.748E+00  2.822E+00  2.871E+00  2.934E+00  2.989E+00  3.038E+00  3.086E+00  3.124E+00  3.177E+00  3.208E+00  3.246E+00  3.272E+00  3.283E+00  3.308E+00  3.322E+00  3.321E+00  3.316E+00  3.314E+00  3.301E+00  3.276E+00  3.242E+00  3.207E+00  3.153E+00  3.114E+00  3.052E+00  2.995E+00  2.923E+00  2.846E+00  2.770E+00  2.690E+00  2.599E+00  2.513E+00  2.421E+00  2.330E+00  2.224E+00  2.125E+00  2.032E+00  1.925E+00  1.830E+00  1.740E+00  1.636E+00  1.542E+00  1.447E+00  1.358E+00  1.272E+00  1.192E+00  1.111E+00  1.032E+00  9.592E-01  8.945E-01  8.282E-01  7.646E-01  7.057E-01  6.552E-01  6.054E-01  5.629E-01  5.200E-01  4.830E-01  4.470E-01  4.182E-01  3.929E-01  3.669E-01  3.435E-01  3.259E-01  3.083E-01  2.950E-01  2.854E-01  2.727E-01  2.637E-01  2.572E-01  2.513E-01  2.485E-01  2.459E-01  2.434E-01  2.404E-01  2.394E-01  2.409E-01  2.414E-01  2.412E-01  2.405E-01  2.425E-01  2.419E-01  2.410E-01  2.403E-01  2.361E-01  2.356E-01  2.297E-01  2.261E-01  2.205E-01  2.151E-01  2.088E-01  1.981E-01  1.881E-01  1.780E-01  1.649E-01  1.540E-01  1.424E-01  1.278E-01  1.185E-01  1.067E-01  9.502E-02  8.450E-02  7.411E-02  6.569E-02  5.568E-02  4.913E-02  4.218E-02  3.696E-02  3.163E-02  2.682E-02  2.354E-02  1.920E-02  1.637E-02  1.363E-02  1.114E-02  9.762E-03  7.853E-03  6.623E-03  5.473E-03  4.583E-03  3.687E-03  2.962E-03  2.349E-03  1.959E-03  1.639E-03  1.345E-03  1.040E-03  7.755E-04  7.284E-04  5.696E-04  4.649E-04  3.007E-04  3.577E-04  1.988E-04  1.721E-04  4.565E-04  Z
 0.000E+00  0.000E+00  0.000E+00  0.000E+00  0.000E+00  0.000E+00  0.000E+00  0.000E+00  0.000E+00  0.000E+00  0.000E+00  0.000E+00  0.000E+00  0.000E+00  0.000E+00  0.000E+00  0.000E+00  0.000E+00  1.922E-05  3.697E-05  1.790E-05  1.056E-04  1.377E-04  2.859E-04  1.648E-04  2.743E-04  4.283E-04  6.218E-04  7.190E-04  1.294E-03  1.316E-03  1.874E-03  2.391E-03  3.035E-03  3.718E-03  4.566E-03  5.482E-03  6.816E-03  8.904E-03  1.065E-02  1.233E-02  1.484E-02  1.712E-02  2.100E-02  2.359E-02  2.762E-02  3.273E-02  3.655E-02  4.258E-02  4.944E-02  5.512E-02  6.311E-02  7.103E-02  7.964E-02  9.064E-02  1.006E-01  1.142E-01  1.261E-01  1.380E-01  1.551E-01  1.714E-01  1.875E-01  2.043E-01  2.242E-01  2.433E-01  2.634E-01  2.876E-01  3.159E-01  3.397E-01  3.643E-01  3.970E-01  4.260E-01  4.589E-01  4.861E-01  5.224E-01  5.557E-01  5.919E-01  6.283E-01  6.693E-01  7.080E-01  7.526E-01  7.932E-01  8.396E-01  8.857E-01  9.324E-01  9.866E-01  1.033E+00  1.087E+00  1.140E+00  1.190E+00  1.254E+00  1.310E+00  1.369E+00  1.430E+00  1.495E+00  1.558E+00  1.614E+00  1.680E+00  1.752E+00  1.805E+00  1.885E+00  1.950E+00  2.025E+00  2.089E+00  2.153E+00  2.222E+00  2.292E+00  2.356E+00  2.430E+00  2.506E+00  2.569E+00  2.640E+00  2.694E+00  2.764E+00  2.823E+00  2.889E+00  2.941E+00  3.009E+00  3.061E+00  3.109E+00  3.160E+00  3.199E+00  3.245E+00  3.269E+00  3.310E+00  3.334E+00  3.351E+00  3.353E+00  3.384E+00  3.372E+00  3.367E+00  3.353E+00  3.335E+00  3.318E+00  3.274E+00  3.241E+00  3.191E+00  3.137E+00  3.081E+00  3.018E+00  2.935E+00  2.871E+00  2.782E+00  2.701E+00  2.596E+00  2.513E+00  2.416E+00  2.320E+00  2.218E+00  2.121E+00  2.021E+00  1.918E+00  1.817E+00  1.723E+00  1.628E+00  1.533E+00  1.442E+00  1.350E+00  1.261E+00  1.175E+00  1.100E+00  1.023E+00  9.444E-01  8.843E-01  8.169E-01  7.557E-01  6.997E-01  6.493E-01  6.001E-01  5.577E-01  5.151E-01  4.776E-01  4.440E-01  4.164E-01  3.899E-01  3.647E-01  3.459E-01  3.274E-01  3.108E-01  2.945E-01  2.848E-01  2.761E-01  2.655E-01  2.625E-01  2.544E-01  2.531E-01  2.493E-01  2.461E-01  2.464E-01  2.465E-01  2.456E-01  2.442E-01  2.465E-01  2.456E-01  2.443E-01  2.453E-01  2.429E-01  2.407E-01  2.392E-01  2.357E-01  2.335E-01  2.287E-01  2.235E-01  2.149E-01  2.058E-01  1.966E-01  1.858E-01  1.728E-01  1.638E-01  1.505E-01  1.389E-01  1.264E-01  1.133E-01  1.003E-01  9.131E-02  8.129E-02  7.045E-02  6.150E-02  5.449E-02  4.702E-02  3.939E-02  3.530E-02  3.010E-02  2.541E-02  2.159E-02  1.795E-02  1.488E-02  1.175E-02  1.056E-02  8.731E-03  7.643E-03  6.095E-03  4.944E-03  4.106E-03  3.684E-03  2.791E-03  2.159E-03  1.813E-03  1.270E-03  1.177E-03  9.933E-04  6.807E-04  6.494E-04  4.254E-04  4.184E-04  3.181E-04  2.712E-04  1.870E-04  5.108E-04  Z
 0.000E+00  0.000E+00  0.000E+00  0.000E+00  0.000E+00  0.000E+00  0.000E+00  0.000E+00  0.000E+00  0.000E+00  0.000E+00  0.000E+00  0.000E+00  0.000E+00  0.000E+00  0.000E+00  4.029E-05  0.000E+00  1.888E-05  0.000E+00  3.605E-05  8.821E-05  5.222E-05  2.021E-04  1.978E-04  2.907E-04  5.556E-04  5.454E-04  8.421E-04  1.006E-03  1.596E-03  1.717E-03  2.335E-03  2.951E-03  4.284E-03  4.580E-03  5.258E-03  7.202E-03  8.139E-03  1.020E-02  1.189E-02  1.365E-02  1.656E-02  1.989E-02  2.300E-02  2.739E-02  3.139E-02  3.591E-02  4.103E-02  4.718E-02  5.469E-02  6.145E-02  7.110E-02  7.764E-02  8.798E-02  1.003E-01  1.125E-01  1.231E-01  1.360E-01  1.527E-01  1.674E-01  1.826E-01  2.001E-01  2.214E-01  2.435E-01  2.613E-01  2.870E-01  3.076E-01  3.378E-01  3.637E-01  3.934E-01  4.171E-01  4.522E-01  4.846E-01  5.157E-01  5.502E-01  5.875E-01  6.254E-01  6.671E-01  7.019E-01  7.490E-01  7.923E-01  8.350E-01  8.850E-01  9.273E-01  9.806E-01  1.038E+00  1.084E+00  1.135E+00  1.193E+00  1.258E+00  1.304E+00  1.363E+00  1.428E+00  1.494E+00  1.546E+00  1.623E+00  1.685E+00  1.756E+00  1.812E+00  1.884E+00  1.947E+00  2.022E+00  2.084E+00  2.158E+00  2.233E+00  2.290E+00  2.371E+00  2.439E+00  2.508E+00  2.588E+00  2.647E+00  2.724E+00  2.786E+00  2.850E+00  2.912E+00  2.982E+00  3.046E+00  3.086E+00  3.163E+00  3.203E+00  3.250E+00  3.287E+00  3.327E+00  3.375E+00  3.400E+00  3.424E+00  3.455E+00  3.463E+00  3.466E+00  3.475E+00  3.467E+00  3.445E+00  3.442E+00  3.398E+00  3.372E+00  3.321E+00  3.286E+00  3.228E+00  3.169E+00  3.094E+00  3.035E+00  2.956E+00  2.866E+00  2.778E+00  2.681E+00  2.596E+00  2.498E+00  2.394E+00  2.286E+00  2.194E+00  2.096E+00  1.981E+00  1.878E+00  1.787E+00  1.690E+00  1.577E+00  1.493E+00  1.397E+00  1.315E+00  1.227E+00  1.143E+00  1.066E+00  9.875E-01  9.192E-01  8.555E-01  7.876E-01  7.315E-01  6.781E-01  6.286E-01  5.839E-01  5.395E-01  5.015E-01  4.661E-01  4.346E-01  4.090E-01  3.798E-01  3.592E-01  3.411E-01  3.266E-01  3.110E-01  2.974E-01  2.881E-01  2.798E-01  2.739E-01  2.660E-01  2.631E-01  2.598E-01  2.567E-01  2.555E-01  2.565E-01  2.527E-01  2.507E-01  2.529E-01  2.521E-01  2.510E-01  2.500E-01  2.499E-01  2.485E-01  2.449E-01  2.416E-01  2.378E-01  2.330E-01  2.273E-01  2.198E-01  2.094E-01  1.999E-01  1.901E-01  1.808E-01  1.663E-01  1.538E-01  1.396E-01  1.281E-01  1.167E-01  1.040E-01  9.405E-02  8.180E-02  7.280E-02  6.430E-02  5.503E-02  4.780E-02  4.141E-02  3.524E-02  3.041E-02  2.685E-02  2.179E-02  1.837E-02  1.611E-02  1.352E-02  1.094E-02  9.619E-03  7.923E-03  6.268E-03  5.111E-03  4.508E-03  3.450E-03  2.920E-03  2.232E-03  1.833E-03  1.449E-03  1.296E-03  8.222E-04  8.240E-04  6.969E-04  6.215E-04  3.951E-04  2.941E-04  2.086E-04  6.918E-04  Z
 0.000E+00  0.000E+00  0.000E+00  0.000E+00  0.000E+00  0.000E+00  0.000E+00  0.000E+00  0.000E+00  0.000E+00  0.000E+00  0.000E+00  0.000E+00  0.000E+00  0.000E+00  0.000E+00  0.000E+00  1.939E-05  0.000E+00  0.000E+00  1.265E-04  1.059E-04  1.373E-04  2.021E-04  3.131E-04  3.562E-04  4.773E-04  7.778E-04  7.068E-04  1.112E-03  1.569E-03  2.009E-03  2.105E-03  2.966E-03  3.786E-03  4.196E-03  5.650E-03  7.004E-03  8.665E-03  9.523E-03  1.209E-02  1.440E-02  1.756E-02  2.008E-02  2.363E-02  2.742E-02  3.190E-02  3.597E-02  4.159E-02  4.811E-02  5.257E-02  6.166E-02  6.799E-02  7.940E-02  8.774E-02  9.747E-02  1.090E-01  1.204E-01  1.343E-01  1.480E-01  1.666E-01  1.834E-01  2.010E-01  2.170E-01  2.410E-01  2.579E-01  2.819E-01  3.087E-01  3.303E-01  3.628E-01  3.850E-01  4.191E-01  4.483E-01  4.757E-01  5.111E-01  5.453E-01  5.863E-01  6.217E-01  6.589E-01  6.970E-01  7.417E-01  7.870E-01  8.316E-01  8.796E-01  9.277E-01  9.766E-01  1.027E+00  1.083E+00  1.136E+00  1.189E+00  1.246E+00  1.308E+00  1.364E+00  1.429E+00  1.487E+00  1.550E+00  1.620E+00  1.681E+00  1.745E+00  1.817E+00  1.877E+00  1.952E+00  2.027E+00  2.086E+00  2.160E+00  2.242E+00  2.312E+00  2.376E+00  2.459E+00  2.527E+00  2.601E+00  2.678E+00  2.736E+00  2.803E+00  2.879E+00  2.941E+00  3.007E+00  3.065E+00  3.128E+00  3.190E+00  3.239E+00  3.290E+00  3.340E+00  3.386E+00  3.434E+00  3.468E+00  3.505E+00  3.520E+00  3.544E+00  3.555E+00  3.560E+00  3.571E+00  3.549E+00  3.542E+00  3.536E+00  3.497E+00  3.455E+00  3.416E+00  3.371E+00  3.316E+00  3.244E+00  3.187E+00  3.112E+00  3.028E+00  2.952E+00  2.861E+00  2.761E+00  2.672E+00  2.572E+00  2.462E+00  2.359E+00  2.254E+00  2.150E+00  2.049E+00  1.937E+00  1.841E+00  1.732E+00  1.633E+00  1.538E+00  1.442E+00  1.348E+00  1.259E+00  1.177E+00  1.095E+00  1.022E+00  9.492E-01  8.802E-01  8.164E-01  7.557E-01  6.999E-01  6.490E-01  6.053E-01  5.576E-01  5.182E-01  4.835E-01  4.503E-01  4.235E-01  3.994E-01  3.733E-01  3.545E-01  3.376E-01  3.226E-01  3.093E-01  3.023E-01  2.906E-01  2.827E-01  2.760E-01  2.725E-01  2.678E-01  2.646E-01  2.653E-01  2.604E-01  2.603E-01  2.608E-01  2.591E-01  2.585E-01  2.563E-01  2.573E-01  2.554E-01  2.555E-01  2.499E-01  2.474E-01  2.422E-01  2.390E-01  2.293E-01  2.244E-01  2.138E-01  2.025E-01  1.935E-01  1.811E-01  1.677E-01  1.563E-01  1.433E-01  1.321E-01  1.177E-01  1.049E-01  9.547E-02  8.310E-02  7.354E-02  6.346E-02  5.598E-02  4.877E-02  4.112E-02  3.664E-02  3.085E-02  2.587E-02  2.151E-02  1.927E-02  1.591E-02  1.354E-02  1.132E-02  9.445E-03  8.183E-03  6.254E-03  5.470E-03  4.295E-03  3.536E-03  2.877E-03  2.464E-03  2.055E-03  1.731E-03  1.284E-03  1.012E-03  7.970E-04  6.030E-04  5.074E-04  4.129E-04  3.132E-04  9.319E-04  Z
 0.000E+00  0.000E+00  0.000E+00  0.000E+00  0.000E+00  0.000E+00  0.000E+00  0.000E+00  0.000E+00  0.000E+00  0.000E+00  0.000E+00  0.000E+00  0.000E+00  0.000E+00  0.000E+00  0.000E+00  0.000E+00  3.816E-05  1.872E-05  5.432E-05  5.249E-05  6.899E-05  2.531E-04  2.977E-04  2.751E-04  3.960E-04  6.685E-04  9.773E-04  1.130E-03  1.376E-03  2.227E-03  2.102E-03  2.809E-03  3.774E-03  4.732E-03  5.569E-03  6.920E-03  8.418E-03  1.035E-02  1.168E-02  1.433E-02  1.720E-02  1.990E-02  2.345E-02  2.713E-02  3.165E-02  3.450E-02  4.121E-02  4.687E-02  5.270E-02  6.006E-02  6.882E-02  7.944E-02  8.778E-02  9.723E-02  1.069E-01  1.249E-01  1.360E-01  1.493E-01  1.648E-01  1.805E-01  1.990E-01  2.166E-01  2.377E-01  2.578E-01  2.821E-01  3.062E-01  3.323E-01  3.535E-01  3.844E-01  4.162E-01  4.449E-01  4.784E-01  5.103E-01  5.424E-01  5.772E-01  6.212E-01  6.557E-01  6.961E-01  7.388E-01  7.862E-01  8.301E-01  8.777E-01  9.202E-01  9.740E-01  1.022E+00  1.075E+00  1.132E+00  1.184E+00  1.246E+00  1.305E+00  1.359E+00  1.420E+00  1.483E+00  1.548E+00  1.613E+00  1.680E+00  1.754E+00  1.821E+00  1.884E+00  1.952E+00  2.016E+00  2.093E+00  2.173E+00  2.239E+00  2.314E+00  2.379E+00  2.458E+00  2.522E+00  2.605E+00  2.671E+00  2.739E+00  2.818E+00  2.880E+00  2.961E+00  3.014E+00  3.074E+00  3.142E+00  3.211E+00  3.263E+00  3.317E+00  3.367E+00  3.405E+00  3.454E+00  3.498E+00  3.534E+00  3.541E+00  3.576E+00  3.593E+00  3.603E+00  3.608E+00  3.605E+00  3.599E+00  3.578E+00  3.554E+00  3.521E+00  3.480E+00  3.443E+00  3.378E+00  3.329E+00  3.262E+00  3.179E+00  3.101E+00  3.019E+00  2.934E+00  2.843E+00  2.744E+00  2.646E+00  2.545E+00  2.440E+00  2.326E+00  2.217E+00  2.121E+00  2.010E+00  1.899E+00  1.801E+00  1.696E+00  1.599E+00  1.504E+00  1.410E+00  1.322E+00  1.231E+00  1.147E+00  1.070E+00  9.969E-01  9.231E-01  8.597E-01  7.961E-01  7.370E-01  6.833E-01  6.356E-01  5.878E-01  5.468E-01  5.106E-01  4.739E-01  4.431E-01  4.170E-01  3.930E-01  3.717E-01  3.545E-01  3.373E-01  3.231E-01  3.079E-01  2.991E-01  2.921E-01  2.841E-01  2.790E-01  2.759E-01  2.704E-01  2.697E-01  2.669E-01  2.638E-01  2.623E-01  2.628E-01  2.627E-01  2.616E-01  2.619E-01  2.589E-01  2.592E-01  2.568E-01  2.505E-01  2.454E-01  2.424E-01  2.350E-01  2.286E-01  2.200E-01  2.103E-01  1.987E-01  1.887E-01  1.756E-01  1.620E-01  1.507E-01  1.372E-01  1.245E-01  1.116E-01  1.001E-01  8.845E-02  7.876E-02  6.918E-02  6.036E-02  5.235E-02  4.545E-02  3.847E-02  3.382E-02  2.893E-02  2.489E-02  2.104E-02  1.788E-02  1.433E-02  1.228E-02  1.050E-02  8.684E-03  6.882E-03  6.079E-03  4.992E-03  3.976E-03  3.201E-03  2.642E-03  1.985E-03  1.664E-03  1.229E-03  1.116E-03  8.788E-04  6.801E-04  5.604E-04  3.870E-04  4.009E-04  9.781E-04  Z
 0.000E+00  0.000E+00  0.000E+00  0.000E+00  0.000E+00  0.000E+00  0.000E+00  0.000E+00  0.000E+00  0.000E+00  0.000E+00  0.000E+00  0.000E+00  0.000E+00  0.000E+00  2.066E-05  0.000E+00  0.000E+00  5.700E-05  3.713E-05  3.609E-05  1.056E-04  1.032E-04  1.177E-04  1.477E-04  3.066E-04  4.268E-04  6.537E-04  1.042E-03  1.006E-03  1.450E-03  1.673E-03  2.338E-03  2.566E-03  3.279E-03  4.184E-03  5.431E-03  6.624E-03  7.968E-03  9.247E-03  1.185E-02  1.428E-02  1.656E-02  1.907E-02  2.360E-02  2.688E-02  3.141E-02  3.429E-02  3.963E-02  4.714E-02  5.334E-02  6.054E-02  6.875E-02  7.901E-02  8.722E-02  9.737E-02  1.109E-01  1.208E-01  1.340E-01  1.470E-01  1.634E-01  1.787E-01  1.964E-01  2.151E-01  2.363E-01  2.573E-01  2.818E-01  3.027E-01  3.321E-01  3.535E-01  3.874E-01  4.102E-01  4.420E-01  4.746E-01  5.062E-01  5.442E-01  5.786E-01  6.181E-01  6.581E-01  6.988E-01  7.438E-01  7.809E-01  8.329E-01  8.743E-01  9.237E-01  9.757E-01  1.022E+00  1.074E+00  1.131E+00  1.187E+00  1.243E+00  1.295E+00  1.359E+00  1.430E+00  1.486E+00  1.552E+00  1.611E+00  1.676E+00  1.740E+00  1.813E+00  1.883E+00  1.959E+00  2.031E+00  2.106E+00  2.173E+00  2.244E+00  2.320E+00  2.387E+00  2.455E+00  2.536E+00  2.613E+00  2.682E+00  2.749E+00  2.826E+00  2.889E+00  2.968E+00  3.033E+00  3.097E+00  3.158E+00  3.218E+00  3.289E+00  3.335E+00  3.393E+00  3.439E+00  3.478E+00  3.524E+00  3.558E+00  3.588E+00  3.614E+00  3.637E+00  3.653E+00  3.641E+00  3.655E+00  3.646E+00  3.635E+00  3.615E+00  3.578E+00  3.544E+00  3.501E+00  3.448E+00  3.391E+00  3.338E+00  3.251E+00  3.181E+00  3.093E+00  3.013E+00  2.918E+00  2.821E+00  2.717E+00  2.620E+00  2.521E+00  2.407E+00  2.305E+00  2.193E+00  2.083E+00  1.981E+00  1.871E+00  1.773E+00  1.665E+00  1.566E+00  1.471E+00  1.380E+00  1.283E+00  1.199E+00  1.123E+00  1.041E+00  9.676E-01  8.969E-01  8.335E-01  7.740E-01  7.175E-01  6.617E-01  6.190E-01  5.734E-01  5.328E-01  4.971E-01  4.601E-01  4.366E-01  4.084E-01  3.892E-01  3.650E-01  3.467E-01  3.312E-01  3.199E-01  3.111E-01  2.992E-01  2.921E-01  2.860E-01  2.814E-01  2.765E-01  2.740E-01  2.708E-01  2.710E-01  2.711E-01  2.674E-01  2.656E-01  2.660E-01  2.639E-01  2.650E-01  2.603E-01  2.603E-01  2.560E-01  2.494E-01  2.481E-01  2.428E-01  2.341E-01  2.252E-01  2.154E-01  2.055E-01  1.953E-01  1.827E-01  1.699E-01  1.562E-01  1.450E-01  1.296E-01  1.185E-01  1.056E-01  9.445E-02  8.320E-02  7.325E-02  6.430E-02  5.515E-02  4.821E-02  4.242E-02  3.618E-02  3.139E-02  2.682E-02  2.193E-02  1.936E-02  1.592E-02  1.369E-02  1.147E-02  9.187E-03  7.452E-03  6.610E-03  5.392E-03  4.495E-03  3.712E-03  3.057E-03  2.438E-03  1.799E-03  1.535E-03  1.145E-03  1.026E-03  8.019E-04  7.440E-04  4.692E-04  4.564E-04  1.171E-03  Z
 0.000E+00  0.000E+00  0.000E+00  0.000E+00  0.000E+00  0.000E+00  0.000E+00  0.000E+00  0.000E+00  0.000E+00  0.000E+00  0.000E+00  0.000E+00  0.000E+00  0.000E+00  0.000E+00  1.988E-05  3.902E-05  0.000E+00  1.863E-05  9.009E-05  1.058E-04  1.381E-04  1.680E-04  2.633E-04  3.075E-04  4.127E-04  5.614E-04  7.359E-04  1.050E-03  1.152E-03  1.834E-03  2.074E-03  2.525E-03  3.821E-03  4.055E-03  5.422E-03  5.988E-03  7.965E-03  9.969E-03  1.181E-02  1.330E-02  1.602E-02  1.846E-02  2.284E-02  2.657E-02  2.938E-02  3.612E-02  4.054E-02  4.498E-02  5.226E-02  5.976E-02  6.877E-02  7.841E-02  8.486E-02  9.595E-02  1.088E-01  1.191E-01  1.326E-01  1.450E-01  1.615E-01  1.801E-01  1.974E-01  2.137E-01  2.364E-01  2.551E-01  2.768E-01  3.009E-01  3.231E-01  3.558E-01  3.826E-01  4.110E-01  4.359E-01  4.698E-01  5.067E-01  5.434E-01  5.801E-01  6.144E-01  6.517E-01  6.933E-01  7.382E-01  7.795E-01  8.253E-01  8.698E-01  9.201E-01  9.677E-01  1.026E+00  1.066E+00  1.125E+00  1.183E+00  1.238E+00  1.295E+00  1.354E+00  1.419E+00  1.484E+00  1.544E+00  1.613E+00  1.684E+00  1.738E+00  1.817E+00  1.882E+00  1.958E+00  2.027E+00  2.103E+00  2.175E+00  2.253E+00  2.322E+00  2.392E+00  2.473E+00  2.535E+00  2.614E+00  2.694E+00  2.771E+00  2.838E+00  2.908E+00  2.971E+00  3.055E+00  3.121E+00  3.181E+00  3.251E+00  3.303E+00  3.376E+00  3.421E+00  3.473E+00  3.528E+00  3.575E+00  3.606E+00  3.649E+00  3.682E+00  3.700E+00  3.716E+00  3.732E+00  3.737E+00  3.741E+00  3.722E+00  3.708E+00  3.685E+00  3.667E+00  3.618E+00  3.565E+00  3.517E+00  3.462E+00  3.385E+00  3.322E+00  3.233E+00  3.143E+00  3.066E+00  2.964E+00  2.868E+00  2.772E+00  2.661E+00  2.556E+00  2.448E+00  2.339E+00  2.224E+00  2.121E+00  2.013E+00  1.893E+00  1.794E+00  1.694E+00  1.588E+00  1.492E+00  1.402E+00  1.306E+00  1.216E+00  1.138E+00  1.056E+00  9.799E-01  9.138E-01  8.489E-01  7.870E-01  7.297E-01  6.703E-01  6.280E-01  5.858E-01  5.453E-01  5.081E-01  4.761E-01  4.431E-01  4.190E-01  3.961E-01  3.760E-01  3.549E-01  3.437E-01  3.277E-01  3.184E-01  3.042E-01  3.000E-01  2.951E-01  2.867E-01  2.823E-01  2.817E-01  2.806E-01  2.755E-01  2.761E-01  2.751E-01  2.756E-01  2.738E-01  2.702E-01  2.660E-01  2.651E-01  2.646E-01  2.597E-01  2.563E-01  2.507E-01  2.433E-01  2.362E-01  2.263E-01  2.166E-01  2.068E-01  1.948E-01  1.818E-01  1.694E-01  1.562E-01  1.424E-01  1.303E-01  1.159E-01  1.057E-01  9.359E-02  8.373E-02  7.363E-02  6.422E-02  5.574E-02  4.863E-02  4.143E-02  3.514E-02  3.073E-02  2.562E-02  2.257E-02  1.846E-02  1.571E-02  1.293E-02  1.102E-02  9.182E-03  7.704E-03  6.174E-03  5.244E-03  4.404E-03  3.543E-03  2.947E-03  2.353E-03  1.924E-03  1.592E-03  1.406E-03  9.706E-04  7.418E-04  5.688E-04  4.838E-04  1.606E-03  Z
 0.000E+00  0.000E+00  0.000E+00  0.000E+00  0.000E+00  0.000E+00  0.000E+00  0.000E+00  0.000E+00  0.000E+00  0.000E+00  0.000E+00  0.000E+00  0.000E+00  0.000E+00  0.000E+00  0.000E+00  3.907E-05  0.000E+00  5.552E-05  5.395E-05  8.800E-05  1.552E-04  2.192E-04  3.134E-04  3.554E-04  2.532E-04  7.331E-04  8.732E-04  1.113E-03  1.229E-03  1.760E-03  2.065E-03  3.177E-03  3.602E-03  3.967E-03  4.868E-03  6.447E-03  8.272E-03  9.367E-03  1.094E-02  1.367E-02  1.582E-02  1.999E-02  2.200E-02  2.544E-02  2.973E-02  3.453E-02  3.950E-02  4.600E-02  5.156E-02  5.904E-02  6.666E-02  7.664E-02  8.475E-02  9.531E-02  1.068E-01  1.197E-01  1.321E-01  1.445E-01  1.605E-01  1.773E-01  1.941E-01  2.146E-01  2.339E-01  2.520E-01  2.761E-01  2.973E-01  3.259E-01  3.478E-01  3.795E-01  4.048E-01  4.396E-01  4.700E-01  5.071E-01  5.386E-01  5.712E-01  6.108E-01  6.469E-01  6.923E-01  7.325E-01  7.745E-01  8.183E-01  8.584E-01  9.146E-01  9.612E-01  1.012E+00  1.064E+00  1.122E+00  1.179E+00  1.237E+00  1.297E+00  1.360E+00  1.416E+00  1.485E+00  1.549E+00  1.610E+00  1.675E+00  1.749E+00  1.816E+00  1.887E+00  1.955E+00  2.039E+00  2.103E+00  2.173E+00  2.264E+00  2.325E+00  2.408E+00  2.479E+00  2.547E+00  2.628E+00  2.709E+00  2.782E+00  2.864E+00  2.929E+00  3.004E+00  3.073E+00  3.149E+00  3.214E+00  3.282E+00  3.345E+00  3.412E+00  3.464E+00  3.522E+00  3.574E+00  3.622E+00  3.660E+00  3.707E+00  3.734E+00  3.759E+00  3.794E+00  3.803E+00  3.810E+00  3.815E+00  3.807E+00  3.801E+00  3.779E+00  3.756E+00  3.724E+00  3.679E+00  3.629E+00  3.579E+00  3.510E+00  3.442E+00  3.372E+00  3.294E+00  3.197E+00  3.106E+00  3.001E+00  2.903E+00  2.798E+00  2.689E+00  2.580E+00  2.475E+00  2.363E+00  2.252E+00  2.139E+00  2.026E+00  1.920E+00  1.810E+00  1.703E+00  1.607E+00  1.506E+00  1.406E+00  1.318E+00  1.229E+00  1.151E+00  1.067E+00  9.959E-01  9.212E-01  8.518E-01  7.934E-01  7.343E-01  6.822E-01  6.330E-01  5.917E-01  5.514E-01  5.151E-01  4.776E-01  4.498E-01  4.239E-01  4.039E-01  3.792E-01  3.624E-01  3.497E-01  3.336E-01  3.241E-01  3.105E-01  3.089E-01  3.037E-01  2.948E-01  2.939E-01  2.876E-01  2.825E-01  2.833E-01  2.807E-01  2.793E-01  2.776E-01  2.760E-01  2.746E-01  2.740E-01  2.697E-01  2.660E-01  2.650E-01  2.595E-01  2.532E-01  2.457E-01  2.372E-01  2.284E-01  2.191E-01  2.046E-01  1.938E-01  1.823E-01  1.676E-01  1.553E-01  1.422E-01  1.283E-01  1.154E-01  1.034E-01  9.212E-02  8.164E-02  7.102E-02  6.270E-02  5.481E-02  4.693E-02  4.100E-02  3.499E-02  3.041E-02  2.581E-02  2.162E-02  1.813E-02  1.497E-02  1.277E-02  1.076E-02  9.214E-03  7.029E-03  5.841E-03  5.138E-03  3.922E-03  3.399E-03  2.746E-03  2.345E-03  1.920E-03  1.609E-03  1.220E-03  1.029E-03  8.895E-04  6.517E-04  1.687E-03  Z
 0.000E+00  0.000E+00  0.000E+00  0.000E+00  0.000E+00  0.000E+00  0.000E+00  0.000E+00  0.000E+00  0.000E+00  0.000E+00  0.000E+00  0.000E+00  0.000E+00  0.000E+00  0.000E+00  0.000E+00  1.942E-05  3.847E-05  7.403E-05  1.261E-04  3.543E-05  6.957E-05  1.007E-04  2.470E-04  2.271E-04  3.970E-04  4.974E-04  8.894E-04  1.144E-03  1.078E-03  1.427E-03  2.008E-03  2.639E-03  3.197E-03  4.294E-03  4.737E-03  6.055E-03  7.155E-03  9.477E-03  1.115E-02  1.321E-02  1.549E-02  1.802E-02  2.160E-02  2.490E-02  2.935E-02  3.302E-02  3.819E-02  4.481E-02  5.259E-02  5.686E-02  6.708E-02  7.328E-02  8.363E-02  9.477E-02  1.037E-01  1.136E-01  1.310E-01  1.424E-01  1.561E-01  1.709E-01  1.911E-01  2.104E-01  2.298E-01  2.493E-01  2.719E-01  2.951E-01  3.204E-01  3.473E-01  3.706E-01  3.998E-01  4.323E-01  4.615E-01  4.943E-01  5.306E-01  5.618E-01  6.037E-01  6.374E-01  6.842E-01  7.231E-01  7.692E-01  8.096E-01  8.582E-01  9.030E-01  9.553E-01  1.011E+00  1.064E+00  1.116E+00  1.174E+00  1.230E+00  1.294E+00  1.350E+00  1.411E+00  1.474E+00  1.536E+00  1.607E+00  1.686E+00  1.753E+00  1.809E+00  1.885E+00  1.963E+00  2.027E+00  2.114E+00  2.183E+00  2.267E+00  2.333E+00  2.419E+00  2.491E+00  2.572E+00  2.651E+00  2.730E+00  2.809E+00  2.880E+00  2.971E+00  3.047E+00  3.118E+00  3.188E+00  3.269E+00  3.329E+00  3.408E+00  3.473E+00  3.527E+00  3.609E+00  3.650E+00  3.717E+00  3.764E+00  3.813E+00  3.855E+00  3.896E+00  3.918E+00  3.954E+00  3.982E+00  3.991E+00  4.010E+00  3.996E+00  3.991E+00  3.985E+00  3.968E+00  3.928E+00  3.892E+00  3.860E+00  3.803E+00  3.735E+00  3.675E+00  3.585E+00  3.509E+00  3.428E+00  3.340E+00  3.233E+00  3.136E+00  3.021E+00  2.921E+00  2.812E+00  2.689E+00  2.572E+00  2.461E+00  2.339E+00  2.225E+00  2.115E+00  1.993E+00  1.884E+00  1.775E+00  1.663E+00  1.563E+00  1.462E+00  1.372E+00  1.284E+00  1.194E+00  1.112E+00  1.036E+00  9.615E-01  8.911E-01  8.266E-01  7.712E-01  7.161E-01  6.647E-01  6.158E-01  5.802E-01  5.398E-01  5.058E-01  4.731E-01  4.451E-01  4.233E-01  4.006E-01  3.845E-01  3.686E-01  3.564E-01  3.421E-01  3.337E-01  3.233E-01  3.173E-01  3.124E-01  3.060E-01  3.026E-01  3.011E-01  2.986E-01  2.959E-01  2.924E-01  2.916E-01  2.913E-01  2.860E-01  2.809E-01  2.812E-01  2.779E-01  2.719E-01  2.653E-01  2.591E-01  2.524E-01  2.452E-01  2.323E-01  2.210E-01  2.111E-01  1.952E-01  1.835E-01  1.705E-01  1.561E-01  1.411E-01  1.289E-01  1.154E-01  1.026E-01  9.201E-02  8.021E-02  7.203E-02  6.383E-02  5.420E-02  4.724E-02  4.073E-02  3.443E-02  2.961E-02  2.542E-02  2.158E-02  1.831E-02  1.508E-02  1.290E-02  1.089E-02  9.048E-03  7.242E-03  6.507E-03  5.037E-03  4.138E-03  3.237E-03  2.835E-03  2.253E-03  1.774E-03  1.608E-03  1.009E-03  9.355E-04  2.681E-03  Z
 0.000E+00  0.000E+00  0.000E+00  0.000E+00  0.000E+00  0.000E+00  0.000E+00  0.000E+00  0.000E+00  0.000E+00  0.000E+00  0.000E+00  0.000E+00  0.000E+00  2.146E-05  0.000E+00  0.000E+00  1.934E-05  3.845E-05  1.842E-05  7.234E-05  5.239E-05  5.146E-05  2.363E-04  2.141E-04  2.910E-04  5.714E-04  7.147E-04  7.809E-04  8.585E-04  1.078E-03  1.439E-03  2.293E-03  2.794E-03  3.755E-03  4.128E-03  5.044E-03  5.766E-03  7.267E-03  9.320E-03  1.082E-02  1.286E-02  1.516E-02  1.815E-02  2.116E-02  2.415E-02  2.846E-02  3.329E-02  3.780E-02  4.376E-02  5.020E-02  5.752E-02  6.548E-02  7.490E-02  8.380E-02  9.299E-02  1.047E-01  1.136E-01  1.281E-01  1.415E-01  1.553E-01  1.725E-01  1.882E-01  2.043E-01  2.248E-01  2.470E-01  2.727E-01  2.922E-01  3.168E-01  3.418E-01  3.679E-01  3.925E-01  4.277E-01  4.562E-01  4.896E-01  5.256E-01  5.603E-01  5.985E-01  6.353E-01  6.749E-01  7.147E-01  7.613E-01  8.094E-01  8.490E-01  9.008E-01  9.572E-01  9.984E-01  1.058E+00  1.109E+00  1.166E+00  1.226E+00  1.284E+00  1.354E+00  1.411E+00  1.473E+00  1.532E+00  1.611E+00  1.671E+00  1.738E+00  1.813E+00  1.886E+00  1.955E+00  2.033E+00  2.111E+00  2.186E+00  2.262E+00  2.339E+00  2.434E+00  2.503E+00  2.592E+00  2.673E+00  2.745E+00  2.827E+00  2.906E+00  2.994E+00  3.068E+00  3.154E+00  3.225E+00  3.304E+00  3.378E+00  3.455E+00  3.522E+00  3.600E+00  3.661E+00  3.723E+00  3.787E+00  3.850E+00  3.898E+00  3.947E+00  3.989E+00  4.033E+00  4.070E+00  4.101E+00  4.124E+00  4.150E+00  4.149E+00  4.147E+00  4.144E+00  4.131E+00  4.111E+00  4.085E+00  4.047E+00  4.014E+00  3.967E+00  3.896E+00  3.827E+00  3.757E+00  3.669E+00  3.579E+00  3.494E+00  3.393E+00  3.285E+00  3.184E+00  3.075E+00  2.953E+00  2.841E+00  2.720E+00  2.601E+00  2.481E+00  2.353E+00  2.242E+00  2.123E+00  2.014E+00  1.894E+00  1.787E+00  1.676E+00  1.576E+00  1.471E+00  1.377E+00  1.286E+00  1.195E+00  1.114E+00  1.032E+00  9.657E-01  8.958E-01  8.340E-01  7.792E-01  7.193E-01  6.702E-01  6.274E-01  5.856E-01  5.447E-01  5.142E-01  4.826E-01  4.566E-01  4.307E-01  4.110E-01  3.939E-01  3.780E-01  3.656E-01  3.532E-01  3.436E-01  3.345E-01  3.286E-01  3.217E-01  3.177E-01  3.146E-01  3.130E-01  3.097E-01  3.054E-01  3.034E-01  2.984E-01  2.972E-01  2.943E-01  2.922E-01  2.863E-01  2.836E-01  2.763E-01  2.708E-01  2.608E-01  2.543E-01  2.433E-01  2.314E-01  2.196E-01  2.043E-01  1.927E-01  1.806E-01  1.652E-01  1.506E-01  1.379E-01  1.209E-01  1.110E-01  9.826E-02  8.736E-02  7.627E-02  6.732E-02  5.842E-02  5.083E-02  4.372E-02  3.757E-02  3.256E-02  2.782E-02  2.277E-02  1.930E-02  1.677E-02  1.421E-02  1.165E-02  9.566E-03  8.409E-03  6.516E-03  5.073E-03  4.422E-03  3.869E-03  3.213E-03  2.698E-03  2.000E-03  1.761E-03  1.322E-03  3.874E-03  Z
 0.000E+00  0.000E+00  0.000E+00  0.000E+00  0.000E+00  0.000E+00  0.000E+00  0.000E+00  0.000E+00  0.000E+00  0.000E+00  0.000E+00  0.000E+00  0.000E+00  0.000E+00  0.000E+00  2.033E-05  0.000E+00  0.000E+00  3.689E-05  9.005E-05  1.234E-04  1.546E-04  1.178E-04  2.812E-04  2.593E-04  5.564E-04  5.770E-04  6.889E-04  7.226E-04  1.241E-03  1.644E-03  2.225E-03  2.642E-03  3.184E-03  3.826E-03  4.525E-03  5.772E-03  6.983E-03  8.568E-03  9.910E-03  1.146E-02  1.462E-02  1.701E-02  2.047E-02  2.349E-02  2.736E-02  3.141E-02  3.733E-02  4.249E-02  4.824E-02  5.485E-02  6.256E-02  7.109E-02  7.958E-02  8.904E-02  1.015E-01  1.122E-01  1.246E-01  1.353E-01  1.518E-01  1.690E-01  1.826E-01  2.015E-01  2.196E-01  2.403E-01  2.624E-01  2.847E-01  3.062E-01  3.358E-01  3.641E-01  3.897E-01  4.170E-01  4.487E-01  4.817E-01  5.176E-01  5.516E-01  5.878E-01  6.285E-01  6.647E-01  7.094E-01  7.520E-01  7.993E-01  8.464E-01  8.896E-01  9.451E-01  9.883E-01  1.045E+00  1.102E+00  1.150E+00  1.215E+00  1.272E+00  1.338E+00  1.397E+00  1.469E+00  1.534E+00  1.600E+00  1.668E+00  1.732E+00  1.814E+00  1.887E+00  1.960E+00  2.031E+00  2.123E+00  2.197E+00  2.271E+00  2.361E+00  2.443E+00  2.526E+00  2.607E+00  2.693E+00  2.778E+00  2.865E+00  2.945E+00  3.035E+00  3.124E+00  3.204E+00  3.283E+00  3.373E+00  3.450E+00  3.538E+00  3.610E+00  3.692E+00  3.764E+00  3.841E+00  3.906E+00  3.977E+00  4.038E+00  4.100E+00  4.158E+00  4.208E+00  4.248E+00  4.304E+00  4.334E+00  4.381E+00  4.395E+00  4.406E+00  4.430E+00  4.438E+00  4.426E+00  4.417E+00  4.395E+00  4.377E+00  4.335E+00  4.287E+00  4.245E+00  4.184E+00  4.121E+00  4.047E+00  3.959E+00  3.871E+00  3.767E+00  3.674E+00  3.570E+00  3.450E+00  3.339E+00  3.209E+00  3.093E+00  2.967E+00  2.845E+00  2.720E+00  2.582E+00  2.459E+00  2.330E+00  2.216E+00  2.086E+00  1.970E+00  1.854E+00  1.741E+00  1.632E+00  1.532E+00  1.429E+00  1.336E+00  1.247E+00  1.158E+00  1.079E+00  9.996E-01  9.331E-01  8.691E-01  8.083E-01  7.506E-01  7.045E-01  6.582E-01  6.125E-01  5.767E-01  5.393E-01  5.133E-01  4.836E-01  4.605E-01  4.391E-01  4.193E-01  4.042E-01  3.891E-01  3.788E-01  3.688E-01  3.592E-01  3.531E-01  3.458E-01  3.410E-01  3.366E-01  3.323E-01  3.272E-01  3.255E-01  3.201E-01  3.161E-01  3.154E-01  3.117E-01  3.048E-01  2.994E-01  2.946E-01  2.853E-01  2.778E-01  2.679E-01  2.569E-01  2.481E-01  2.357E-01  2.197E-01  2.071E-01  1.921E-01  1.754E-01  1.620E-01  1.475E-01  1.354E-01  1.198E-01  1.076E-01  9.492E-02  8.411E-02  7.422E-02  6.518E-02  5.657E-02  4.905E-02  4.306E-02  3.627E-02  3.083E-02  2.625E-02  2.313E-02  1.905E-02  1.546E-02  1.311E-02  1.084E-02  9.202E-03  7.880E-03  6.118E-03  5.022E-03  4.416E-03  3.643E-03  2.997E-03  2.305E-03  7.423E-03  Z
 0.000E+00  0.000E+00  0.000E+00  0.000E+00  0.000E+00  0.000E+00  0.000E+00  0.000E+00  0.000E+00  0.000E+00  0.000E+00  0.000E+00  0.000E+00  0.000E+00  0.000E+00  0.000E+00  1.998E-05  3.882E-05  1.918E-05  1.832E-05  1.806E-05  8.842E-05  6.941E-05  1.692E-04  1.324E-04  1.454E-04  4.777E-04  4.679E-04  6.436E-04  8.860E-04  1.095E-03  1.456E-03  1.763E-03  2.105E-03  2.918E-03  4.114E-03  4.408E-03  5.372E-03  6.224E-03  7.948E-03  9.105E-03  1.189E-02  1.370E-02  1.674E-02  1.843E-02  2.216E-02  2.595E-02  3.024E-02  3.486E-02  4.200E-02  4.556E-02  5.322E-02  5.969E-02  6.625E-02  7.659E-02  8.670E-02  9.737E-02  1.074E-01  1.193E-01  1.308E-01  1.455E-01  1.619E-01  1.784E-01  1.958E-01  2.129E-01  2.315E-01  2.537E-01  2.764E-01  2.981E-01  3.252E-01  3.526E-01  3.773E-01  4.077E-01  4.348E-01  4.718E-01  5.001E-01  5.394E-01  5.726E-01  6.149E-01  6.534E-01  6.951E-01  7.341E-01  7.794E-01  8.298E-01  8.710E-01  9.212E-01  9.785E-01  1.025E+00  1.085E+00  1.146E+00  1.201E+00  1.266E+00  1.320E+00  1.383E+00  1.450E+00  1.527E+00  1.593E+00  1.657E+00  1.730E+00  1.807E+00  1.883E+00  1.958E+00  2.041E+00  2.128E+00  2.217E+00  2.290E+00  2.383E+00  2.469E+00  2.546E+00  2.644E+00  2.730E+00  2.819E+00  2.910E+00  3.000E+00  3.090E+00  3.188E+00  3.291E+00  3.369E+00  3.464E+00  3.562E+00  3.656E+00  3.741E+00  3.817E+00  3.922E+00  3.992E+00  4.077E+00  4.146E+00  4.231E+00  4.308E+00  4.384E+00  4.449E+00  4.513E+00  4.579E+00  4.639E+00  4.692E+00  4.727E+00  4.776E+00  4.822E+00  4.839E+00  4.860E+00  4.874E+00  4.882E+00  4.883E+00  4.871E+00  4.849E+00  4.827E+00  4.790E+00  4.749E+00  4.696E+00  4.644E+00  4.583E+00  4.494E+00  4.402E+00  4.329E+00  4.225E+00  4.115E+00  4.001E+00  3.887E+00  3.774E+00  3.635E+00  3.501E+00  3.363E+00  3.225E+00  3.086E+00  2.947E+00  2.818E+00  2.672E+00  2.546E+00  2.410E+00  2.266E+00  2.150E+00  2.019E+00  1.898E+00  1.775E+00  1.672E+00  1.559E+00  1.454E+00  1.359E+00  1.268E+00  1.183E+00  1.102E+00  1.026E+00  9.549E-01  8.910E-01  8.302E-01  7.755E-01  7.246E-01  6.803E-01  6.353E-01  6.027E-01  5.689E-01  5.373E-01  5.120E-01  4.921E-01  4.691E-01  4.511E-01  4.337E-01  4.217E-01  4.108E-01  4.017E-01  3.903E-01  3.839E-01  3.767E-01  3.710E-01  3.629E-01  3.600E-01  3.562E-01  3.488E-01  3.453E-01  3.409E-01  3.331E-01  3.271E-01  3.171E-01  3.130E-01  3.045E-01  2.928E-01  2.822E-01  2.699E-01  2.565E-01  2.407E-01  2.262E-01  2.134E-01  1.973E-01  1.826E-01  1.674E-01  1.500E-01  1.362E-01  1.217E-01  1.091E-01  9.731E-02  8.670E-02  7.460E-02  6.544E-02  5.724E-02  4.935E-02  4.239E-02  3.617E-02  3.159E-02  2.575E-02  2.224E-02  1.967E-02  1.555E-02  1.330E-02  1.138E-02  9.276E-03  7.644E-03  6.525E-03  5.252E-03  1.657E-02  Z
 0.000E+00  0.000E+00  0.000E+00  0.000E+00  0.000E+00  0.000E+00  0.000E+00  0.000E+00  0.000E+00  0.000E+00  0.000E+00  0.000E+00  0.000E+00  2.210E-05  0.000E+00  2.095E-05  0.000E+00  1.940E-05  0.000E+00  0.000E+00  7.196E-05  7.046E-05  1.035E-04  8.371E-05  8.240E-05  2.423E-04  3.330E-04  2.495E-04  6.273E-04  7.837E-04  1.037E-03  1.209E-03  1.461E-03  2.244E-03  2.670E-03  3.194E-03  4.532E-03  5.391E-03  6.447E-03  7.659E-03  9.245E-03  1.142E-02  1.319E-02  1.574E-02  1.899E-02  2.136E-02  2.402E-02  2.803E-02  3.162E-02  3.857E-02  4.372E-02  4.946E-02  5.647E-02  6.555E-02  7.369E-02  8.101E-02  9.288E-02  1.015E-01  1.154E-01  1.268E-01  1.400E-01  1.552E-01  1.721E-01  1.900E-01  2.049E-01  2.253E-01  2.464E-01  2.668E-01  2.917E-01  3.134E-01  3.407E-01  3.703E-01  3.982E-01  4.276E-01  4.561E-01  4.888E-01  5.234E-01  5.589E-01  5.992E-01  6.364E-01  6.822E-01  7.214E-01  7.646E-01  8.146E-01  8.566E-01  9.041E-01  9.642E-01  1.015E+00  1.066E+00  1.125E+00  1.185E+00  1.243E+00  1.309E+00  1.373E+00  1.441E+00  1.514E+00  1.584E+00  1.656E+00  1.732E+00  1.804E+00  1.880E+00  1.968E+00  2.044E+00  2.128E+00  2.214E+00  2.309E+00  2.394E+00  2.488E+00  2.577E+00  2.671E+00  2.760E+00  2.866E+00  2.958E+00  3.057E+00  3.152E+00  3.254E+00  3.349E+00  3.465E+00  3.552E+00  3.656E+00  3.763E+00  3.853E+00  3.948E+00  4.056E+00  4.147E+00  4.244E+00  4.337E+00  4.430E+00  4.529E+00  4.605E+00  4.702E+00  4.771E+00  4.853E+00  4.923E+00  4.998E+00  5.070E+00  5.123E+00  5.191E+00  5.234E+00  5.287E+00  5.313E+00  5.357E+00  5.389E+00  5.396E+00  5.407E+00  5.405E+00  5.387E+00  5.397E+00  5.361E+00  5.334E+00  5.286E+00  5.249E+00  5.189E+00  5.108E+00  5.035E+00  4.959E+00  4.855E+00  4.754E+00  4.643E+00  4.533E+00  4.400E+00  4.272E+00  4.132E+00  3.992E+00  3.854E+00  3.708E+00  3.558E+00  3.406E+00  3.257E+00  3.097E+00  2.954E+00  2.801E+00  2.652E+00  2.509E+00  2.369E+00  2.236E+00  2.098E+00  1.973E+00  1.847E+00  1.731E+00  1.620E+00  1.514E+00  1.414E+00  1.314E+00  1.234E+00  1.147E+00  1.071E+00  9.965E-01  9.296E-01  8.768E-01  8.138E-01  7.657E-01  7.226E-01  6.787E-01  6.392E-01  6.094E-01  5.729E-01  5.498E-01  5.260E-01  5.051E-01  4.889E-01  4.755E-01  4.601E-01  4.484E-01  4.370E-01  4.272E-01  4.188E-01  4.125E-01  4.036E-01  3.969E-01  3.914E-01  3.833E-01  3.780E-01  3.679E-01  3.641E-01  3.515E-01  3.453E-01  3.341E-01  3.222E-01  3.111E-01  3.013E-01  2.863E-01  2.702E-01  2.549E-01  2.395E-01  2.217E-01  2.058E-01  1.886E-01  1.721E-01  1.553E-01  1.395E-01  1.266E-01  1.124E-01  9.985E-02  8.892E-02  7.714E-02  6.680E-02  5.895E-02  5.093E-02  4.433E-02  3.775E-02  3.115E-02  2.742E-02  2.330E-02  1.953E-02  1.663E-02  1.406E-02  1.159E-02  3.871E-02  Z
 0.000E+00  0.000E+00  0.000E+00  0.000E+00  0.000E+00  0.000E+00  0.000E+00  0.000E+00  0.000E+00  0.000E+00  0.000E+00  0.000E+00  0.000E+00  0.000E+00  0.000E+00  2.053E-05  0.000E+00  3.890E-05  0.000E+00  1.845E-05  5.405E-05  3.493E-05  5.114E-05  1.346E-04  1.978E-04  1.784E-04  3.810E-04  4.975E-04  5.358E-04  6.762E-04  9.757E-04  1.150E-03  1.576E-03  1.708E-03  2.362E-03  3.057E-03  4.260E-03  4.854E-03  5.872E-03  6.982E-03  8.755E-03  1.028E-02  1.184E-02  1.433E-02  1.629E-02  1.956E-02  2.283E-02  2.652E-02  3.141E-02  3.710E-02  4.251E-02  4.746E-02  5.509E-02  6.009E-02  6.949E-02  7.792E-02  8.833E-02  9.810E-02  1.078E-01  1.207E-01  1.350E-01  1.495E-01  1.630E-01  1.825E-01  1.977E-01  2.171E-01  2.372E-01  2.591E-01  2.798E-01  3.039E-01  3.283E-01  3.583E-01  3.842E-01  4.154E-01  4.417E-01  4.770E-01  5.151E-01  5.447E-01  5.865E-01  6.221E-01  6.644E-01  7.042E-01  7.495E-01  7.995E-01  8.489E-01  8.945E-01  9.448E-01  9.947E-01  1.050E+00  1.108E+00  1.173E+00  1.227E+00  1.299E+00  1.362E+00  1.431E+00  1.497E+00  1.566E+00  1.644E+00  1.712E+00  1.801E+00  1.869E+00  1.960E+00  2.041E+00  2.137E+00  2.222E+00  2.313E+00  2.409E+00  2.494E+00  2.600E+00  2.698E+00  2.795E+00  2.893E+00  3.000E+00  3.109E+00  3.207E+00  3.321E+00  3.431E+00  3.541E+00  3.649E+00  3.755E+00  3.860E+00  3.984E+00  4.082E+00  4.206E+00  4.310E+00  4.417E+00  4.525E+00  4.636E+00  4.730E+00  4.835E+00  4.958E+00  5.047E+00  5.147E+00  5.238E+00  5.324E+00  5.409E+00  5.490E+00  5.576E+00  5.645E+00  5.715E+00  5.782E+00  5.839E+00  5.895E+00  5.941E+00  5.974E+00  6.000E+00  6.037E+00  6.054E+00  6.058E+00  6.061E+00  6.051E+00  6.038E+00  6.000E+00  5.980E+00  5.929E+00  5.878E+00  5.818E+00  5.735E+00  5.642E+00  5.553E+00  5.445E+00  5.333E+00  5.214E+00  5.093E+00  4.958E+00  4.826E+00  4.676E+00  4.514E+00  4.354E+00  4.195E+00  4.031E+00  3.870E+00  3.708E+00  3.528E+00  3.361E+00  3.197E+00  3.037E+00  2.875E+00  2.727E+00  2.573E+00  2.424E+00  2.270E+00  2.140E+00  2.010E+00  1.876E+00  1.751E+00  1.638E+00  1.538E+00  1.433E+00  1.334E+00  1.246E+00  1.169E+00  1.086E+00  1.021E+00  9.494E-01  8.945E-01  8.419E-01  7.912E-01  7.497E-01  7.082E-01  6.717E-01  6.410E-01  6.131E-01  5.877E-01  5.633E-01  5.458E-01  5.264E-01  5.098E-01  4.967E-01  4.838E-01  4.719E-01  4.621E-01  4.531E-01  4.431E-01  4.338E-01  4.266E-01  4.169E-01  4.069E-01  3.990E-01  3.874E-01  3.755E-01  3.666E-01  3.554E-01  3.425E-01  3.239E-01  3.107E-01  2.954E-01  2.796E-01  2.600E-01  2.434E-01  2.252E-01  2.074E-01  1.894E-01  1.743E-01  1.562E-01  1.394E-01  1.248E-01  1.114E-01  9.676E-02  8.585E-02  7.448E-02  6.530E-02  5.665E-02  4.831E-02  4.111E-02  3.528E-02  3.041E-02  2.592E-02  9.366E-02  Z
 0.000E+00  0.000E+00  0.000E+00  0.000E+00  0.000E+00  0.000E+00  0.000E+00  0.000E+00  0.000E+00  0.000E+00  0.000E+00  0.000E+00  0.000E+00  0.000E+00  0.000E+00  0.000E+00  0.000E+00  0.000E+00  0.000E+00  0.000E+00  5.401E-05  5.288E-05  5.165E-05  1.005E-04  1.980E-04  2.899E-04  1.907E-04  4.356E-04  5.490E-04  6.159E-04  8.272E-04  9.335E-04  1.348E-03  2.148E-03  2.672E-03  3.292E-03  3.691E-03  4.513E-03  5.303E-03  6.906E-03  8.818E-03  1.035E-02  1.149E-02  1.360E-02  1.667E-02  1.908E-02  2.273E-02  2.691E-02  3.033E-02  3.443E-02  3.923E-02  4.575E-02  5.418E-02  5.836E-02  6.764E-02  7.653E-02  8.395E-02  9.323E-02  1.055E-01  1.178E-01  1.309E-01  1.445E-01  1.598E-01  1.755E-01  1.947E-01  2.120E-01  2.312E-01  2.505E-01  2.761E-01  2.938E-01  3.225E-01  3.483E-01  3.785E-01  4.046E-01  4.312E-01  4.695E-01  5.009E-01  5.334E-01  5.748E-01  6.090E-01  6.542E-01  6.951E-01  7.361E-01  7.861E-01  8.325E-01  8.806E-01  9.288E-01  9.834E-01  1.040E+00  1.102E+00  1.161E+00  1.215E+00  1.289E+00  1.353E+00  1.416E+00  1.484E+00  1.558E+00  1.640E+00  1.708E+00  1.795E+00  1.874E+00  1.961E+00  2.040E+00  2.127E+00  2.215E+00  2.320E+00  2.416E+00  2.518E+00  2.602E+00  2.706E+00  2.817E+00  2.921E+00  3.025E+00  3.140E+00  3.244E+00  3.363E+00  3.478E+00  3.589E+00  3.703E+00  3.817E+00  3.945E+00  4.063E+00  4.181E+00  4.283E+00  4.407E+00  4.534E+00  4.652E+00  4.771E+00  4.890E+00  4.987E+00  5.120E+00  5.219E+00  5.334E+00  5.436E+00  5.549E+00  5.645E+00  5.748E+00  5.826E+00  5.927E+00  6.008E+00  6.095E+00  6.163E+00  6.233E+00  6.298E+00  6.351E+00  6.398E+00  6.456E+00  6.501E+00  6.520E+00  6.552E+00  6.561E+00  6.560E+00  6.561E+00  6.551E+00  6.528E+00  6.510E+00  6.453E+00  6.412E+00  6.351E+00  6.274E+00  6.199E+00  6.108E+00  5.996E+00  5.890E+00  5.767E+00  5.652E+00  5.499E+00  5.352E+00  5.207E+00  5.059E+00  4.892E+00  4.717E+00  4.549E+00  4.373E+00  4.196E+00  4.015E+00  3.837E+00  3.667E+00  3.484E+00  3.305E+00  3.126E+00  2.966E+00  2.804E+00  2.635E+00  2.478E+00  2.330E+00  2.191E+00  2.054E+00  1.925E+00  1.795E+00  1.680E+00  1.570E+00  1.465E+00  1.368E+00  1.274E+00  1.196E+00  1.121E+00  1.045E+00  9.847E-01  9.269E-01  8.694E-01  8.220E-01  7.777E-01  7.383E-01  7.063E-01  6.723E-01  6.418E-01  6.166E-01  5.990E-01  5.770E-01  5.597E-01  5.445E-01  5.254E-01  5.126E-01  5.051E-01  4.897E-01  4.771E-01  4.684E-01  4.541E-01  4.462E-01  4.353E-01  4.231E-01  4.111E-01  3.997E-01  3.869E-01  3.734E-01  3.591E-01  3.459E-01  3.251E-01  3.108E-01  2.938E-01  2.738E-01  2.547E-01  2.339E-01  2.181E-01  1.991E-01  1.800E-01  1.635E-01  1.469E-01  1.303E-01  1.160E-01  1.023E-01  8.894E-02  7.881E-02  6.889E-02  5.886E-02  5.131E-02  4.459E-02  1.648E-01  Z
 0.000E+00  0.000E+00  0.000E+00  0.000E+00  0.000E+00  0.000E+00  0.000E+00  0.000E+00  0.000E+00  0.000E+00  0.000E+00  0.000E+00  0.000E+00  0.000E+00  0.000E+00  0.000E+00  1.999E-05  0.000E+00  1.881E-05  0.000E+00  0.000E+00  1.761E-05  3.462E-05  5.058E-05  9.882E-05  1.134E-04  3.495E-04  4.356E-04  4.444E-04  6.924E-04  9.163E-04  1.121E-03  1.292E-03  1.582E-03  1.961E-03  3.087E-03  3.461E-03  4.278E-03  5.307E-03  6.099E-03  8.009E-03  9.348E-03  1.146E-02  1.303E-02  1.564E-02  1.779E-02  2.167E-02  2.496E-02  2.940E-02  3.355E-02  3.842E-02  4.396E-02  5.053E-02  5.700E-02  6.478E-02  7.277E-02  8.168E-02  9.043E-02  9.902E-02  1.134E-01  1.264E-01  1.397E-01  1.532E-01  1.712E-01  1.864E-01  2.041E-01  2.257E-01  2.410E-01  2.653E-01  2.880E-01  3.116E-01  3.380E-01  3.613E-01  3.938E-01  4.236E-01  4.574E-01  4.848E-01  5.253E-01  5.541E-01  5.937E-01  6.380E-01  6.788E-01  7.230E-01  7.715E-01  8.147E-01  8.652E-01  9.139E-01  9.717E-01  1.025E+00  1.076E+00  1.146E+00  1.201E+00  1.269E+00  1.332E+00  1.401E+00  1.470E+00  1.547E+00  1.625E+00  1.700E+00  1.788E+00  1.863E+00  1.956E+00  2.046E+00  2.134E+00  2.226E+00  2.318E+00  2.423E+00  2.518E+00  2.624E+00  2.732E+00  2.839E+00  2.953E+00  3.073E+00  3.182E+00  3.295E+00  3.419E+00  3.532E+00  3.651E+00  3.791E+00  3.917E+00  4.030E+00  4.154E+00  4.290E+00  4.432E+00  4.546E+00  4.678E+00  4.802E+00  4.938E+00  5.071E+00  5.198E+00  5.337E+00  5.459E+00  5.585E+00  5.720E+00  5.841E+00  5.955E+00  6.075E+00  6.186E+00  6.298E+00  6.404E+00  6.520E+00  6.621E+00  6.711E+00  6.802E+00  6.870E+00  6.948E+00  7.017E+00  7.096E+00  7.152E+00  7.212E+00  7.246E+00  7.281E+00  7.312E+00  7.323E+00  7.343E+00  7.350E+00  7.337E+00  7.314E+00  7.289E+00  7.259E+00  7.194E+00  7.155E+00  7.082E+00  6.995E+00  6.907E+00  6.813E+00  6.710E+00  6.575E+00  6.451E+00  6.311E+00  6.166E+00  5.994E+00  5.835E+00  5.662E+00  5.485E+00  5.302E+00  5.111E+00  4.921E+00  4.732E+00  4.529E+00  4.321E+00  4.131E+00  3.928E+00  3.742E+00  3.548E+00  3.365E+00  3.171E+00  2.999E+00  2.830E+00  2.656E+00  2.494E+00  2.346E+00  2.196E+00  2.057E+00  1.927E+00  1.796E+00  1.683E+00  1.573E+00  1.469E+00  1.377E+00  1.290E+00  1.206E+00  1.128E+00  1.069E+00  1.002E+00  9.475E-01  8.954E-01  8.503E-01  8.070E-01  7.705E-01  7.359E-01  7.078E-01  6.787E-01  6.526E-01  6.319E-01  6.128E-01  5.959E-01  5.744E-01  5.576E-01  5.488E-01  5.340E-01  5.172E-01  5.045E-01  4.903E-01  4.748E-01  4.637E-01  4.480E-01  4.329E-01  4.198E-01  4.061E-01  3.888E-01  3.710E-01  3.523E-01  3.371E-01  3.146E-01  2.967E-01  2.743E-01  2.555E-01  2.353E-01  2.176E-01  1.953E-01  1.790E-01  1.595E-01  1.419E-01  1.271E-01  1.125E-01  9.857E-02  8.497E-02  3.455E-01  Z
 0.000E+00  0.000E+00  0.000E+00  0.000E+00  0.000E+00  0.000E+00  0.000E+00  0.000E+00  0.000E+00  0.000E+00  0.000E+00  0.000E+00  0.000E+00  0.000E+00  0.000E+00  0.000E+00  1.998E-05  0.000E+00  1.881E-05  3.725E-05  5.401E-05  1.052E-04  1.742E-05  1.663E-05  1.632E-05  1.449E-04  2.053E-04  4.361E-04  6.596E-04  6.445E-04  8.410E-04  9.871E-04  1.648E-03  1.808E-03  2.421E-03  2.768E-03  3.478E-03  3.856E-03  4.716E-03  6.383E-03  7.124E-03  8.740E-03  1.065E-02  1.254E-02  1.517E-02  1.781E-02  2.118E-02  2.349E-02  2.769E-02  3.136E-02  3.606E-02  4.284E-02  4.691E-02  5.634E-02  6.259E-02  6.777E-02  7.807E-02  8.668E-02  9.793E-02  1.124E-01  1.249E-01  1.365E-01  1.484E-01  1.667E-01  1.828E-01  2.010E-01  2.176E-01  2.404E-01  2.604E-01  2.841E-01  3.073E-01  3.331E-01  3.579E-01  3.877E-01  4.130E-01  4.470E-01  4.809E-01  5.174E-01  5.517E-01  5.900E-01  6.243E-01  6.630E-01  7.166E-01  7.628E-01  8.043E-01  8.514E-01  9.045E-01  9.573E-01  1.011E+00  1.070E+00  1.130E+00  1.198E+00  1.257E+00  1.327E+00  1.392E+00  1.465E+00  1.542E+00  1.615E+00  1.700E+00  1.782E+00  1.865E+00  1.952E+00  2.037E+00  2.127E+00  2.221E+00  2.323E+00  2.420E+00  2.527E+00  2.638E+00  2.745E+00  2.861E+00  2.964E+00  3.087E+00  3.194E+00  3.323E+00  3.449E+00  3.573E+00  3.700E+00  3.835E+00  3.951E+00  4.094E+00  4.224E+00  4.361E+00  4.503E+00  4.643E+00  4.786E+00  4.916E+00  5.069E+00  5.204E+00  5.335E+00  5.472E+00  5.618E+00  5.755E+00  5.902E+00  6.022E+00  6.174E+00  6.307E+00  6.416E+00  6.554E+00  6.669E+00  6.804E+00  6.915E+00  7.018E+00  7.129E+00  7.238E+00  7.325E+00  7.433E+00  7.516E+00  7.568E+00  7.644E+00  7.704E+00  7.773E+00  7.831E+00  7.864E+00  7.912E+00  7.936E+00  7.953E+00  7.944E+00  7.957E+00  7.946E+00  7.917E+00  7.876E+00  7.827E+00  7.797E+00  7.715E+00  7.638E+00  7.539E+00  7.451E+00  7.335E+00  7.221E+00  7.072E+00  6.932E+00  6.792E+00  6.635E+00  6.467E+00  6.280E+00  6.102E+00  5.916E+00  5.712E+00  5.507E+00  5.297E+00  5.098E+00  4.875E+00  4.659E+00  4.452E+00  4.253E+00  4.035E+00  3.838E+00  3.630E+00  3.440E+00  3.241E+00  3.062E+00  2.878E+00  2.696E+00  2.541E+00  2.385E+00  2.230E+00  2.091E+00  1.953E+00  1.837E+00  1.715E+00  1.602E+00  1.500E+00  1.401E+00  1.314E+00  1.238E+00  1.159E+00  1.096E+00  1.029E+00  9.742E-01  9.226E-01  8.771E-01  8.389E-01  8.037E-01  7.642E-01  7.377E-01  7.069E-01  6.847E-01  6.623E-01  6.378E-01  6.249E-01  6.022E-01  5.834E-01  5.726E-01  5.513E-01  5.375E-01  5.208E-01  5.068E-01  4.899E-01  4.744E-01  4.600E-01  4.440E-01  4.276E-01  4.078E-01  3.908E-01  3.720E-01  3.526E-01  3.303E-01  3.092E-01  2.861E-01  2.671E-01  2.450E-01  2.258E-01  2.029E-01  1.862E-01  1.654E-01  1.484E-01  1.326E-01  5.554E-01  Z
 0.000E+00  0.000E+00  0.000E+00  0.000E+00  0.000E+00  0.000E+00  0.000E+00  0.000E+00  0.000E+00  0.000E+00  0.000E+00  0.000E+00  0.000E+00  0.000E+00  0.000E+00  0.000E+00  0.000E+00  3.918E-05  0.000E+00  3.707E-05  1.797E-05  7.114E-05  6.923E-05  1.520E-04  2.309E-04  1.286E-04  1.269E-04  3.734E-04  5.522E-04  5.718E-04  7.531E-04  8.290E-04  1.201E-03  1.596E-03  1.991E-03  2.521E-03  3.314E-03  3.694E-03  4.435E-03  5.833E-03  6.594E-03  8.636E-03  9.738E-03  1.199E-02  1.469E-02  1.690E-02  1.991E-02  2.327E-02  2.609E-02  3.061E-02  3.658E-02  4.089E-02  4.671E-02  5.271E-02  5.956E-02  6.921E-02  7.640E-02  8.467E-02  9.471E-02  1.057E-01  1.198E-01  1.314E-01  1.458E-01  1.589E-01  1.760E-01  1.947E-01  2.120E-01  2.321E-01  2.531E-01  2.752E-01  2.987E-01  3.243E-01  3.486E-01  3.761E-01  4.038E-01  4.360E-01  4.666E-01  5.009E-01  5.364E-01  5.738E-01  6.145E-01  6.531E-01  6.975E-01  7.506E-01  7.865E-01  8.388E-01  8.912E-01  9.462E-01  1.001E+00  1.060E+00  1.116E+00  1.180E+00  1.245E+00  1.305E+00  1.381E+00  1.460E+00  1.532E+00  1.602E+00  1.677E+00  1.761E+00  1.852E+00  1.946E+00  2.030E+00  2.128E+00  2.219E+00  2.322E+00  2.433E+00  2.537E+00  2.644E+00  2.756E+00  2.868E+00  2.989E+00  3.110E+00  3.232E+00  3.349E+00  3.491E+00  3.612E+00  3.749E+00  3.892E+00  4.029E+00  4.174E+00  4.307E+00  4.463E+00  4.603E+00  4.747E+00  4.901E+00  5.059E+00  5.216E+00  5.369E+00  5.513E+00  5.664E+00  5.824E+00  5.974E+00  6.131E+00  6.284E+00  6.430E+00  6.587E+00  6.737E+00  6.883E+00  7.023E+00  7.187E+00  7.316E+00  7.441E+00  7.590E+00  7.692E+00  7.816E+00  7.929E+00  8.058E+00  8.155E+00  8.261E+00  8.349E+00  8.447E+00  8.520E+00  8.603E+00  8.660E+00  8.710E+00  8.760E+00  8.812E+00  8.842E+00  8.860E+00  8.872E+00  8.862E+00  8.868E+00  8.854E+00  8.820E+00  8.765E+00  8.709E+00  8.652E+00  8.572E+00  8.491E+00  8.382E+00  8.270E+00  8.143E+00  8.005E+00  7.872E+00  7.714E+00  7.546E+00  7.374E+00  7.170E+00  6.970E+00  6.776E+00  6.567E+00  6.344E+00  6.131E+00  5.906E+00  5.676E+00  5.440E+00  5.214E+00  4.989E+00  4.754E+00  4.525E+00  4.293E+00  4.071E+00  3.859E+00  3.653E+00  3.439E+00  3.243E+00  3.055E+00  2.869E+00  2.689E+00  2.523E+00  2.365E+00  2.215E+00  2.079E+00  1.944E+00  1.814E+00  1.705E+00  1.596E+00  1.489E+00  1.405E+00  1.320E+00  1.243E+00  1.172E+00  1.112E+00  1.050E+00  9.979E-01  9.480E-01  9.067E-01  8.676E-01  8.268E-01  7.956E-01  7.644E-01  7.372E-01  7.090E-01  6.952E-01  6.690E-01  6.467E-01  6.266E-01  6.071E-01  5.938E-01  5.718E-01  5.510E-01  5.358E-01  5.177E-01  5.010E-01  4.780E-01  4.677E-01  4.420E-01  4.200E-01  3.991E-01  3.789E-01  3.526E-01  3.322E-01  3.095E-01  2.867E-01  2.639E-01  2.407E-01  2.219E-01  1.015E+00  Z
 0.000E+00  0.000E+00  0.000E+00  0.000E+00  0.000E+00  0.000E+00  0.000E+00  0.000E+00  0.000E+00  0.000E+00  0.000E+00  0.000E+00  0.000E+00  0.000E+00  0.000E+00  0.000E+00  0.000E+00  0.000E+00  3.819E-05  0.000E+00  1.816E-05  3.505E-05  3.449E-05  1.010E-04  1.157E-04  1.949E-04  1.577E-04  2.346E-04  4.281E-04  5.411E-04  7.544E-04  7.560E-04  1.217E-03  1.368E-03  1.891E-03  2.274E-03  2.828E-03  3.706E-03  4.803E-03  5.145E-03  6.869E-03  7.473E-03  9.690E-03  1.171E-02  1.322E-02  1.578E-02  1.833E-02  2.197E-02  2.449E-02  3.010E-02  3.376E-02  3.897E-02  4.421E-02  4.921E-02  5.701E-02  6.546E-02  7.174E-02  8.211E-02  9.286E-02  1.009E-01  1.154E-01  1.251E-01  1.404E-01  1.543E-01  1.701E-01  1.836E-01  2.008E-01  2.233E-01  2.442E-01  2.655E-01  2.876E-01  3.103E-01  3.388E-01  3.634E-01  3.916E-01  4.249E-01  4.542E-01  4.918E-01  5.231E-01  5.577E-01  5.983E-01  6.388E-01  6.831E-01  7.246E-01  7.734E-01  8.232E-01  8.706E-01  9.211E-01  9.810E-01  1.039E+00  1.099E+00  1.157E+00  1.226E+00  1.291E+00  1.368E+00  1.435E+00  1.512E+00  1.597E+00  1.667E+00  1.749E+00  1.839E+00  1.936E+00  2.032E+00  2.117E+00  2.221E+00  2.322E+00  2.429E+00  2.547E+00  2.653E+00  2.772E+00  2.893E+00  3.010E+00  3.142E+00  3.256E+00  3.392E+00  3.543E+00  3.670E+00  3.818E+00  3.945E+00  4.098E+00  4.253E+00  4.409E+00  4.566E+00  4.740E+00  4.879E+00  5.056E+00  5.213E+00  5.391E+00  5.551E+00  5.729E+00  5.896E+00  6.058E+00  6.249E+00  6.417E+00  6.599E+00  6.757E+00  6.941E+00  7.110E+00  7.282E+00  7.453E+00  7.622E+00  7.785E+00  7.965E+00  8.122E+00  8.273E+00  8.441E+00  8.567E+00  8.725E+00  8.870E+00  9.009E+00  9.136E+00  9.276E+00  9.387E+00  9.480E+00  9.591E+00  9.718E+00  9.779E+00  9.856E+00  9.938E+00  1.001E+01  1.006E+01  1.009E+01  1.013E+01  1.016E+01  1.017E+01  1.018E+01  1.017E+01  1.015E+01  1.012E+01  1.007E+01  1.002E+01  9.954E+00  9.867E+00  9.787E+00  9.669E+00  9.572E+00  9.425E+00  9.288E+00  9.139E+00  8.946E+00  8.766E+00  8.602E+00  8.397E+00  8.183E+00  7.954E+00  7.725E+00  7.489E+00  7.252E+00  6.994E+00  6.753E+00  6.496E+00  6.242E+00  5.972E+00  5.715E+00  5.453E+00  5.193E+00  4.946E+00  4.688E+00  4.440E+00  4.206E+00  3.979E+00  3.748E+00  3.533E+00  3.326E+00  3.121E+00  2.933E+00  2.749E+00  2.580E+00  2.424E+00  2.263E+00  2.120E+00  1.988E+00  1.863E+00  1.750E+00  1.638E+00  1.546E+00  1.452E+00  1.371E+00  1.290E+00  1.222E+00  1.162E+00  1.104E+00  1.043E+00  9.989E-01  9.551E-01  9.194E-01  8.759E-01  8.458E-01  8.155E-01  7.866E-01  7.586E-01  7.310E-01  7.084E-01  6.830E-01  6.628E-01  6.400E-01  6.183E-01  5.978E-01  5.735E-01  5.524E-01  5.272E-01  5.070E-01  4.833E-01  4.639E-01  4.379E-01  4.128E-01  3.881E-01  3.639E-01  1.910E+00  Z
