nu_e
Z
Z
Z
Z
Z
Z
Z
Z
Z
Z
Z
Z
Z
Z
Z
Z
Z
Z
Z
Z
Z
Z
Z
Z
Z
 0.000E+00  0.000E+00  0.000E+00  0.000E+00  0.000E+00  0.000E+00  0.000E+00  0.000E+00  0.000E+00  0.000E+00  0.000E+00  0.000E+00  0.000E+00  0.000E+00  0.000E+00  0.000E+00  0.000E+00  0.000E+00  0.000E+00  0.000E+00  0.000E+00  0.000E+00  0.000E+00  0.000E+00  0.000E+00  6.410E-04  8.133E-03  1.958E-02  3.111E-02  4.286E-02  5.566E-02  6.722E-02  7.499E-02  8.697E-02  9.626E-02  1.049E-01  1.126E-01  1.134E-01  1.118E-01  1.078E-01  1.060E-01  1.045E-01  1.040E-01  1.024E-01  9.995E-02  9.881E-02  9.854E-02  9.658E-02  9.778E-02  1.002E-01  1.007E-01  1.007E-01  1.048E-01  1.073E-01  1.112E-01  1.154E-01  1.170E-01  1.247E-01  1.292E-01  1.332E-01  1.418E-01  1.466E-01  1.520E-01  1.567E-01  1.618E-01  1.698E-01  1.757E-01  1.815E-01  1.907E-01  2.043E-01  2.145E-01  2.350E-01  2.513E-01  2.697E-01  2.912E-01  3.175E-01  3.430E-01  3.728E-01  4.056E-01  4.374E-01  4.788E-01  5.181E-01  5.676E-01  6.166E-01  6.629E-01  7.224E-01  7.855E-01  8.501E-01  9.197E-01  9.973E-01  1.079E+00  1.167E+00  1.262E+00  1.370E+00  1.466E+00  1.580E+00  1.691E+00  1.820E+00  1.948E+00  2.075E+00  2.214E+00  2.358E+00  2.495E+00  2.644E+00  2.796E+00  2.956E+00  3.120E+00  3.291E+00  3.442E+00  3.620E+00  3.797E+00  3.961E+00  4.127E+00  4.305E+00  4.476E+00  4.660E+00  4.815E+00  4.993E+00  5.150E+00  5.315E+00  5.489E+00  5.630E+00  5.773E+00  5.915E+00  6.059E+00  6.184E+00  6.302E+00  6.410E+00  6.506E+00  6.611E+00  6.678E+00  6.748E+00  6.827E+00  6.857E+00  6.887E+00  6.907E+00  6.899E+00  6.892E+00  6.869E+00  6.818E+00  6.762E+00  6.696E+00  6.602E+00  6.514E+00  6.394E+00  6.270E+00  6.123E+00  5.974E+00  5.820E+00  5.661E+00  5.470E+00  5.281E+00  5.083E+00  4.904E+00  4.696E+00  4.486E+00  4.285E+00  4.070E+00  3.867E+00  3.662E+00  3.456E+00  3.247E+00  3.049E+00  2.862E+00  2.675E+00  2.492E+00  2.322E+00  2.152E+00  1.990E+00  1.842E+00  1.700E+00  1.573E+00  1.440E+00  1.322E+00  1.219E+00  1.118E+00  1.024E+00  9.346E-01  8.618E-01  7.944E-01  7.361E-01  6.789E-01  6.302E-01  5.882E-01  5.493E-01  5.165E-01  4.863E-01  4.660E-01  4.466E-01  4.344E-01  4.210E-01  4.160E-01  4.082E-01  4.061E-01  4.081E-01  4.045E-01  4.115E-01  4.111E-01  4.166E-01  4.221E-01  4.253E-01  4.255E-01  4.298E-01  4.285E-01  4.275E-01  4.260E-01  4.166E-01  4.110E-01  4.006E-01  3.902E-01  3.744E-01  3.594E-01  3.401E-01  3.206E-01  2.980E-01  2.763E-01  2.540E-01  2.306E-01  2.104E-01  1.892E-01  1.686E-01  1.493E-01  1.316E-01  1.139E-01  9.978E-02  8.756E-02  7.497E-02  6.310E-02  5.356E-02  4.513E-02  3.863E-02  3.214E-02  2.660E-02  2.179E-02  1.852E-02  1.557E-02  1.241E-02  1.065E-02  7.908E-03  6.357E-03  5.262E-03  4.345E-03  3.438E-03  2.578E-03  2.284E-03  1.795E-03  1.396E-03  1.016E-03  2.796E-03  Z
 0.000E+00  0.000E+00  0.000E+00  0.000E+00  0.000E+00  0.000E+00  0.000E+00  0.000E+00  0.000E+00  0.000E+00  0.000E+00  0.000E+00  0.000E+00  0.000E+00  0.000E+00  0.000E+00  0.000E+00  8.357E-04  4.669E-03  8.797E-03  1.341E-02  1.712E-02  2.312E-02  2.823E-02  3.188E-02  3.698E-02  4.121E-02  4.513E-02  4.779E-02  5.336E-02  5.375E-02  5.875E-02  6.113E-02  6.642E-02  6.727E-02  7.054E-02  7.232E-02  7.467E-02  7.761E-02  7.937E-02  8.327E-02  8.703E-02  8.906E-02  9.096E-02  9.359E-02  9.657E-02  9.868E-02  1.019E-01  1.074E-01  1.076E-01  1.094E-01  1.117E-01  1.104E-01  1.133E-01  1.176E-01  1.178E-01  1.241E-01  1.287E-01  1.309E-01  1.336E-01  1.390E-01  1.387E-01  1.497E-01  1.544E-01  1.627E-01  1.715E-01  1.773E-01  1.906E-01  2.058E-01  2.165E-01  2.312E-01  2.465E-01  2.643E-01  2.814E-01  3.044E-01  3.303E-01  3.525E-01  3.848E-01  4.172E-01  4.499E-01  4.863E-01  5.279E-01  5.689E-01  6.193E-01  6.767E-01  7.309E-01  7.934E-01  8.639E-01  9.244E-01  1.002E+00  1.077E+00  1.169E+00  1.252E+00  1.354E+00  1.451E+00  1.565E+00  1.670E+00  1.788E+00  1.905E+00  2.029E+00  2.157E+00  2.298E+00  2.438E+00  2.588E+00  2.730E+00  2.887E+00  3.042E+00  3.193E+00  3.363E+00  3.523E+00  3.685E+00  3.856E+00  4.013E+00  4.184E+00  4.359E+00  4.532E+00  4.695E+00  4.871E+00  5.021E+00  5.183E+00  5.342E+00  5.513E+00  5.658E+00  5.797E+00  5.925E+00  6.070E+00  6.204E+00  6.316E+00  6.420E+00  6.523E+00  6.607E+00  6.694E+00  6.772E+00  6.816E+00  6.868E+00  6.912E+00  6.919E+00  6.920E+00  6.926E+00  6.902E+00  6.858E+00  6.820E+00  6.740E+00  6.674E+00  6.571E+00  6.464E+00  6.345E+00  6.202E+00  6.067E+00  5.903E+00  5.749E+00  5.560E+00  5.378E+00  5.195E+00  4.998E+00  4.803E+00  4.596E+00  4.389E+00  4.169E+00  3.963E+00  3.759E+00  3.557E+00  3.358E+00  3.150E+00  2.965E+00  2.769E+00  2.585E+00  2.411E+00  2.243E+00  2.085E+00  1.923E+00  1.783E+00  1.647E+00  1.520E+00  1.394E+00  1.287E+00  1.175E+00  1.083E+00  9.927E-01  9.128E-01  8.434E-01  7.692E-01  7.203E-01  6.629E-01  6.216E-01  5.794E-01  5.470E-01  5.181E-01  4.919E-01  4.728E-01  4.532E-01  4.421E-01  4.293E-01  4.264E-01  4.207E-01  4.161E-01  4.169E-01  4.200E-01  4.210E-01  4.228E-01  4.256E-01  4.297E-01  4.310E-01  4.325E-01  4.302E-01  4.299E-01  4.272E-01  4.224E-01  4.154E-01  4.056E-01  3.942E-01  3.823E-01  3.598E-01  3.436E-01  3.267E-01  3.050E-01  2.832E-01  2.610E-01  2.385E-01  2.173E-01  1.965E-01  1.758E-01  1.559E-01  1.366E-01  1.204E-01  1.060E-01  9.126E-02  7.889E-02  6.714E-02  5.761E-02  4.926E-02  4.133E-02  3.493E-02  2.880E-02  2.451E-02  1.975E-02  1.653E-02  1.389E-02  1.082E-02  8.728E-03  7.535E-03  6.101E-03  4.715E-03  3.989E-03  3.207E-03  2.772E-03  2.170E-03  1.622E-03  4.096E-03  Z
 0.000E+00  0.000E+00  0.000E+00  0.000E+00  0.000E+00  0.000E+00  0.000E+00  0.000E+00  0.000E+00  0.000E+00  0.000E+00  3.838E-04  2.007E-03  4.578E-03  8.429E-03  1.079E-02  1.325E-02  1.625E-02  1.877E-02  2.457E-02  2.580E-02  2.833E-02  3.268E-02  3.501E-02  3.757E-02  4.048E-02  4.380E-02  4.546E-02  4.795E-02  5.151E-02  5.320E-02  5.372E-02  5.706E-02  6.033E-02  6.194E-02  6.293E-02  6.433E-02  6.616E-02  6.785E-02  7.160E-02  7.358E-02  7.487E-02  7.715E-02  8.047E-02  8.204E-02  8.490E-02  8.807E-02  8.943E-02  9.292E-02  9.624E-02  9.953E-02  1.023E-01  1.066E-01  1.119E-01  1.137E-01  1.189E-01  1.220E-01  1.279E-01  1.304E-01  1.367E-01  1.427E-01  1.479E-01  1.556E-01  1.589E-01  1.680E-01  1.774E-01  1.877E-01  1.978E-01  2.089E-01  2.217E-01  2.373E-01  2.548E-01  2.738E-01  2.958E-01  3.160E-01  3.399E-01  3.657E-01  3.930E-01  4.226E-01  4.613E-01  4.963E-01  5.380E-01  5.808E-01  6.290E-01  6.793E-01  7.331E-01  7.952E-01  8.571E-01  9.260E-01  9.972E-01  1.074E+00  1.155E+00  1.242E+00  1.336E+00  1.428E+00  1.531E+00  1.639E+00  1.748E+00  1.865E+00  1.984E+00  2.112E+00  2.247E+00  2.371E+00  2.514E+00  2.648E+00  2.792E+00  2.949E+00  3.098E+00  3.256E+00  3.413E+00  3.566E+00  3.738E+00  3.894E+00  4.063E+00  4.237E+00  4.394E+00  4.555E+00  4.721E+00  4.901E+00  5.056E+00  5.214E+00  5.376E+00  5.534E+00  5.676E+00  5.827E+00  5.963E+00  6.109E+00  6.239E+00  6.357E+00  6.471E+00  6.591E+00  6.677E+00  6.781E+00  6.843E+00  6.918E+00  6.983E+00  7.036E+00  7.065E+00  7.089E+00  7.102E+00  7.091E+00  7.069E+00  7.050E+00  7.014E+00  6.940E+00  6.851E+00  6.767E+00  6.670E+00  6.548E+00  6.428E+00  6.275E+00  6.138E+00  5.967E+00  5.795E+00  5.605E+00  5.418E+00  5.210E+00  5.018E+00  4.806E+00  4.602E+00  4.388E+00  4.184E+00  3.972E+00  3.759E+00  3.547E+00  3.342E+00  3.144E+00  2.949E+00  2.753E+00  2.568E+00  2.396E+00  2.229E+00  2.072E+00  1.918E+00  1.769E+00  1.633E+00  1.510E+00  1.391E+00  1.283E+00  1.181E+00  1.084E+00  9.997E-01  9.231E-01  8.508E-01  7.895E-01  7.303E-01  6.852E-01  6.407E-01  5.952E-01  5.720E-01  5.393E-01  5.190E-01  4.976E-01  4.837E-01  4.703E-01  4.597E-01  4.578E-01  4.511E-01  4.458E-01  4.461E-01  4.447E-01  4.475E-01  4.446E-01  4.475E-01  4.490E-01  4.450E-01  4.474E-01  4.436E-01  4.384E-01  4.371E-01  4.268E-01  4.172E-01  4.054E-01  3.932E-01  3.770E-01  3.598E-01  3.372E-01  3.145E-01  2.962E-01  2.741E-01  2.504E-01  2.305E-01  2.074E-01  1.875E-01  1.664E-01  1.469E-01  1.293E-01  1.136E-01  9.963E-02  8.402E-02  7.209E-02  6.347E-02  5.339E-02  4.514E-02  3.758E-02  3.227E-02  2.669E-02  2.285E-02  1.831E-02  1.582E-02  1.203E-02  1.060E-02  8.608E-03  6.776E-03  5.608E-03  4.417E-03  3.504E-03  2.632E-03  8.418E-03  Z
 0.000E+00  0.000E+00  0.000E+00  0.000E+00  0.000E+00  0.000E+00  3.184E-05  5.063E-04  1.736E-03  2.676E-03  5.371E-03  7.371E-03  8.844E-03  1.210E-02  1.471E-02  1.648E-02  1.990E-02  2.172E-02  2.438E-02  2.705E-02  2.957E-02  3.058E-02  3.274E-02  3.724E-02  3.891E-02  4.080E-02  4.269E-02  4.461E-02  4.647E-02  4.778E-02  5.038E-02  5.304E-02  5.427E-02  5.565E-02  5.789E-02  6.044E-02  6.165E-02  6.254E-02  6.495E-02  6.679E-02  6.862E-02  7.267E-02  7.271E-02  7.384E-02  7.625E-02  7.883E-02  8.275E-02  8.584E-02  8.769E-02  9.080E-02  9.191E-02  9.802E-02  1.018E-01  1.037E-01  1.097E-01  1.090E-01  1.165E-01  1.189E-01  1.276E-01  1.324E-01  1.359E-01  1.434E-01  1.523E-01  1.590E-01  1.632E-01  1.772E-01  1.862E-01  1.980E-01  2.098E-01  2.259E-01  2.401E-01  2.583E-01  2.749E-01  2.962E-01  3.226E-01  3.444E-01  3.669E-01  4.008E-01  4.302E-01  4.599E-01  4.986E-01  5.408E-01  5.851E-01  6.295E-01  6.791E-01  7.359E-01  7.884E-01  8.566E-01  9.196E-01  9.912E-01  1.070E+00  1.146E+00  1.223E+00  1.316E+00  1.409E+00  1.512E+00  1.605E+00  1.721E+00  1.831E+00  1.940E+00  2.070E+00  2.191E+00  2.320E+00  2.445E+00  2.588E+00  2.739E+00  2.876E+00  3.026E+00  3.188E+00  3.322E+00  3.487E+00  3.650E+00  3.810E+00  3.972E+00  4.143E+00  4.313E+00  4.470E+00  4.644E+00  4.800E+00  4.963E+00  5.135E+00  5.297E+00  5.457E+00  5.625E+00  5.779E+00  5.923E+00  6.085E+00  6.224E+00  6.357E+00  6.489E+00  6.609E+00  6.725E+00  6.847E+00  6.956E+00  7.045E+00  7.134E+00  7.216E+00  7.284E+00  7.341E+00  7.384E+00  7.427E+00  7.441E+00  7.453E+00  7.453E+00  7.444E+00  7.413E+00  7.355E+00  7.313E+00  7.241E+00  7.154E+00  7.052E+00  6.928E+00  6.807E+00  6.678E+00  6.512E+00  6.356E+00  6.174E+00  5.987E+00  5.805E+00  5.605E+00  5.395E+00  5.181E+00  4.963E+00  4.751E+00  4.532E+00  4.312E+00  4.092E+00  3.874E+00  3.665E+00  3.454E+00  3.237E+00  3.037E+00  2.851E+00  2.664E+00  2.485E+00  2.313E+00  2.148E+00  1.997E+00  1.845E+00  1.715E+00  1.575E+00  1.459E+00  1.349E+00  1.245E+00  1.153E+00  1.064E+00  9.885E-01  9.150E-01  8.561E-01  7.966E-01  7.446E-01  7.012E-01  6.656E-01  6.314E-01  6.046E-01  5.777E-01  5.595E-01  5.430E-01  5.281E-01  5.206E-01  5.104E-01  5.020E-01  5.007E-01  4.926E-01  4.890E-01  4.883E-01  4.865E-01  4.802E-01  4.764E-01  4.736E-01  4.694E-01  4.629E-01  4.552E-01  4.494E-01  4.414E-01  4.240E-01  4.124E-01  3.982E-01  3.771E-01  3.584E-01  3.378E-01  3.175E-01  2.933E-01  2.704E-01  2.488E-01  2.247E-01  2.012E-01  1.807E-01  1.613E-01  1.429E-01  1.247E-01  1.097E-01  9.538E-02  8.371E-02  7.041E-02  6.157E-02  5.111E-02  4.406E-02  3.740E-02  3.143E-02  2.644E-02  2.110E-02  1.852E-02  1.551E-02  1.230E-02  1.047E-02  8.525E-03  6.721E-03  2.041E-02  Z
 0.000E+00  0.000E+00  0.000E+00  0.000E+00  1.533E-04  6.961E-04  1.409E-03  2.445E-03  3.727E-03  4.795E-03  6.983E-03  9.302E-03  1.077E-02  1.415E-02  1.524E-02  1.868E-02  1.999E-02  2.151E-02  2.460E-02  2.564E-02  3.004E-02  3.132E-02  3.273E-02  3.550E-02  3.634E-02  3.987E-02  4.217E-02  4.252E-02  4.492E-02  4.810E-02  4.885E-02  5.026E-02  5.261E-02  5.379E-02  5.444E-02  5.722E-02  5.749E-02  6.049E-02  6.161E-02  6.429E-02  6.698E-02  6.765E-02  6.944E-02  7.222E-02  7.555E-02  7.497E-02  8.085E-02  8.279E-02  8.502E-02  8.717E-02  9.120E-02  9.517E-02  9.765E-02  1.022E-01  1.074E-01  1.103E-01  1.115E-01  1.167E-01  1.209E-01  1.258E-01  1.321E-01  1.376E-01  1.469E-01  1.550E-01  1.621E-01  1.723E-01  1.830E-01  1.944E-01  2.098E-01  2.204E-01  2.334E-01  2.527E-01  2.718E-01  2.941E-01  3.147E-01  3.399E-01  3.626E-01  3.926E-01  4.240E-01  4.545E-01  4.982E-01  5.349E-01  5.755E-01  6.283E-01  6.775E-01  7.279E-01  7.855E-01  8.428E-01  9.102E-01  9.837E-01  1.054E+00  1.131E+00  1.214E+00  1.300E+00  1.394E+00  1.486E+00  1.592E+00  1.690E+00  1.806E+00  1.923E+00  2.032E+00  2.165E+00  2.288E+00  2.428E+00  2.560E+00  2.710E+00  2.853E+00  2.999E+00  3.153E+00  3.298E+00  3.459E+00  3.618E+00  3.797E+00  3.950E+00  4.121E+00  4.283E+00  4.468E+00  4.625E+00  4.806E+00  4.985E+00  5.138E+00  5.311E+00  5.484E+00  5.644E+00  5.813E+00  5.974E+00  6.139E+00  6.295E+00  6.448E+00  6.600E+00  6.744E+00  6.884E+00  7.008E+00  7.136E+00  7.240E+00  7.370E+00  7.451E+00  7.559E+00  7.639E+00  7.704E+00  7.785E+00  7.838E+00  7.888E+00  7.915E+00  7.930E+00  7.947E+00  7.954E+00  7.935E+00  7.910E+00  7.866E+00  7.789E+00  7.728E+00  7.635E+00  7.539E+00  7.427E+00  7.299E+00  7.156E+00  7.003E+00  6.846E+00  6.668E+00  6.480E+00  6.292E+00  6.090E+00  5.878E+00  5.655E+00  5.437E+00  5.197E+00  4.985E+00  4.756E+00  4.517E+00  4.297E+00  4.074E+00  3.850E+00  3.625E+00  3.415E+00  3.216E+00  3.011E+00  2.812E+00  2.624E+00  2.456E+00  2.279E+00  2.129E+00  1.971E+00  1.822E+00  1.691E+00  1.571E+00  1.453E+00  1.353E+00  1.254E+00  1.161E+00  1.080E+00  1.009E+00  9.422E-01  8.857E-01  8.340E-01  7.861E-01  7.500E-01  7.162E-01  6.836E-01  6.593E-01  6.369E-01  6.129E-01  6.010E-01  5.861E-01  5.756E-01  5.638E-01  5.557E-01  5.417E-01  5.425E-01  5.309E-01  5.257E-01  5.179E-01  5.105E-01  5.067E-01  4.942E-01  4.854E-01  4.797E-01  4.655E-01  4.526E-01  4.391E-01  4.239E-01  4.057E-01  3.847E-01  3.667E-01  3.420E-01  3.198E-01  2.962E-01  2.736E-01  2.483E-01  2.260E-01  2.014E-01  1.805E-01  1.627E-01  1.416E-01  1.246E-01  1.099E-01  9.516E-02  8.257E-02  7.082E-02  6.024E-02  5.160E-02  4.502E-02  3.696E-02  3.202E-02  2.708E-02  2.228E-02  1.868E-02  1.564E-02  5.127E-02  Z
 0.000E+00  0.000E+00  0.000E+00  4.363E-05  6.549E-04  8.017E-04  2.660E-03  2.984E-03  3.756E-03  5.645E-03  6.959E-03  9.061E-03  1.117E-02  1.259E-02  1.601E-02  1.717E-02  1.983E-02  2.160E-02  2.412E-02  2.514E-02  2.735E-02  2.936E-02  3.124E-02  3.410E-02  3.573E-02  3.755E-02  3.951E-02  4.247E-02  4.506E-02  4.579E-02  4.785E-02  4.680E-02  5.089E-02  5.374E-02  5.182E-02  5.625E-02  5.738E-02  5.782E-02  5.937E-02  6.139E-02  6.509E-02  6.545E-02  6.808E-02  7.001E-02  7.297E-02  7.464E-02  7.544E-02  7.982E-02  8.023E-02  8.574E-02  8.774E-02  9.166E-02  9.385E-02  9.833E-02  1.009E-01  1.071E-01  1.095E-01  1.137E-01  1.200E-01  1.222E-01  1.299E-01  1.348E-01  1.419E-01  1.513E-01  1.575E-01  1.667E-01  1.799E-01  1.867E-01  2.006E-01  2.155E-01  2.320E-01  2.475E-01  2.656E-01  2.859E-01  3.085E-01  3.289E-01  3.576E-01  3.839E-01  4.160E-01  4.484E-01  4.859E-01  5.236E-01  5.650E-01  6.120E-01  6.598E-01  7.115E-01  7.610E-01  8.335E-01  8.901E-01  9.609E-01  1.039E+00  1.116E+00  1.197E+00  1.282E+00  1.370E+00  1.464E+00  1.572E+00  1.667E+00  1.786E+00  1.903E+00  2.018E+00  2.148E+00  2.268E+00  2.407E+00  2.539E+00  2.676E+00  2.832E+00  2.981E+00  3.135E+00  3.295E+00  3.448E+00  3.617E+00  3.781E+00  3.949E+00  4.128E+00  4.305E+00  4.471E+00  4.663E+00  4.839E+00  5.004E+00  5.201E+00  5.373E+00  5.558E+00  5.735E+00  5.921E+00  6.089E+00  6.270E+00  6.442E+00  6.607E+00  6.758E+00  6.927E+00  7.067E+00  7.238E+00  7.381E+00  7.507E+00  7.644E+00  7.770E+00  7.890E+00  7.998E+00  8.111E+00  8.202E+00  8.283E+00  8.353E+00  8.407E+00  8.477E+00  8.526E+00  8.558E+00  8.593E+00  8.589E+00  8.593E+00  8.561E+00  8.541E+00  8.507E+00  8.448E+00  8.378E+00  8.296E+00  8.217E+00  8.092E+00  7.982E+00  7.832E+00  7.683E+00  7.518E+00  7.350E+00  7.166E+00  6.972E+00  6.765E+00  6.547E+00  6.324E+00  6.097E+00  5.866E+00  5.641E+00  5.389E+00  5.155E+00  4.911E+00  4.671E+00  4.437E+00  4.193E+00  3.972E+00  3.735E+00  3.520E+00  3.303E+00  3.105E+00  2.901E+00  2.717E+00  2.531E+00  2.361E+00  2.194E+00  2.053E+00  1.909E+00  1.774E+00  1.648E+00  1.531E+00  1.432E+00  1.329E+00  1.245E+00  1.165E+00  1.091E+00  1.031E+00  9.685E-01  9.146E-01  8.719E-01  8.322E-01  7.895E-01  7.638E-01  7.352E-01  7.110E-01  6.921E-01  6.667E-01  6.539E-01  6.391E-01  6.224E-01  6.092E-01  5.971E-01  5.872E-01  5.753E-01  5.644E-01  5.556E-01  5.410E-01  5.315E-01  5.157E-01  5.038E-01  4.871E-01  4.734E-01  4.595E-01  4.445E-01  4.225E-01  4.042E-01  3.833E-01  3.615E-01  3.338E-01  3.125E-01  2.879E-01  2.633E-01  2.387E-01  2.129E-01  1.918E-01  1.712E-01  1.515E-01  1.334E-01  1.165E-01  1.035E-01  8.823E-02  7.702E-02  6.604E-02  5.714E-02  4.803E-02  4.160E-02  3.444E-02  1.236E-01  Z
 0.000E+00  0.000E+00  5.181E-05  4.810E-04  5.779E-04  1.428E-03  1.827E-03  2.984E-03  4.345E-03  5.622E-03  7.215E-03  8.217E-03  1.149E-02  1.217E-02  1.507E-02  1.655E-02  1.907E-02  1.967E-02  2.332E-02  2.503E-02  2.758E-02  3.001E-02  2.976E-02  3.206E-02  3.467E-02  3.682E-02  3.872E-02  4.051E-02  4.306E-02  4.400E-02  4.518E-02  4.648E-02  4.788E-02  4.943E-02  5.229E-02  5.369E-02  5.697E-02  5.688E-02  5.935E-02  6.061E-02  6.279E-02  6.587E-02  6.621E-02  6.923E-02  7.027E-02  7.227E-02  7.631E-02  7.828E-02  8.121E-02  8.293E-02  8.732E-02  9.005E-02  9.367E-02  9.637E-02  1.018E-01  1.045E-01  1.062E-01  1.105E-01  1.175E-01  1.197E-01  1.267E-01  1.321E-01  1.399E-01  1.483E-01  1.564E-01  1.656E-01  1.723E-01  1.871E-01  1.991E-01  2.124E-01  2.286E-01  2.445E-01  2.629E-01  2.796E-01  3.003E-01  3.248E-01  3.485E-01  3.781E-01  4.085E-01  4.435E-01  4.800E-01  5.157E-01  5.599E-01  6.031E-01  6.499E-01  7.050E-01  7.584E-01  8.199E-01  8.825E-01  9.501E-01  1.018E+00  1.102E+00  1.178E+00  1.273E+00  1.357E+00  1.453E+00  1.553E+00  1.665E+00  1.768E+00  1.882E+00  1.998E+00  2.122E+00  2.256E+00  2.402E+00  2.533E+00  2.667E+00  2.821E+00  2.968E+00  3.118E+00  3.287E+00  3.450E+00  3.610E+00  3.793E+00  3.954E+00  4.135E+00  4.313E+00  4.491E+00  4.680E+00  4.874E+00  5.045E+00  5.243E+00  5.419E+00  5.607E+00  5.806E+00  5.980E+00  6.167E+00  6.348E+00  6.523E+00  6.709E+00  6.894E+00  7.054E+00  7.217E+00  7.376E+00  7.543E+00  7.699E+00  7.848E+00  7.986E+00  8.112E+00  8.240E+00  8.368E+00  8.479E+00  8.574E+00  8.667E+00  8.755E+00  8.811E+00  8.890E+00  8.950E+00  8.989E+00  9.036E+00  9.054E+00  9.049E+00  9.053E+00  9.031E+00  9.003E+00  8.967E+00  8.917E+00  8.857E+00  8.765E+00  8.683E+00  8.577E+00  8.468E+00  8.309E+00  8.175E+00  8.031E+00  7.856E+00  7.668E+00  7.482E+00  7.265E+00  7.050E+00  6.838E+00  6.608E+00  6.365E+00  6.139E+00  5.883E+00  5.652E+00  5.397E+00  5.141E+00  4.892E+00  4.650E+00  4.397E+00  4.179E+00  3.945E+00  3.711E+00  3.492E+00  3.276E+00  3.072E+00  2.878E+00  2.692E+00  2.508E+00  2.339E+00  2.186E+00  2.036E+00  1.899E+00  1.772E+00  1.646E+00  1.539E+00  1.444E+00  1.351E+00  1.263E+00  1.192E+00  1.117E+00  1.055E+00  1.003E+00  9.536E-01  9.020E-01  8.676E-01  8.322E-01  8.009E-01  7.747E-01  7.466E-01  7.233E-01  7.003E-01  6.837E-01  6.672E-01  6.494E-01  6.342E-01  6.174E-01  6.037E-01  5.915E-01  5.790E-01  5.633E-01  5.487E-01  5.377E-01  5.191E-01  5.050E-01  4.908E-01  4.738E-01  4.548E-01  4.314E-01  4.126E-01  3.950E-01  3.652E-01  3.426E-01  3.168E-01  2.920E-01  2.668E-01  2.416E-01  2.193E-01  1.982E-01  1.753E-01  1.568E-01  1.370E-01  1.194E-01  1.047E-01  9.028E-02  7.769E-02  6.803E-02  5.702E-02  2.155E-01  Z
 0.000E+00  0.000E+00  5.191E-05  2.621E-04  5.401E-04  1.220E-03  2.117E-03  2.657E-03  4.209E-03  4.851E-03  6.479E-03  8.337E-03  1.029E-02  1.188E-02  1.345E-02  1.545E-02  1.771E-02  1.948E-02  2.103E-02  2.238E-02  2.551E-02  2.675E-02  2.904E-02  3.155E-02  3.436E-02  3.433E-02  3.880E-02  3.988E-02  3.977E-02  4.103E-02  4.232E-02  4.544E-02  4.824E-02  4.897E-02  5.110E-02  5.255E-02  5.446E-02  5.623E-02  5.627E-02  5.808E-02  6.209E-02  6.393E-02  6.510E-02  6.756E-02  6.928E-02  7.285E-02  7.346E-02  7.772E-02  7.863E-02  8.164E-02  8.505E-02  8.799E-02  9.095E-02  9.232E-02  9.859E-02  1.013E-01  1.058E-01  1.108E-01  1.145E-01  1.177E-01  1.241E-01  1.309E-01  1.379E-01  1.464E-01  1.543E-01  1.627E-01  1.723E-01  1.832E-01  1.950E-01  2.076E-01  2.219E-01  2.374E-01  2.556E-01  2.736E-01  2.980E-01  3.144E-01  3.431E-01  3.736E-01  3.996E-01  4.358E-01  4.670E-01  5.071E-01  5.497E-01  5.894E-01  6.368E-01  6.894E-01  7.395E-01  7.989E-01  8.635E-01  9.310E-01  1.007E+00  1.080E+00  1.157E+00  1.256E+00  1.341E+00  1.433E+00  1.534E+00  1.635E+00  1.746E+00  1.864E+00  1.976E+00  2.108E+00  2.233E+00  2.374E+00  2.516E+00  2.657E+00  2.803E+00  2.961E+00  3.122E+00  3.276E+00  3.453E+00  3.623E+00  3.795E+00  3.981E+00  4.162E+00  4.333E+00  4.529E+00  4.711E+00  4.911E+00  5.098E+00  5.289E+00  5.492E+00  5.689E+00  5.891E+00  6.076E+00  6.281E+00  6.470E+00  6.667E+00  6.869E+00  7.035E+00  7.242E+00  7.426E+00  7.611E+00  7.773E+00  7.947E+00  8.123E+00  8.278E+00  8.434E+00  8.586E+00  8.726E+00  8.861E+00  9.006E+00  9.118E+00  9.213E+00  9.319E+00  9.417E+00  9.484E+00  9.572E+00  9.629E+00  9.683E+00  9.721E+00  9.760E+00  9.768E+00  9.774E+00  9.784E+00  9.758E+00  9.735E+00  9.677E+00  9.634E+00  9.557E+00  9.480E+00  9.378E+00  9.299E+00  9.157E+00  9.036E+00  8.899E+00  8.728E+00  8.582E+00  8.389E+00  8.207E+00  7.994E+00  7.775E+00  7.565E+00  7.325E+00  7.098E+00  6.853E+00  6.589E+00  6.334E+00  6.073E+00  5.816E+00  5.566E+00  5.310E+00  5.034E+00  4.776E+00  4.534E+00  4.285E+00  4.048E+00  3.813E+00  3.584E+00  3.373E+00  3.169E+00  2.968E+00  2.781E+00  2.596E+00  2.437E+00  2.267E+00  2.120E+00  1.983E+00  1.855E+00  1.740E+00  1.622E+00  1.520E+00  1.435E+00  1.349E+00  1.268E+00  1.199E+00  1.134E+00  1.077E+00  1.026E+00  9.787E-01  9.336E-01  8.976E-01  8.624E-01  8.318E-01  8.030E-01  7.753E-01  7.515E-01  7.270E-01  7.052E-01  6.884E-01  6.678E-01  6.494E-01  6.335E-01  6.183E-01  5.957E-01  5.837E-01  5.652E-01  5.466E-01  5.323E-01  5.130E-01  4.919E-01  4.745E-01  4.549E-01  4.323E-01  4.118E-01  3.864E-01  3.577E-01  3.329E-01  3.059E-01  2.797E-01  2.546E-01  2.290E-01  2.077E-01  1.845E-01  1.631E-01  1.435E-01  1.281E-01  1.106E-01  4.367E-01  Z
 0.000E+00  0.000E+00  5.157E-05  2.627E-04  3.851E-04  1.219E-03  1.731E-03  3.522E-03  3.531E-03  4.852E-03  6.610E-03  7.669E-03  9.330E-03  1.148E-02  1.281E-02  1.567E-02  1.719E-02  1.987E-02  2.054E-02  2.194E-02  2.439E-02  2.700E-02  2.754E-02  3.105E-02  3.369E-02  3.490E-02  3.639E-02  3.767E-02  3.938E-02  4.074E-02  4.168E-02  4.522E-02  4.617E-02  4.885E-02  4.755E-02  5.155E-02  5.217E-02  5.536E-02  5.458E-02  5.823E-02  6.070E-02  6.139E-02  6.439E-02  6.548E-02  6.852E-02  7.146E-02  7.188E-02  7.529E-02  8.084E-02  8.155E-02  8.361E-02  8.855E-02  9.163E-02  9.334E-02  9.514E-02  1.005E-01  1.034E-01  1.092E-01  1.133E-01  1.170E-01  1.228E-01  1.278E-01  1.343E-01  1.427E-01  1.515E-01  1.597E-01  1.686E-01  1.802E-01  1.915E-01  2.081E-01  2.184E-01  2.307E-01  2.512E-01  2.729E-01  2.900E-01  3.114E-01  3.387E-01  3.659E-01  3.932E-01  4.224E-01  4.611E-01  4.987E-01  5.381E-01  5.802E-01  6.280E-01  6.793E-01  7.358E-01  7.973E-01  8.574E-01  9.227E-01  9.952E-01  1.065E+00  1.146E+00  1.233E+00  1.320E+00  1.415E+00  1.524E+00  1.624E+00  1.737E+00  1.849E+00  1.968E+00  2.099E+00  2.221E+00  2.356E+00  2.498E+00  2.648E+00  2.797E+00  2.956E+00  3.106E+00  3.275E+00  3.451E+00  3.619E+00  3.795E+00  3.971E+00  4.164E+00  4.354E+00  4.523E+00  4.743E+00  4.932E+00  5.124E+00  5.331E+00  5.521E+00  5.741E+00  5.952E+00  6.152E+00  6.343E+00  6.553E+00  6.767E+00  6.956E+00  7.164E+00  7.355E+00  7.553E+00  7.743E+00  7.943E+00  8.113E+00  8.296E+00  8.480E+00  8.652E+00  8.816E+00  8.981E+00  9.136E+00  9.278E+00  9.404E+00  9.543E+00  9.663E+00  9.769E+00  9.870E+00  9.971E+00  1.006E+01  1.013E+01  1.019E+01  1.023E+01  1.026E+01  1.030E+01  1.033E+01  1.032E+01  1.033E+01  1.030E+01  1.025E+01  1.023E+01  1.017E+01  1.011E+01  1.004E+01  9.934E+00  9.826E+00  9.705E+00  9.602E+00  9.440E+00  9.292E+00  9.136E+00  8.952E+00  8.769E+00  8.552E+00  8.346E+00  8.127E+00  7.891E+00  7.648E+00  7.418E+00  7.142E+00  6.896E+00  6.635E+00  6.363E+00  6.100E+00  5.823E+00  5.556E+00  5.290E+00  5.039E+00  4.766E+00  4.523E+00  4.283E+00  4.034E+00  3.793E+00  3.577E+00  3.344E+00  3.145E+00  2.956E+00  2.765E+00  2.588E+00  2.423E+00  2.273E+00  2.122E+00  1.988E+00  1.864E+00  1.742E+00  1.634E+00  1.539E+00  1.450E+00  1.368E+00  1.287E+00  1.219E+00  1.151E+00  1.102E+00  1.050E+00  1.001E+00  9.586E-01  9.189E-01  8.809E-01  8.536E-01  8.227E-01  7.946E-01  7.667E-01  7.423E-01  7.194E-01  7.029E-01  6.806E-01  6.564E-01  6.393E-01  6.253E-01  6.039E-01  5.831E-01  5.624E-01  5.470E-01  5.272E-01  5.062E-01  4.853E-01  4.656E-01  4.445E-01  4.172E-01  3.924E-01  3.670E-01  3.410E-01  3.111E-01  2.849E-01  2.588E-01  2.357E-01  2.105E-01  1.873E-01  1.658E-01  6.889E-01  Z
 0.000E+00  0.000E+00  0.000E+00  2.616E-04  6.168E-04  1.080E-03  1.410E-03  2.866E-03  3.644E-03  4.906E-03  5.851E-03  6.869E-03  8.505E-03  1.081E-02  1.150E-02  1.324E-02  1.556E-02  1.668E-02  1.974E-02  2.066E-02  2.306E-02  2.364E-02  2.769E-02  2.858E-02  3.103E-02  3.278E-02  3.508E-02  3.664E-02  3.767E-02  4.050E-02  4.189E-02  4.360E-02  4.484E-02  4.627E-02  4.658E-02  5.116E-02  5.190E-02  5.369E-02  5.541E-02  5.744E-02  5.770E-02  6.184E-02  6.329E-02  6.351E-02  6.744E-02  7.078E-02  7.247E-02  7.242E-02  7.759E-02  8.130E-02  8.272E-02  8.642E-02  8.886E-02  9.026E-02  9.502E-02  9.937E-02  1.030E-01  1.047E-01  1.113E-01  1.161E-01  1.205E-01  1.266E-01  1.336E-01  1.406E-01  1.476E-01  1.555E-01  1.666E-01  1.761E-01  1.863E-01  2.002E-01  2.139E-01  2.301E-01  2.448E-01  2.634E-01  2.852E-01  3.037E-01  3.309E-01  3.590E-01  3.911E-01  4.166E-01  4.476E-01  4.879E-01  5.285E-01  5.675E-01  6.157E-01  6.689E-01  7.236E-01  7.790E-01  8.395E-01  9.088E-01  9.781E-01  1.055E+00  1.133E+00  1.222E+00  1.311E+00  1.395E+00  1.500E+00  1.605E+00  1.720E+00  1.831E+00  1.948E+00  2.072E+00  2.209E+00  2.340E+00  2.489E+00  2.632E+00  2.777E+00  2.942E+00  3.104E+00  3.271E+00  3.446E+00  3.620E+00  3.805E+00  3.988E+00  4.180E+00  4.361E+00  4.565E+00  4.763E+00  4.977E+00  5.171E+00  5.396E+00  5.586E+00  5.799E+00  6.017E+00  6.230E+00  6.444E+00  6.670E+00  6.883E+00  7.094E+00  7.306E+00  7.514E+00  7.720E+00  7.942E+00  8.150E+00  8.347E+00  8.558E+00  8.748E+00  8.946E+00  9.134E+00  9.313E+00  9.483E+00  9.651E+00  9.827E+00  9.967E+00  1.011E+01  1.026E+01  1.039E+01  1.050E+01  1.062E+01  1.071E+01  1.079E+01  1.089E+01  1.095E+01  1.100E+01  1.106E+01  1.110E+01  1.115E+01  1.114E+01  1.115E+01  1.115E+01  1.112E+01  1.110E+01  1.103E+01  1.098E+01  1.093E+01  1.084E+01  1.074E+01  1.064E+01  1.052E+01  1.040E+01  1.025E+01  1.013E+01  9.945E+00  9.761E+00  9.570E+00  9.363E+00  9.160E+00  8.947E+00  8.713E+00  8.462E+00  8.211E+00  7.958E+00  7.695E+00  7.423E+00  7.140E+00  6.859E+00  6.595E+00  6.302E+00  6.016E+00  5.744E+00  5.463E+00  5.200E+00  4.930E+00  4.675E+00  4.403E+00  4.165E+00  3.930E+00  3.691E+00  3.472E+00  3.264E+00  3.057E+00  2.872E+00  2.688E+00  2.516E+00  2.362E+00  2.211E+00  2.070E+00  1.946E+00  1.829E+00  1.708E+00  1.614E+00  1.516E+00  1.433E+00  1.356E+00  1.281E+00  1.213E+00  1.154E+00  1.097E+00  1.053E+00  1.003E+00  9.616E-01  9.264E-01  8.854E-01  8.551E-01  8.251E-01  7.988E-01  7.732E-01  7.443E-01  7.240E-01  7.034E-01  6.785E-01  6.572E-01  6.365E-01  6.132E-01  5.973E-01  5.722E-01  5.511E-01  5.317E-01  5.066E-01  4.868E-01  4.581E-01  4.377E-01  4.121E-01  3.850E-01  3.540E-01  3.274E-01  3.019E-01  2.722E-01  1.240E+00  Z
 0.000E+00  0.000E+00  1.556E-04  1.747E-04  8.467E-04  7.315E-04  9.289E-04  2.060E-03  2.806E-03  4.774E-03  5.396E-03  6.843E-03  8.114E-03  1.035E-02  1.139E-02  1.388E-02  1.450E-02  1.721E-02  1.861E-02  1.950E-02  2.221E-02  2.342E-02  2.546E-02  2.770E-02  2.863E-02  3.183E-02  3.373E-02  3.438E-02  3.691E-02  3.707E-02  4.045E-02  4.255E-02  4.366E-02  4.439E-02  4.843E-02  4.810E-02  5.051E-02  5.241E-02  5.395E-02  5.500E-02  5.707E-02  5.914E-02  6.235E-02  6.370E-02  6.422E-02  6.788E-02  6.983E-02  7.122E-02  7.586E-02  7.729E-02  8.102E-02  8.250E-02  8.525E-02  9.035E-02  9.254E-02  9.580E-02  1.000E-01  1.025E-01  1.074E-01  1.129E-01  1.185E-01  1.237E-01  1.303E-01  1.369E-01  1.464E-01  1.534E-01  1.619E-01  1.727E-01  1.820E-01  1.948E-01  2.097E-01  2.260E-01  2.381E-01  2.586E-01  2.791E-01  3.003E-01  3.243E-01  3.466E-01  3.752E-01  4.067E-01  4.435E-01  4.758E-01  5.168E-01  5.579E-01  6.044E-01  6.564E-01  7.057E-01  7.608E-01  8.242E-01  8.850E-01  9.618E-01  1.034E+00  1.116E+00  1.197E+00  1.289E+00  1.378E+00  1.484E+00  1.580E+00  1.693E+00  1.802E+00  1.923E+00  2.051E+00  2.189E+00  2.320E+00  2.461E+00  2.610E+00  2.772E+00  2.924E+00  3.080E+00  3.255E+00  3.441E+00  3.617E+00  3.808E+00  3.997E+00  4.176E+00  4.391E+00  4.580E+00  4.794E+00  5.004E+00  5.207E+00  5.437E+00  5.654E+00  5.881E+00  6.105E+00  6.329E+00  6.562E+00  6.784E+00  7.003E+00  7.240E+00  7.472E+00  7.715E+00  7.940E+00  8.168E+00  8.392E+00  8.613E+00  8.839E+00  9.070E+00  9.279E+00  9.487E+00  9.694E+00  9.912E+00  1.010E+01  1.029E+01  1.048E+01  1.066E+01  1.081E+01  1.098E+01  1.116E+01  1.130E+01  1.141E+01  1.156E+01  1.167E+01  1.181E+01  1.189E+01  1.197E+01  1.206E+01  1.214E+01  1.217E+01  1.223E+01  1.226E+01  1.229E+01  1.230E+01  1.231E+01  1.229E+01  1.227E+01  1.222E+01  1.218E+01  1.212E+01  1.204E+01  1.194E+01  1.186E+01  1.176E+01  1.164E+01  1.149E+01  1.136E+01  1.119E+01  1.103E+01  1.084E+01  1.067E+01  1.046E+01  1.024E+01  1.002E+01  9.778E+00  9.543E+00  9.296E+00  9.014E+00  8.750E+00  8.463E+00  8.181E+00  7.881E+00  7.592E+00  7.295E+00  6.983E+00  6.692E+00  6.392E+00  6.095E+00  5.793E+00  5.507E+00  5.220E+00  4.951E+00  4.671E+00  4.413E+00  4.171E+00  3.918E+00  3.682E+00  3.464E+00  3.257E+00  3.060E+00  2.858E+00  2.684E+00  2.512E+00  2.360E+00  2.206E+00  2.074E+00  1.946E+00  1.832E+00  1.718E+00  1.625E+00  1.529E+00  1.447E+00  1.369E+00  1.296E+00  1.229E+00  1.170E+00  1.118E+00  1.064E+00  1.022E+00  9.834E-01  9.446E-01  9.111E-01  8.786E-01  8.386E-01  8.129E-01  7.847E-01  7.633E-01  7.336E-01  7.065E-01  6.832E-01  6.617E-01  6.357E-01  6.143E-01  5.897E-01  5.638E-01  5.436E-01  5.172E-01  4.907E-01  4.653E-01  4.361E-01  2.299E+00  Z
