nu_l
Z
Z
Z
 0.000E+00  0.000E+00  0.000E+00  0.000E+00  0.000E+00  0.000E+00  0.000E+00  0.000E+00  0.000E+00  0.000E+00  0.000E+00  0.000E+00  0.000E+00  0.000E+00  0.000E+00  0.000E+00  0.000E+00  0.000E+00  0.000E+00  0.000E+00  0.000E+00  0.000E+00  0.000E+00  0.000E+00  0.000E+00  0.000E+00  0.000E+00  0.000E+00  0.000E+00  0.000E+00  0.000E+00  0.000E+00  0.000E+00  0.000E+00  0.000E+00  0.000E+00  0.000E+00  0.000E+00  0.000E+00  0.000E+00  0.000E+00  0.000E+00  0.000E+00  0.000E+00  0.000E+00  0.000E+00  0.000E+00  0.000E+00  0.000E+00  0.000E+00  0.000E+00  0.000E+00  0.000E+00  0.000E+00  0.000E+00  0.000E+00  0.000E+00  0.000E+00  0.000E+00  0.000E+00  0.000E+00  0.000E+00  0.000E+00  0.000E+00  0.000E+00  0.000E+00  0.000E+00  0.000E+00  0.000E+00  0.000E+00  0.000E+00  0.000E+00  0.000E+00  0.000E+00  0.000E+00  0.000E+00  0.000E+00  0.000E+00  0.000E+00  0.000E+00  0.000E+00  0.000E+00  0.000E+00  0.000E+00  0.000E+00  0.000E+00  0.000E+00  0.000E+00  0.000E+00  0.000E+00  0.000E+00  0.000E+00  0.000E+00  0.000E+00  0.000E+00  0.000E+00  0.000E+00  0.000E+00  0.000E+00  0.000E+00  0.000E+00  0.000E+00  0.000E+00  0.000E+00  0.000E+00  0.000E+00  0.000E+00  0.000E+00  0.000E+00  0.000E+00  0.000E+00  0.000E+00  0.000E+00  0.000E+00  0.000E+00  0.000E+00  0.000E+00  0.000E+00  0.000E+00  0.000E+00  0.000E+00  0.000E+00  0.000E+00  0.000E+00  0.000E+00  0.000E+00  0.000E+00  0.000E+00  0.000E+00  0.000E+00  0.000E+00  0.000E+00  0.000E+00  0.000E+00  0.000E+00  0.000E+00  0.000E+00  0.000E+00  0.000E+00  0.000E+00  0.000E+00  0.000E+00  0.000E+00  0.000E+00  0.000E+00  0.000E+00  0.000E+00  0.000E+00  0.000E+00  0.000E+00  0.000E+00  0.000E+00  0.000E+00  0.000E+00  0.000E+00  0.000E+00  0.000E+00  0.000E+00  0.000E+00  0.000E+00  0.000E+00  0.000E+00  0.000E+00  0.000E+00  0.000E+00  0.000E+00  0.000E+00  0.000E+00  0.000E+00  0.000E+00  0.000E+00  0.000E+00  0.000E+00  0.000E+00  0.000E+00  0.000E+00  0.000E+00  0.000E+00  0.000E+00  0.000E+00  0.000E+00  0.000E+00  0.000E+00  0.000E+00  0.000E+00  0.000E+00  0.000E+00  0.000E+00  0.000E+00  0.000E+00  0.000E+00  0.000E+00  0.000E+00  0.000E+00  0.000E+00  0.000E+00  0.000E+00  0.000E+00  0.000E+00  0.000E+00  0.000E+00  0.000E+00  0.000E+00  0.000E+00  0.000E+00  0.000E+00  0.000E+00  0.000E+00  0.000E+00  0.000E+00  0.000E+00  0.000E+00  0.000E+00  0.000E+00  0.000E+00  0.000E+00  0.000E+00  0.000E+00  0.000E+00  0.000E+00  0.000E+00  0.000E+00  0.000E+00  0.000E+00  0.000E+00  0.000E+00  0.000E+00  0.000E+00  0.000E+00  0.000E+00  0.000E+00  0.000E+00  0.000E+00  0.000E+00  0.000E+00  0.000E+00  0.000E+00  0.000E+00  0.000E+00  0.000E+00  0.000E+00  0.000E+00  0.000E+00  0.000E+00  0.000E+00  0.000E+00  0.000E+00  0.000E+00  0.000E+00  Z
 0.000E+00  0.000E+00  0.000E+00  0.000E+00  0.000E+00  0.000E+00  0.000E+00  0.000E+00  0.000E+00  0.000E+00  0.000E+00  0.000E+00  0.000E+00  0.000E+00  0.000E+00  0.000E+00  0.000E+00  0.000E+00  0.000E+00  0.000E+00  0.000E+00  0.000E+00  0.000E+00  0.000E+00  0.000E+00  0.000E+00  0.000E+00  0.000E+00  0.000E+00  0.000E+00  0.000E+00  0.000E+00  0.000E+00  0.000E+00  0.000E+00  0.000E+00  0.000E+00  0.000E+00  0.000E+00  0.000E+00  0.000E+00  0.000E+00  0.000E+00  0.000E+00  0.000E+00  0.000E+00  0.000E+00  0.000E+00  0.000E+00  0.000E+00  0.000E+00  0.000E+00  0.000E+00  0.000E+00  0.000E+00  0.000E+00  0.000E+00  0.000E+00  0.000E+00  0.000E+00  0.000E+00  0.000E+00  0.000E+00  0.000E+00  0.000E+00  0.000E+00  0.000E+00  0.000E+00  0.000E+00  0.000E+00  0.000E+00  0.000E+00  0.000E+00  0.000E+00  0.000E+00  0.000E+00  0.000E+00  0.000E+00  0.000E+00  0.000E+00  0.000E+00  0.000E+00  0.000E+00  0.000E+00  0.000E+00  0.000E+00  0.000E+00  0.000E+00  0.000E+00  0.000E+00  0.000E+00  0.000E+00  0.000E+00  0.000E+00  0.000E+00  0.000E+00  0.000E+00  0.000E+00  0.000E+00  0.000E+00  0.000E+00  0.000E+00  0.000E+00  0.000E+00  0.000E+00  0.000E+00  0.000E+00  0.000E+00  0.000E+00  0.000E+00  0.000E+00  0.000E+00  0.000E+00  0.000E+00  0.000E+00  0.000E+00  0.000E+00  0.000E+00  0.000E+00  0.000E+00  0.000E+00  0.000E+00  0.000E+00  0.000E+00  0.000E+00  0.000E+00  0.000E+00  0.000E+00  0.000E+00  0.000E+00  0.000E+00  0.000E+00  0.000E+00  0.000E+00  0.000E+00  0.000E+00  0.000E+00  0.000E+00  0.000E+00  0.000E+00  0.000E+00  0.000E+00  0.000E+00  0.000E+00  0.000E+00  0.000E+00  0.000E+00  0.000E+00  0.000E+00  0.000E+00  0.000E+00  0.000E+00  0.000E+00  0.000E+00  0.000E+00  0.000E+00  0.000E+00  0.000E+00  0.000E+00  0.000E+00  0.000E+00  0.000E+00  0.000E+00  0.000E+00  0.000E+00  0.000E+00  0.000E+00  0.000E+00  0.000E+00  0.000E+00  0.000E+00  0.000E+00  0.000E+00  0.000E+00  0.000E+00  0.000E+00  0.000E+00  0.000E+00  0.000E+00  0.000E+00  0.000E+00  0.000E+00  0.000E+00  0.000E+00  0.000E+00  0.000E+00  0.000E+00  0.000E+00  0.000E+00  0.000E+00  0.000E+00  0.000E+00  0.000E+00  0.000E+00  0.000E+00  0.000E+00  0.000E+00  0.000E+00  0.000E+00  0.000E+00  0.000E+00  0.000E+00  0.000E+00  0.000E+00  0.000E+00  0.000E+00  0.000E+00  0.000E+00  0.000E+00  0.000E+00  0.000E+00  0.000E+00  0.000E+00  0.000E+00  0.000E+00  0.000E+00  0.000E+00  0.000E+00  0.000E+00  0.000E+00  0.000E+00  0.000E+00  0.000E+00  0.000E+00  0.000E+00  0.000E+00  0.000E+00  0.000E+00  0.000E+00  0.000E+00  0.000E+00  0.000E+00  0.000E+00  0.000E+00  0.000E+00  0.000E+00  0.000E+00  0.000E+00  0.000E+00  0.000E+00  0.000E+00  0.000E+00  0.000E+00  0.000E+00  0.000E+00  0.000E+00  0.000E+00  0.000E+00  0.000E+00  Z
 0.000E+00  0.000E+00  0.000E+00  0.000E+00  0.000E+00  0.000E+00  0.000E+00  0.000E+00  0.000E+00  0.000E+00  0.000E+00  0.000E+00  0.000E+00  0.000E+00  0.000E+00  0.000E+00  0.000E+00  0.000E+00  0.000E+00  0.000E+00  0.000E+00  0.000E+00  0.000E+00  0.000E+00  0.000E+00  0.000E+00  0.000E+00  0.000E+00  0.000E+00  0.000E+00  0.000E+00  0.000E+00  0.000E+00  0.000E+00  0.000E+00  0.000E+00  0.000E+00  0.000E+00  0.000E+00  0.000E+00  0.000E+00  0.000E+00  0.000E+00  0.000E+00  0.000E+00  0.000E+00  0.000E+00  0.000E+00  0.000E+00  0.000E+00  0.000E+00  0.000E+00  0.000E+00  0.000E+00  0.000E+00  0.000E+00  0.000E+00  0.000E+00  0.000E+00  0.000E+00  0.000E+00  0.000E+00  0.000E+00  0.000E+00  0.000E+00  0.000E+00  0.000E+00  0.000E+00  0.000E+00  0.000E+00  0.000E+00  0.000E+00  0.000E+00  0.000E+00  0.000E+00  0.000E+00  0.000E+00  0.000E+00  0.000E+00  0.000E+00  0.000E+00  0.000E+00  0.000E+00  0.000E+00  0.000E+00  0.000E+00  0.000E+00  0.000E+00  0.000E+00  0.000E+00  0.000E+00  0.000E+00  0.000E+00  0.000E+00  0.000E+00  0.000E+00  0.000E+00  0.000E+00  0.000E+00  0.000E+00  0.000E+00  0.000E+00  0.000E+00  0.000E+00  0.000E+00  0.000E+00  0.000E+00  0.000E+00  0.000E+00  0.000E+00  0.000E+00  0.000E+00  0.000E+00  0.000E+00  0.000E+00  0.000E+00  0.000E+00  0.000E+00  0.000E+00  0.000E+00  0.000E+00  0.000E+00  0.000E+00  0.000E+00  0.000E+00  0.000E+00  0.000E+00  0.000E+00  0.000E+00  0.000E+00  0.000E+00  0.000E+00  0.000E+00  0.000E+00  0.000E+00  0.000E+00  0.000E+00  0.000E+00  0.000E+00  0.000E+00  0.000E+00  0.000E+00  0.000E+00  0.000E+00  0.000E+00  0.000E+00  0.000E+00  0.000E+00  0.000E+00  0.000E+00  0.000E+00  0.000E+00  0.000E+00  0.000E+00  0.000E+00  0.000E+00  0.000E+00  0.000E+00  0.000E+00  0.000E+00  0.000E+00  0.000E+00  0.000E+00  0.000E+00  0.000E+00  0.000E+00  0.000E+00  0.000E+00  0.000E+00  0.000E+00  0.000E+00  0.000E+00  0.000E+00  0.000E+00  0.000E+00  0.000E+00  0.000E+00  0.000E+00  0.000E+00  0.000E+00  0.000E+00  0.000E+00  0.000E+00  0.000E+00  0.000E+00  0.000E+00  0.000E+00  0.000E+00  0.000E+00  0.000E+00  0.000E+00  0.000E+00  0.000E+00  0.000E+00  0.000E+00  0.000E+00  0.000E+00  0.000E+00  0.000E+00  0.000E+00  0.000E+00  0.000E+00  0.000E+00  0.000E+00  0.000E+00  0.000E+00  0.000E+00  0.000E+00  0.000E+00  0.000E+00  0.000E+00  0.000E+00  0.000E+00  0.000E+00  0.000E+00  0.000E+00  0.000E+00  0.000E+00  0.000E+00  0.000E+00  0.000E+00  0.000E+00  0.000E+00  0.000E+00  0.000E+00  0.000E+00  0.000E+00  0.000E+00  0.000E+00  0.000E+00  0.000E+00  0.000E+00  0.000E+00  0.000E+00  0.000E+00  0.000E+00  0.000E+00  0.000E+00  0.000E+00  0.000E+00  0.000E+00  0.000E+00  0.000E+00  0.000E+00  0.000E+00  0.000E+00  0.000E+00  0.000E+00  0.000E+00  Z
 0.000E+00  0.000E+00  0.000E+00  0.000E+00  0.000E+00  0.000E+00  0.000E+00  0.000E+00  0.000E+00  0.000E+00  0.000E+00  0.000E+00  0.000E+00  0.000E+00  0.000E+00  0.000E+00  0.000E+00  0.000E+00  0.000E+00  0.000E+00  0.000E+00  0.000E+00  0.000E+00  0.000E+00  0.000E+00  0.000E+00  0.000E+00  0.000E+00  0.000E+00  0.000E+00  0.000E+00  0.000E+00  0.000E+00  0.000E+00  0.000E+00  0.000E+00  0.000E+00  0.000E+00  0.000E+00  0.000E+00  0.000E+00  0.000E+00  0.000E+00  0.000E+00  0.000E+00  0.000E+00  0.000E+00  0.000E+00  0.000E+00  0.000E+00  0.000E+00  0.000E+00  0.000E+00  0.000E+00  0.000E+00  0.000E+00  0.000E+00  0.000E+00  0.000E+00  0.000E+00  0.000E+00  0.000E+00  0.000E+00  0.000E+00  0.000E+00  0.000E+00  0.000E+00  0.000E+00  0.000E+00  0.000E+00  0.000E+00  0.000E+00  0.000E+00  0.000E+00  0.000E+00  0.000E+00  0.000E+00  0.000E+00  0.000E+00  0.000E+00  0.000E+00  0.000E+00  0.000E+00  0.000E+00  0.000E+00  0.000E+00  0.000E+00  0.000E+00  0.000E+00  0.000E+00  0.000E+00  0.000E+00  0.000E+00  0.000E+00  0.000E+00  0.000E+00  0.000E+00  0.000E+00  0.000E+00  0.000E+00  0.000E+00  0.000E+00  0.000E+00  0.000E+00  0.000E+00  0.000E+00  0.000E+00  0.000E+00  0.000E+00  0.000E+00  0.000E+00  0.000E+00  0.000E+00  0.000E+00  0.000E+00  0.000E+00  0.000E+00  0.000E+00  0.000E+00  0.000E+00  0.000E+00  0.000E+00  0.000E+00  0.000E+00  0.000E+00  0.000E+00  0.000E+00  0.000E+00  0.000E+00  0.000E+00  0.000E+00  0.000E+00  0.000E+00  0.000E+00  0.000E+00  0.000E+00  0.000E+00  0.000E+00  0.000E+00  0.000E+00  0.000E+00  0.000E+00  0.000E+00  0.000E+00  0.000E+00  0.000E+00  0.000E+00  0.000E+00  0.000E+00  0.000E+00  0.000E+00  0.000E+00  0.000E+00  0.000E+00  0.000E+00  0.000E+00  0.000E+00  0.000E+00  0.000E+00  0.000E+00  0.000E+00  0.000E+00  0.000E+00  0.000E+00  0.000E+00  0.000E+00  0.000E+00  0.000E+00  0.000E+00  0.000E+00  0.000E+00  0.000E+00  0.000E+00  0.000E+00  0.000E+00  0.000E+00  0.000E+00  0.000E+00  0.000E+00  0.000E+00  0.000E+00  0.000E+00  0.000E+00  0.000E+00  0.000E+00  0.000E+00  0.000E+00  0.000E+00  0.000E+00  0.000E+00  0.000E+00  0.000E+00  0.000E+00  0.000E+00  0.000E+00  0.000E+00  0.000E+00  0.000E+00  0.000E+00  0.000E+00  0.000E+00  0.000E+00  0.000E+00  0.000E+00  0.000E+00  0.000E+00  0.000E+00  0.000E+00  0.000E+00  0.000E+00  0.000E+00  0.000E+00  0.000E+00  0.000E+00  0.000E+00  0.000E+00  0.000E+00  0.000E+00  0.000E+00  0.000E+00  0.000E+00  0.000E+00  0.000E+00  0.000E+00  0.000E+00  0.000E+00  0.000E+00  0.000E+00  0.000E+00  0.000E+00  0.000E+00  0.000E+00  0.000E+00  0.000E+00  0.000E+00  0.000E+00  0.000E+00  0.000E+00  0.000E+00  0.000E+00  0.000E+00  0.000E+00  0.000E+00  0.000E+00  0.000E+00  0.000E+00  0.000E+00  0.000E+00  0.000E+00  Z
 0.000E+00  0.000E+00  0.000E+00  0.000E+00  0.000E+00  0.000E+00  0.000E+00  0.000E+00  0.000E+00  0.000E+00  0.000E+00  0.000E+00  0.000E+00  0.000E+00  0.000E+00  0.000E+00  0.000E+00  0.000E+00  0.000E+00  0.000E+00  0.000E+00  0.000E+00  0.000E+00  0.000E+00  0.000E+00  0.000E+00  0.000E+00  0.000E+00  0.000E+00  0.000E+00  0.000E+00  0.000E+00  0.000E+00  0.000E+00  0.000E+00  0.000E+00  0.000E+00  0.000E+00  0.000E+00  0.000E+00  0.000E+00  0.000E+00  0.000E+00  0.000E+00  0.000E+00  0.000E+00  0.000E+00  0.000E+00  0.000E+00  0.000E+00  0.000E+00  0.000E+00  0.000E+00  0.000E+00  0.000E+00  0.000E+00  0.000E+00  0.000E+00  0.000E+00  0.000E+00  0.000E+00  0.000E+00  0.000E+00  0.000E+00  0.000E+00  0.000E+00  0.000E+00  0.000E+00  0.000E+00  0.000E+00  0.000E+00  0.000E+00  0.000E+00  0.000E+00  0.000E+00  0.000E+00  0.000E+00  0.000E+00  0.000E+00  0.000E+00  0.000E+00  0.000E+00  0.000E+00  0.000E+00  0.000E+00  0.000E+00  0.000E+00  0.000E+00  0.000E+00  0.000E+00  0.000E+00  0.000E+00  0.000E+00  0.000E+00  0.000E+00  0.000E+00  0.000E+00  0.000E+00  0.000E+00  0.000E+00  0.000E+00  0.000E+00  0.000E+00  0.000E+00  0.000E+00  0.000E+00  0.000E+00  0.000E+00  0.000E+00  0.000E+00  0.000E+00  0.000E+00  0.000E+00  0.000E+00  0.000E+00  0.000E+00  0.000E+00  0.000E+00  0.000E+00  0.000E+00  0.000E+00  0.000E+00  0.000E+00  0.000E+00  0.000E+00  0.000E+00  0.000E+00  0.000E+00  0.000E+00  0.000E+00  0.000E+00  0.000E+00  0.000E+00  0.000E+00  0.000E+00  0.000E+00  0.000E+00  0.000E+00  0.000E+00  0.000E+00  0.000E+00  0.000E+00  0.000E+00  0.000E+00  0.000E+00  0.000E+00  0.000E+00  0.000E+00  0.000E+00  0.000E+00  0.000E+00  0.000E+00  0.000E+00  0.000E+00  0.000E+00  0.000E+00  0.000E+00  0.000E+00  0.000E+00  0.000E+00  0.000E+00  0.000E+00  0.000E+00  0.000E+00  0.000E+00  0.000E+00  0.000E+00  0.000E+00  0.000E+00  0.000E+00  0.000E+00  0.000E+00  0.000E+00  0.000E+00  0.000E+00  0.000E+00  0.000E+00  0.000E+00  0.000E+00  0.000E+00  0.000E+00  0.000E+00  0.000E+00  0.000E+00  0.000E+00  0.000E+00  0.000E+00  0.000E+00  0.000E+00  0.000E+00  0.000E+00  0.000E+00  0.000E+00  0.000E+00  0.000E+00  0.000E+00  0.000E+00  0.000E+00  0.000E+00  0.000E+00  0.000E+00  0.000E+00  0.000E+00  0.000E+00  0.000E+00  0.000E+00  0.000E+00  0.000E+00  0.000E+00  0.000E+00  0.000E+00  0.000E+00  0.000E+00  0.000E+00  0.000E+00  0.000E+00  0.000E+00  0.000E+00  0.000E+00  0.000E+00  0.000E+00  0.000E+00  0.000E+00  0.000E+00  0.000E+00  0.000E+00  0.000E+00  0.000E+00  0.000E+00  0.000E+00  0.000E+00  0.000E+00  0.000E+00  0.000E+00  0.000E+00  0.000E+00  0.000E+00  0.000E+00  0.000E+00  0.000E+00  0.000E+00  0.000E+00  0.000E+00  0.000E+00  0.000E+00  0.000E+00  0.000E+00  0.000E+00  0.000E+00  Z
 0.000E+00  0.000E+00  0.000E+00  0.000E+00  0.000E+00  0.000E+00  0.000E+00  0.000E+00  0.000E+00  0.000E+00  0.000E+00  0.000E+00  0.000E+00  0.000E+00  0.000E+00  0.000E+00  0.000E+00  0.000E+00  0.000E+00  0.000E+00  0.000E+00  0.000E+00  0.000E+00  0.000E+00  0.000E+00  0.000E+00  0.000E+00  0.000E+00  0.000E+00  0.000E+00  0.000E+00  0.000E+00  0.000E+00  0.000E+00  0.000E+00  0.000E+00  0.000E+00  0.000E+00  0.000E+00  0.000E+00  0.000E+00  0.000E+00  0.000E+00  0.000E+00  0.000E+00  0.000E+00  0.000E+00  0.000E+00  0.000E+00  0.000E+00  0.000E+00  0.000E+00  0.000E+00  0.000E+00  0.000E+00  0.000E+00  0.000E+00  0.000E+00  0.000E+00  0.000E+00  0.000E+00  0.000E+00  0.000E+00  0.000E+00  0.000E+00  0.000E+00  0.000E+00  0.000E+00  0.000E+00  0.000E+00  0.000E+00  0.000E+00  0.000E+00  0.000E+00  0.000E+00  0.000E+00  0.000E+00  0.000E+00  0.000E+00  0.000E+00  0.000E+00  0.000E+00  0.000E+00  0.000E+00  0.000E+00  0.000E+00  0.000E+00  0.000E+00  0.000E+00  0.000E+00  0.000E+00  0.000E+00  0.000E+00  0.000E+00  0.000E+00  0.000E+00  0.000E+00  0.000E+00  0.000E+00  0.000E+00  0.000E+00  0.000E+00  0.000E+00  0.000E+00  0.000E+00  0.000E+00  0.000E+00  0.000E+00  0.000E+00  0.000E+00  0.000E+00  0.000E+00  0.000E+00  0.000E+00  0.000E+00  0.000E+00  0.000E+00  0.000E+00  0.000E+00  0.000E+00  0.000E+00  0.000E+00  0.000E+00  0.000E+00  0.000E+00  0.000E+00  0.000E+00  0.000E+00  0.000E+00  0.000E+00  0.000E+00  0.000E+00  0.000E+00  0.000E+00  0.000E+00  0.000E+00  0.000E+00  0.000E+00  0.000E+00  0.000E+00  0.000E+00  0.000E+00  0.000E+00  0.000E+00  0.000E+00  0.000E+00  0.000E+00  0.000E+00  0.000E+00  0.000E+00  0.000E+00  0.000E+00  0.000E+00  0.000E+00  0.000E+00  0.000E+00  0.000E+00  0.000E+00  0.000E+00  0.000E+00  0.000E+00  0.000E+00  0.000E+00  0.000E+00  0.000E+00  0.000E+00  0.000E+00  0.000E+00  0.000E+00  0.000E+00  0.000E+00  0.000E+00  0.000E+00  0.000E+00  0.000E+00  0.000E+00  0.000E+00  0.000E+00  0.000E+00  0.000E+00  0.000E+00  0.000E+00  0.000E+00  0.000E+00  0.000E+00  0.000E+00  0.000E+00  0.000E+00  0.000E+00  0.000E+00  0.000E+00  0.000E+00  0.000E+00  0.000E+00  0.000E+00  0.000E+00  0.000E+00  0.000E+00  0.000E+00  0.000E+00  0.000E+00  0.000E+00  0.000E+00  0.000E+00  0.000E+00  0.000E+00  0.000E+00  0.000E+00  0.000E+00  0.000E+00  0.000E+00  0.000E+00  0.000E+00  0.000E+00  0.000E+00  0.000E+00  0.000E+00  0.000E+00  0.000E+00  0.000E+00  0.000E+00  0.000E+00  0.000E+00  0.000E+00  0.000E+00  0.000E+00  0.000E+00  0.000E+00  0.000E+00  0.000E+00  0.000E+00  0.000E+00  0.000E+00  0.000E+00  0.000E+00  0.000E+00  0.000E+00  0.000E+00  0.000E+00  0.000E+00  0.000E+00  0.000E+00  0.000E+00  0.000E+00  0.000E+00  0.000E+00  0.000E+00  0.000E+00  0.000E+00  Z
 0.000E+00  0.000E+00  0.000E+00  0.000E+00  0.000E+00  0.000E+00  0.000E+00  0.000E+00  0.000E+00  0.000E+00  0.000E+00  0.000E+00  0.000E+00  0.000E+00  0.000E+00  0.000E+00  0.000E+00  0.000E+00  0.000E+00  0.000E+00  0.000E+00  0.000E+00  0.000E+00  0.000E+00  0.000E+00  0.000E+00  0.000E+00  0.000E+00  0.000E+00  0.000E+00  0.000E+00  0.000E+00  0.000E+00  0.000E+00  0.000E+00  0.000E+00  0.000E+00  0.000E+00  0.000E+00  0.000E+00  0.000E+00  1.267E-05  0.000E+00  0.000E+00  0.000E+00  0.000E+00  0.000E+00  0.000E+00  0.000E+00  0.000E+00  0.000E+00  0.000E+00  1.112E-05  1.120E-05  0.000E+00  1.109E-05  0.000E+00  0.000E+00  1.048E-05  0.000E+00  0.000E+00  0.000E+00  1.055E-05  0.000E+00  1.016E-05  0.000E+00  1.019E-05  0.000E+00  1.945E-05  0.000E+00  9.575E-06  0.000E+00  0.000E+00  0.000E+00  0.000E+00  0.000E+00  0.000E+00  0.000E+00  9.128E-06  0.000E+00  0.000E+00  9.138E-06  0.000E+00  8.755E-06  8.926E-06  0.000E+00  0.000E+00  8.511E-06  8.869E-06  8.481E-06  8.653E-06  1.697E-05  0.000E+00  0.000E+00  8.520E-06  0.000E+00  0.000E+00  0.000E+00  0.000E+00  0.000E+00  0.000E+00  0.000E+00  0.000E+00  0.000E+00  0.000E+00  0.000E+00  0.000E+00  0.000E+00  0.000E+00  0.000E+00  0.000E+00  0.000E+00  0.000E+00  0.000E+00  0.000E+00  0.000E+00  0.000E+00  0.000E+00  0.000E+00  0.000E+00  0.000E+00  0.000E+00  0.000E+00  0.000E+00  0.000E+00  0.000E+00  0.000E+00  0.000E+00  0.000E+00  0.000E+00  0.000E+00  0.000E+00  0.000E+00  0.000E+00  0.000E+00  0.000E+00  0.000E+00  0.000E+00  0.000E+00  0.000E+00  0.000E+00  0.000E+00  0.000E+00  0.000E+00  0.000E+00  0.000E+00  0.000E+00  0.000E+00  0.000E+00  0.000E+00  0.000E+00  0.000E+00  0.000E+00  0.000E+00  0.000E+00  0.000E+00  0.000E+00  0.000E+00  0.000E+00  0.000E+00  0.000E+00  0.000E+00  0.000E+00  0.000E+00  0.000E+00  0.000E+00  0.000E+00  0.000E+00  0.000E+00  0.000E+00  0.000E+00  0.000E+00  0.000E+00  0.000E+00  0.000E+00  0.000E+00  0.000E+00  0.000E+00  0.000E+00  0.000E+00  0.000E+00  0.000E+00  0.000E+00  0.000E+00  0.000E+00  0.000E+00  0.000E+00  0.000E+00  0.000E+00  0.000E+00  0.000E+00  0.000E+00  0.000E+00  0.000E+00  0.000E+00  0.000E+00  0.000E+00  0.000E+00  0.000E+00  0.000E+00  0.000E+00  0.000E+00  0.000E+00  0.000E+00  0.000E+00  0.000E+00  0.000E+00  0.000E+00  0.000E+00  0.000E+00  0.000E+00  0.000E+00  0.000E+00  0.000E+00  0.000E+00  0.000E+00  0.000E+00  0.000E+00  0.000E+00  0.000E+00  0.000E+00  0.000E+00  0.000E+00  0.000E+00  0.000E+00  0.000E+00  0.000E+00  0.000E+00  0.000E+00  0.000E+00  0.000E+00  0.000E+00  0.000E+00  0.000E+00  0.000E+00  0.000E+00  0.000E+00  0.000E+00  0.000E+00  0.000E+00  0.000E+00  0.000E+00  0.000E+00  0.000E+00  0.000E+00  0.000E+00  0.000E+00  0.000E+00  0.000E+00  Z
 0.000E+00  0.000E+00  0.000E+00  0.000E+00  0.000E+00  0.000E+00  0.000E+00  0.000E+00  0.000E+00  0.000E+00  0.000E+00  0.000E+00  0.000E+00  0.000E+00  0.000E+00  0.000E+00  0.000E+00  0.000E+00  0.000E+00  0.000E+00  0.000E+00  0.000E+00  0.000E+00  0.000E+00  0.000E+00  0.000E+00  0.000E+00  0.000E+00  0.000E+00  0.000E+00  0.000E+00  0.000E+00  0.000E+00  0.000E+00  0.000E+00  1.354E-05  0.000E+00  0.000E+00  0.000E+00  0.000E+00  0.000E+00  0.000E+00  0.000E+00  0.000E+00  0.000E+00  0.000E+00  0.000E+00  1.170E-05  0.000E+00  0.000E+00  0.000E+00  0.000E+00  0.000E+00  1.093E-05  0.000E+00  2.166E-05  0.000E+00  1.069E-05  1.080E-05  2.101E-05  3.139E-05  1.057E-05  1.035E-05  1.037E-05  0.000E+00  3.032E-05  9.915E-06  3.965E-05  0.000E+00  3.897E-05  9.957E-06  9.465E-06  1.892E-05  0.000E+00  1.884E-05  2.806E-05  1.826E-05  3.714E-05  9.412E-06  2.753E-05  5.457E-05  1.826E-05  6.290E-05  2.679E-05  3.504E-05  1.738E-05  8.907E-06  3.452E-05  2.608E-05  0.000E+00  4.260E-05  0.000E+00  0.000E+00  1.689E-05  2.523E-05  3.340E-05  8.091E-06  1.635E-05  1.629E-05  7.998E-06  8.352E-06  1.656E-05  8.120E-06  0.000E+00  7.929E-06  1.621E-05  8.041E-06  7.689E-06  7.664E-06  1.570E-05  7.910E-06  0.000E+00  0.000E+00  7.497E-06  0.000E+00  0.000E+00  0.000E+00  0.000E+00  0.000E+00  0.000E+00  0.000E+00  0.000E+00  0.000E+00  0.000E+00  0.000E+00  0.000E+00  0.000E+00  0.000E+00  0.000E+00  0.000E+00  0.000E+00  0.000E+00  0.000E+00  0.000E+00  0.000E+00  0.000E+00  0.000E+00  0.000E+00  0.000E+00  0.000E+00  0.000E+00  0.000E+00  0.000E+00  0.000E+00  0.000E+00  0.000E+00  0.000E+00  0.000E+00  0.000E+00  0.000E+00  0.000E+00  0.000E+00  0.000E+00  0.000E+00  0.000E+00  0.000E+00  0.000E+00  0.000E+00  0.000E+00  0.000E+00  0.000E+00  0.000E+00  0.000E+00  0.000E+00  0.000E+00  0.000E+00  0.000E+00  0.000E+00  0.000E+00  0.000E+00  0.000E+00  0.000E+00  0.000E+00  0.000E+00  0.000E+00  0.000E+00  0.000E+00  0.000E+00  0.000E+00  0.000E+00  0.000E+00  0.000E+00  0.000E+00  0.000E+00  0.000E+00  0.000E+00  0.000E+00  0.000E+00  0.000E+00  0.000E+00  0.000E+00  0.000E+00  0.000E+00  0.000E+00  0.000E+00  0.000E+00  0.000E+00  0.000E+00  0.000E+00  0.000E+00  0.000E+00  0.000E+00  0.000E+00  0.000E+00  0.000E+00  0.000E+00  0.000E+00  0.000E+00  0.000E+00  0.000E+00  0.000E+00  0.000E+00  0.000E+00  0.000E+00  0.000E+00  0.000E+00  0.000E+00  0.000E+00  0.000E+00  0.000E+00  0.000E+00  0.000E+00  0.000E+00  0.000E+00  0.000E+00  0.000E+00  0.000E+00  0.000E+00  0.000E+00  0.000E+00  0.000E+00  0.000E+00  0.000E+00  0.000E+00  0.000E+00  0.000E+00  0.000E+00  0.000E+00  0.000E+00  0.000E+00  0.000E+00  0.000E+00  0.000E+00  0.000E+00  0.000E+00  0.000E+00  0.000E+00  0.000E+00  0.000E+00  Z
 0.000E+00  0.000E+00  0.000E+00  0.000E+00  0.000E+00  0.000E+00  0.000E+00  0.000E+00  0.000E+00  0.000E+00  0.000E+00  0.000E+00  0.000E+00  0.000E+00  0.000E+00  0.000E+00  0.000E+00  0.000E+00  0.000E+00  0.000E+00  0.000E+00  0.000E+00  0.000E+00  0.000E+00  0.000E+00  0.000E+00  0.000E+00  0.000E+00  0.000E+00  0.000E+00  0.000E+00  0.000E+00  0.000E+00  0.000E+00  0.000E+00  1.388E-05  0.000E+00  0.000E+00  0.000E+00  0.000E+00  0.000E+00  0.000E+00  0.000E+00  0.000E+00  0.000E+00  1.213E-05  0.000E+00  0.000E+00  1.172E-05  1.155E-05  1.126E-05  0.000E+00  2.243E-05  2.234E-05  3.293E-05  1.076E-05  2.159E-05  1.081E-05  1.080E-05  2.089E-05  1.051E-05  2.077E-05  3.085E-05  2.017E-05  3.031E-05  3.055E-05  5.988E-05  5.061E-05  4.949E-05  1.968E-05  1.934E-05  4.858E-05  3.831E-05  3.832E-05  8.521E-05  9.407E-05  7.471E-05  1.202E-04  6.459E-05  3.689E-05  9.932E-05  9.947E-05  1.348E-04  1.256E-04  8.922E-05  1.061E-04  1.144E-04  1.397E-04  1.300E-04  9.477E-05  5.980E-05  2.050E-04  1.271E-04  1.429E-04  1.174E-04  1.092E-04  8.332E-05  1.070E-04  1.320E-04  1.395E-04  1.382E-04  1.630E-04  9.649E-05  1.290E-04  8.001E-05  6.424E-05  5.610E-05  9.379E-05  1.179E-04  7.042E-05  3.943E-05  1.535E-05  8.495E-05  3.052E-05  3.032E-05  6.048E-05  2.262E-05  5.294E-05  4.513E-05  4.511E-05  6.688E-05  1.486E-05  4.475E-05  2.239E-05  2.155E-05  1.468E-05  7.307E-06  7.420E-06  7.317E-06  1.475E-05  0.000E+00  Z
 0.000E+00  0.000E+00  0.000E+00  0.000E+00  0.000E+00  0.000E+00  0.000E+00  0.000E+00  0.000E+00  0.000E+00  0.000E+00  0.000E+00  0.000E+00  0.000E+00  0.000E+00  0.000E+00  0.000E+00  0.000E+00  0.000E+00  0.000E+00  0.000E+00  0.000E+00  0.000E+00  0.000E+00  0.000E+00  0.000E+00  0.000E+00  0.000E+00  0.000E+00  0.000E+00  0.000E+00  0.000E+00  0.000E+00  0.000E+00  0.000E+00  0.000E+00  0.000E+00  0.000E+00  0.000E+00  0.000E+00  0.000E+00  0.000E+00  0.000E+00  0.000E+00  1.225E-05  0.000E+00  0.000E+00  3.542E-05  1.194E-05  0.000E+00  1.139E-05  0.000E+00  0.000E+00  4.461E-05  6.688E-05  3.292E-05  4.325E-05  4.325E-05  9.619E-05  5.277E-05  7.366E-05  2.130E-05  7.179E-05  3.075E-05  1.229E-04  1.206E-04  7.030E-05  7.880E-05  6.905E-05  9.759E-05  1.164E-04  9.643E-05  1.446E-04  1.239E-04  1.512E-04  1.235E-04  1.216E-04  1.205E-04  2.299E-04  2.001E-04  1.911E-04  2.633E-04  1.971E-04  2.598E-04  3.111E-04  2.300E-04  2.631E-04  2.795E-04  2.085E-04  2.853E-04  3.098E-04  2.751E-04  3.652E-04  2.623E-04  3.020E-04  3.003E-04  3.491E-04  2.739E-04  2.883E-04  2.631E-04  2.939E-04  2.440E-04  3.805E-04  2.801E-04  4.002E-04  2.701E-04  2.768E-04  2.921E-04  2.523E-04  2.414E-04  2.024E-04  1.772E-04  1.710E-04  2.218E-04  1.832E-04  2.451E-04  1.427E-04  1.801E-04  1.346E-04  1.581E-04  1.566E-04  8.204E-05  1.259E-04  8.917E-05  5.223E-05  9.394E-05  1.019E-04  6.490E-05  4.250E-05  2.839E-05  7.953E-05  2.159E-05  2.107E-05  3.488E-05  3.548E-05  3.444E-05  1.355E-05  1.414E-05  2.122E-05  1.367E-05  1.365E-05  0.000E+00  Z
 0.000E+00  0.000E+00  0.000E+00  0.000E+00  0.000E+00  0.000E+00  0.000E+00  0.000E+00  0.000E+00  0.000E+00  0.000E+00  0.000E+00  0.000E+00  0.000E+00  0.000E+00  0.000E+00  0.000E+00  0.000E+00  0.000E+00  0.000E+00  0.000E+00  0.000E+00  0.000E+00  0.000E+00  0.000E+00  0.000E+00  0.000E+00  0.000E+00  0.000E+00  0.000E+00  0.000E+00  0.000E+00  0.000E+00  0.000E+00  0.000E+00  0.000E+00  0.000E+00  0.000E+00  0.000E+00  0.000E+00  0.000E+00  2.565E-05  0.000E+00  0.000E+00  1.214E-05  0.000E+00  1.199E-05  2.350E-05  2.386E-05  0.000E+00  1.146E-05  2.281E-05  4.513E-05  2.193E-05  1.106E-05  6.601E-05  2.137E-05  5.392E-05  3.176E-05  3.138E-05  5.303E-05  2.114E-05  5.170E-05  1.131E-04  7.112E-05  1.116E-04  1.194E-04  1.199E-04  8.814E-05  1.677E-04  1.854E-04  2.322E-04  2.211E-04  1.801E-04  1.701E-04  3.111E-04  2.708E-04  2.131E-04  2.947E-04  2.671E-04  2.830E-04  2.798E-04  3.591E-04  3.127E-04  3.110E-04  3.997E-04  3.877E-04  4.358E-04  3.562E-04  4.062E-04  4.632E-04  5.808E-04  4.259E-04  4.324E-04  4.966E-04  4.352E-04  5.912E-04  3.652E-04  5.795E-04  4.899E-04  5.229E-04  4.606E-04  5.490E-04  5.218E-04  5.035E-04  3.654E-04  4.041E-04  3.627E-04  4.717E-04  3.437E-04  4.282E-04  5.115E-04  4.792E-04  5.135E-04  4.885E-04  4.803E-04  4.087E-04  2.955E-04  2.860E-04  3.525E-04  3.507E-04  1.926E-04  2.652E-04  2.062E-04  2.193E-04  2.332E-04  2.403E-04  1.827E-04  2.093E-04  1.729E-04  1.275E-04  1.937E-04  1.137E-04  2.192E-04  9.171E-05  7.038E-05  1.047E-04  6.338E-05  4.183E-05  7.596E-05  5.611E-05  5.478E-05  2.768E-05  3.408E-05  4.708E-05  4.764E-05  2.692E-05  1.989E-05  1.338E-05  6.606E-06  2.642E-05  1.324E-05  0.000E+00  Z
 0.000E+00  0.000E+00  0.000E+00  0.000E+00  0.000E+00  0.000E+00  0.000E+00  0.000E+00  0.000E+00  0.000E+00  0.000E+00  0.000E+00  0.000E+00  0.000E+00  0.000E+00  0.000E+00  0.000E+00  0.000E+00  0.000E+00  0.000E+00  0.000E+00  0.000E+00  0.000E+00  0.000E+00  0.000E+00  0.000E+00  0.000E+00  0.000E+00  0.000E+00  0.000E+00  0.000E+00  0.000E+00  0.000E+00  0.000E+00  0.000E+00  0.000E+00  0.000E+00  0.000E+00  0.000E+00  0.000E+00  0.000E+00  0.000E+00  0.000E+00  0.000E+00  0.000E+00  1.203E-05  0.000E+00  1.173E-05  3.511E-05  1.179E-05  0.000E+00  2.274E-05  0.000E+00  0.000E+00  3.299E-05  3.287E-05  4.352E-05  4.284E-05  5.329E-05  1.068E-04  4.204E-05  6.257E-05  7.318E-05  6.141E-05  9.159E-05  1.010E-04  7.948E-05  1.190E-04  8.799E-05  1.568E-04  1.465E-04  1.731E-04  1.437E-04  1.713E-04  1.432E-04  1.697E-04  2.791E-04  2.976E-04  1.842E-04  1.918E-04  3.650E-04  2.914E-04  3.595E-04  3.851E-04  2.920E-04  3.009E-04  4.838E-04  4.278E-04  4.360E-04  4.485E-04  4.038E-04  4.703E-04  4.564E-04  3.802E-04  4.037E-04  4.095E-04  3.594E-04  4.311E-04  5.778E-04  4.686E-04  5.475E-04  4.302E-04  4.758E-04  4.589E-04  5.910E-04  4.460E-04  6.195E-04  4.490E-04  3.906E-04  5.462E-04  4.516E-04  4.331E-04  3.009E-04  4.367E-04  4.207E-04  4.404E-04  3.724E-04  3.335E-04  3.387E-04  3.816E-04  3.194E-04  2.974E-04  2.124E-04  3.020E-04  2.192E-04  2.274E-04  2.922E-04  1.666E-04  2.024E-04  1.720E-04  1.276E-04  1.856E-04  1.418E-04  1.138E-04  1.213E-04  1.267E-04  1.122E-04  4.884E-05  1.181E-04  8.398E-05  8.994E-05  3.412E-05  4.106E-05  5.549E-05  2.035E-05  6.026E-05  3.416E-05  2.676E-05  2.010E-05  0.000E+00  Z
 0.000E+00  0.000E+00  0.000E+00  0.000E+00  0.000E+00  0.000E+00  0.000E+00  0.000E+00  0.000E+00  0.000E+00  0.000E+00  0.000E+00  0.000E+00  0.000E+00  0.000E+00  0.000E+00  0.000E+00  0.000E+00  0.000E+00  0.000E+00  0.000E+00  0.000E+00  0.000E+00  0.000E+00  0.000E+00  0.000E+00  0.000E+00  0.000E+00  0.000E+00  0.000E+00  0.000E+00  0.000E+00  0.000E+00  0.000E+00  0.000E+00  0.000E+00  0.000E+00  0.000E+00  0.000E+00  0.000E+00  0.000E+00  0.000E+00  0.000E+00  0.000E+00  1.209E-05  0.000E+00  2.417E-05  0.000E+00  0.000E+00  0.000E+00  2.285E-05  2.274E-05  4.477E-05  1.125E-05  2.207E-05  2.199E-05  5.493E-05  2.145E-05  5.351E-05  2.121E-05  4.165E-05  2.104E-05  6.267E-05  5.087E-05  1.212E-04  1.113E-04  1.093E-04  1.091E-04  9.815E-05  1.370E-04  1.657E-04  1.069E-04  1.627E-04  1.621E-04  2.175E-04  1.126E-04  2.717E-04  2.590E-04  2.771E-04  2.386E-04  2.734E-04  2.277E-04  3.515E-04  2.150E-04  3.202E-04  3.369E-04  3.256E-04  4.721E-04  3.221E-04  4.835E-04  3.437E-04  3.679E-04  4.752E-04  5.158E-04  5.039E-04  5.775E-04  6.159E-04  6.377E-04  5.104E-04  5.901E-04  5.141E-04  5.837E-04  4.352E-04  5.228E-04  5.583E-04  6.761E-04  5.785E-04  5.274E-04  5.427E-04  5.254E-04  5.208E-04  5.200E-04  4.935E-04  3.682E-04  3.367E-04  3.871E-04  4.765E-04  3.935E-04  4.276E-04  4.704E-04  3.139E-04  2.588E-04  3.390E-04  2.790E-04  2.781E-04  2.987E-04  2.327E-04  2.173E-04  2.244E-04  1.431E-04  2.447E-04  1.650E-04  1.637E-04  1.774E-04  1.407E-04  1.196E-04  6.316E-05  1.463E-04  8.904E-05  5.575E-05  6.213E-05  6.874E-05  4.179E-05  5.440E-05  6.781E-06  3.421E-05  2.009E-05  6.891E-06  1.360E-05  1.339E-05  1.313E-05  6.710E-06  6.513E-06  1.334E-05  6.756E-06  1.311E-05  1.311E-05  0.000E+00  Z
 0.000E+00  0.000E+00  0.000E+00  0.000E+00  0.000E+00  0.000E+00  0.000E+00  0.000E+00  0.000E+00  0.000E+00  0.000E+00  0.000E+00  0.000E+00  0.000E+00  0.000E+00  0.000E+00  0.000E+00  0.000E+00  0.000E+00  0.000E+00  0.000E+00  0.000E+00  0.000E+00  0.000E+00  0.000E+00  0.000E+00  0.000E+00  0.000E+00  0.000E+00  0.000E+00  0.000E+00  0.000E+00  0.000E+00  0.000E+00  0.000E+00  0.000E+00  0.000E+00  0.000E+00  0.000E+00  0.000E+00  0.000E+00  0.000E+00  0.000E+00  0.000E+00  0.000E+00  0.000E+00  1.182E-05  0.000E+00  0.000E+00  2.359E-05  0.000E+00  4.511E-05  0.000E+00  0.000E+00  2.232E-05  3.272E-05  5.464E-05  1.071E-05  1.059E-05  3.163E-05  8.302E-05  4.160E-05  1.341E-04  7.160E-05  1.418E-04  3.012E-05  1.000E-04  6.970E-05  1.482E-04  1.075E-04  1.861E-04  1.447E-04  1.537E-04  1.904E-04  1.799E-04  2.552E-04  2.061E-04  2.781E-04  2.316E-04  2.750E-04  2.925E-04  2.907E-04  3.849E-04  4.212E-04  3.029E-04  4.320E-04  3.691E-04  3.751E-04  3.741E-04  4.924E-04  5.689E-04  5.297E-04  4.604E-04  3.814E-04  4.864E-04  6.390E-04  6.583E-04  5.450E-04  5.200E-04  5.108E-04  5.608E-04  6.319E-04  6.150E-04  6.011E-04  5.285E-04  6.431E-04  5.297E-04  5.120E-04  6.131E-04  4.535E-04  4.443E-04  5.407E-04  3.940E-04  4.923E-04  4.668E-04  4.184E-04  5.923E-04  4.595E-04  3.883E-04  3.600E-04  3.942E-04  4.077E-04  3.493E-04  2.731E-04  4.312E-04  2.917E-04  1.970E-04  2.601E-04  2.809E-04  3.305E-04  1.641E-04  1.569E-04  2.137E-04  1.345E-04  1.344E-04  1.125E-04  1.260E-04  8.383E-05  8.341E-05  1.038E-04  1.592E-04  5.558E-05  5.482E-05  2.724E-05  6.105E-05  4.050E-05  3.400E-05  3.407E-05  2.661E-05  1.328E-05  0.000E+00  Z
 0.000E+00  0.000E+00  0.000E+00  0.000E+00  0.000E+00  0.000E+00  0.000E+00  0.000E+00  0.000E+00  0.000E+00  0.000E+00  0.000E+00  0.000E+00  0.000E+00  0.000E+00  0.000E+00  0.000E+00  0.000E+00  0.000E+00  0.000E+00  0.000E+00  0.000E+00  0.000E+00  0.000E+00  0.000E+00  0.000E+00  0.000E+00  0.000E+00  0.000E+00  0.000E+00  0.000E+00  0.000E+00  0.000E+00  0.000E+00  0.000E+00  0.000E+00  0.000E+00  0.000E+00  0.000E+00  0.000E+00  0.000E+00  0.000E+00  0.000E+00  1.261E-05  0.000E+00  0.000E+00  1.189E-05  0.000E+00  1.175E-05  0.000E+00  2.326E-05  1.119E-05  1.131E-05  2.259E-05  2.217E-05  2.181E-05  4.335E-05  3.245E-05  6.399E-05  3.150E-05  7.386E-05  3.145E-05  5.177E-05  8.173E-05  4.008E-05  1.205E-04  3.003E-05  4.919E-05  1.485E-04  1.470E-04  1.066E-04  1.839E-04  1.817E-04  2.580E-04  1.897E-04  2.070E-04  2.993E-04  2.507E-04  2.405E-04  2.838E-04  3.468E-04  3.703E-04  3.082E-04  4.311E-04  3.381E-04  3.444E-04  3.514E-04  4.201E-04  4.770E-04  4.325E-04  3.769E-04  5.810E-04  5.353E-04  4.994E-04  5.044E-04  4.517E-04  5.477E-04  6.942E-04  5.511E-04  5.827E-04  6.450E-04  5.862E-04  5.419E-04  5.300E-04  6.882E-04  6.114E-04  4.838E-04  6.068E-04  5.483E-04  5.215E-04  5.612E-04  6.182E-04  4.620E-04  5.309E-04  4.280E-04  5.017E-04  3.324E-04  5.062E-04  4.210E-04  4.170E-04  3.435E-04  3.911E-04  2.728E-04  2.956E-04  3.378E-04  2.706E-04  2.919E-04  2.317E-04  2.389E-04  2.312E-04  2.566E-04  1.866E-04  1.419E-04  1.487E-04  1.698E-04  1.538E-04  1.252E-04  9.798E-05  1.045E-04  6.946E-05  6.915E-05  8.940E-05  6.877E-05  3.436E-05  2.723E-05  4.744E-05  2.028E-05  2.728E-05  1.967E-05  3.362E-05  3.333E-05  6.719E-06  0.000E+00  Z
 0.000E+00  0.000E+00  0.000E+00  0.000E+00  0.000E+00  0.000E+00  0.000E+00  0.000E+00  0.000E+00  0.000E+00  0.000E+00  0.000E+00  0.000E+00  0.000E+00  0.000E+00  0.000E+00  0.000E+00  0.000E+00  0.000E+00  0.000E+00  0.000E+00  0.000E+00  0.000E+00  0.000E+00  0.000E+00  0.000E+00  0.000E+00  0.000E+00  1.549E-05  0.000E+00  0.000E+00  0.000E+00  0.000E+00  0.000E+00  0.000E+00  0.000E+00  0.000E+00  2.668E-05  0.000E+00  0.000E+00  2.565E-05  0.000E+00  0.000E+00  1.220E-05  0.000E+00  2.424E-05  0.000E+00  3.544E-05  0.000E+00  2.360E-05  0.000E+00  2.282E-05  5.625E-05  5.568E-05  3.335E-05  3.260E-05  6.575E-05  2.158E-05  1.074E-05  5.325E-05  5.210E-05  1.044E-04  7.270E-05  9.224E-05  9.085E-05  1.311E-04  1.103E-04  1.096E-04  1.294E-04  1.184E-04  2.040E-04  1.828E-04  2.870E-04  2.087E-04  2.461E-04  2.718E-04  2.887E-04  2.886E-04  3.133E-04  3.752E-04  3.010E-04  3.612E-04  3.968E-04  4.041E-04  4.533E-04  3.352E-04  3.252E-04  3.931E-04  4.334E-04  3.886E-04  5.233E-04  5.631E-04  6.879E-04  5.919E-04  5.307E-04  5.608E-04  4.889E-04  5.808E-04  5.840E-04  4.841E-04  6.689E-04  5.998E-04  5.652E-04  5.065E-04  5.362E-04  6.668E-04  6.326E-04  4.265E-04  5.100E-04  6.643E-04  4.898E-04  5.725E-04  3.871E-04  5.753E-04  5.763E-04  4.800E-04  4.252E-04  4.616E-04  5.030E-04  4.195E-04  3.718E-04  3.928E-04  3.614E-04  3.025E-04  4.110E-04  3.199E-04  2.900E-04  2.914E-04  3.312E-04  1.867E-04  1.713E-04  1.569E-04  2.215E-04  2.056E-04  2.330E-04  1.343E-04  1.471E-04  1.114E-04  1.180E-04  1.317E-04  6.878E-05  1.175E-04  6.827E-05  7.512E-05  7.506E-05  4.681E-05  2.073E-05  3.425E-05  4.718E-05  1.345E-05  4.630E-05  4.662E-05  1.977E-05  6.583E-06  6.626E-06  0.000E+00  Z
 0.000E+00  0.000E+00  0.000E+00  0.000E+00  0.000E+00  0.000E+00  0.000E+00  0.000E+00  0.000E+00  0.000E+00  0.000E+00  0.000E+00  0.000E+00  0.000E+00  0.000E+00  0.000E+00  0.000E+00  0.000E+00  0.000E+00  0.000E+00  0.000E+00  0.000E+00  0.000E+00  0.000E+00  0.000E+00  0.000E+00  0.000E+00  0.000E+00  0.000E+00  0.000E+00  0.000E+00  1.470E-05  0.000E+00  0.000E+00  0.000E+00  0.000E+00  0.000E+00  0.000E+00  0.000E+00  0.000E+00  0.000E+00  0.000E+00  0.000E+00  0.000E+00  0.000E+00  0.000E+00  0.000E+00  1.167E-05  1.154E-05  1.146E-05  4.654E-05  2.277E-05  0.000E+00  2.263E-05  1.115E-05  2.224E-05  4.319E-05  6.448E-05  1.286E-04  6.290E-05  5.294E-05  5.245E-05  8.246E-05  1.124E-04  9.139E-05  1.112E-04  1.400E-04  1.091E-04  8.811E-05  1.580E-04  2.049E-04  1.749E-04  2.772E-04  1.241E-04  1.130E-04  1.881E-04  2.795E-04  2.591E-04  3.326E-04  3.207E-04  4.112E-04  2.527E-04  2.774E-04  4.390E-04  3.910E-04  3.825E-04  4.129E-04  3.924E-04  4.768E-04  5.273E-04  5.053E-04  5.644E-04  5.510E-04  5.155E-04  5.638E-04  6.025E-04  5.912E-04  5.955E-04  5.683E-04  7.207E-04  5.788E-04  5.846E-04  6.875E-04  4.826E-04  6.721E-04  7.019E-04  7.043E-04  6.142E-04  5.419E-04  7.593E-04  5.049E-04  6.067E-04  5.249E-04  4.999E-04  5.182E-04  6.164E-04  5.390E-04  5.490E-04  4.826E-04  3.743E-04  4.255E-04  4.765E-04  3.414E-04  4.133E-04  3.887E-04  4.023E-04  4.152E-04  2.834E-04  2.318E-04  2.381E-04  3.495E-04  2.581E-04  2.336E-04  1.977E-04  1.682E-04  1.968E-04  1.539E-04  1.399E-04  1.671E-04  8.238E-05  1.458E-04  1.035E-04  7.530E-05  1.091E-04  1.162E-04  4.837E-05  6.037E-05  2.031E-05  3.310E-05  2.679E-05  2.680E-05  2.015E-05  1.323E-05  1.970E-05  6.364E-06  0.000E+00  Z
 0.000E+00  0.000E+00  0.000E+00  0.000E+00  0.000E+00  0.000E+00  0.000E+00  0.000E+00  0.000E+00  0.000E+00  0.000E+00  0.000E+00  0.000E+00  0.000E+00  0.000E+00  0.000E+00  0.000E+00  0.000E+00  0.000E+00  0.000E+00  0.000E+00  0.000E+00  0.000E+00  0.000E+00  0.000E+00  0.000E+00  1.575E-05  0.000E+00  0.000E+00  0.000E+00  0.000E+00  0.000E+00  0.000E+00  0.000E+00  0.000E+00  0.000E+00  0.000E+00  0.000E+00  0.000E+00  0.000E+00  0.000E+00  0.000E+00  0.000E+00  0.000E+00  0.000E+00  1.225E-05  3.567E-05  1.166E-05  0.000E+00  1.172E-05  0.000E+00  0.000E+00  3.353E-05  5.588E-05  2.197E-05  1.077E-05  3.210E-05  5.392E-05  4.278E-05  3.155E-05  5.265E-05  1.249E-04  7.338E-05  8.167E-05  9.195E-05  1.208E-04  1.305E-04  1.694E-04  9.863E-05  1.564E-04  2.519E-04  1.735E-04  1.832E-04  1.717E-04  2.848E-04  2.720E-04  3.821E-04  1.572E-04  2.211E-04  3.108E-04  3.106E-04  4.326E-04  3.972E-04  3.751E-04  4.451E-04  3.976E-04  4.641E-04  4.900E-04  3.729E-04  5.178E-04  4.555E-04  4.534E-04  4.692E-04  5.931E-04  6.373E-04  6.096E-04  5.979E-04  6.053E-04  5.917E-04  7.608E-04  6.664E-04  6.488E-04  7.419E-04  6.737E-04  7.293E-04  6.765E-04  6.975E-04  6.227E-04  8.631E-04  6.011E-04  6.771E-04  5.348E-04  6.002E-04  7.216E-04  5.882E-04  5.642E-04  5.681E-04  6.098E-04  5.325E-04  3.448E-04  5.808E-04  4.098E-04  4.136E-04  4.578E-04  3.000E-04  3.377E-04  4.492E-04  4.203E-04  3.813E-04  3.365E-04  2.933E-04  3.069E-04  2.490E-04  2.685E-04  2.267E-04  1.549E-04  1.681E-04  1.554E-04  1.814E-04  1.659E-04  1.245E-04  1.457E-04  1.019E-04  8.895E-05  8.797E-05  6.730E-05  4.736E-05  8.028E-05  4.044E-05  2.684E-05  2.648E-05  2.635E-05  2.000E-05  2.006E-05  1.306E-05  1.335E-05  6.396E-06  1.956E-05  1.332E-05  6.657E-06  0.000E+00  Z
 0.000E+00  0.000E+00  0.000E+00  0.000E+00  0.000E+00  0.000E+00  0.000E+00  0.000E+00  0.000E+00  0.000E+00  0.000E+00  0.000E+00  0.000E+00  0.000E+00  0.000E+00  0.000E+00  0.000E+00  0.000E+00  0.000E+00  0.000E+00  0.000E+00  0.000E+00  0.000E+00  0.000E+00  0.000E+00  0.000E+00  0.000E+00  0.000E+00  0.000E+00  0.000E+00  0.000E+00  0.000E+00  1.412E-05  0.000E+00  0.000E+00  0.000E+00  0.000E+00  0.000E+00  0.000E+00  0.000E+00  1.275E-05  0.000E+00  0.000E+00  0.000E+00  0.000E+00  1.193E-05  3.565E-05  1.175E-05  3.530E-05  0.000E+00  0.000E+00  2.285E-05  4.472E-05  2.235E-05  2.186E-05  3.278E-05  2.180E-05  7.606E-05  3.173E-05  7.415E-05  4.156E-05  5.150E-05  3.079E-05  1.031E-04  9.200E-05  1.015E-04  1.500E-04  7.907E-05  1.580E-04  1.170E-04  2.045E-04  2.992E-04  1.250E-04  1.717E-04  1.899E-04  1.594E-04  2.897E-04  4.268E-04  3.594E-04  2.565E-04  4.817E-04  3.722E-04  4.571E-04  4.476E-04  5.047E-04  4.947E-04  6.136E-04  3.840E-04  4.687E-04  5.288E-04  6.024E-04  4.450E-04  6.889E-04  5.570E-04  6.693E-04  7.179E-04  6.657E-04  5.630E-04  5.448E-04  6.164E-04  6.358E-04  7.460E-04  7.493E-04  6.907E-04  7.746E-04  5.488E-04  7.316E-04  7.272E-04  7.052E-04  6.151E-04  6.522E-04  6.973E-04  6.173E-04  8.116E-04  6.123E-04  6.077E-04  6.678E-04  5.945E-04  5.122E-04  5.905E-04  4.162E-04  5.709E-04  4.943E-04  4.416E-04  4.239E-04  4.674E-04  4.496E-04  4.133E-04  3.456E-04  3.153E-04  3.855E-04  3.064E-04  2.627E-04  2.620E-04  2.605E-04  2.104E-04  2.803E-04  1.535E-04  2.275E-04  1.594E-04  8.225E-05  1.302E-04  1.105E-04  9.562E-05  1.230E-04  8.107E-05  6.127E-05  5.365E-05  3.374E-05  6.777E-05  5.371E-05  3.990E-05  3.958E-05  2.672E-05  2.598E-05  1.957E-05  0.000E+00  Z
 0.000E+00  0.000E+00  0.000E+00  0.000E+00  0.000E+00  0.000E+00  0.000E+00  0.000E+00  0.000E+00  0.000E+00  0.000E+00  0.000E+00  0.000E+00  0.000E+00  0.000E+00  0.000E+00  0.000E+00  0.000E+00  0.000E+00  0.000E+00  0.000E+00  0.000E+00  0.000E+00  0.000E+00  0.000E+00  0.000E+00  0.000E+00  0.000E+00  0.000E+00  0.000E+00  0.000E+00  0.000E+00  0.000E+00  0.000E+00  0.000E+00  0.000E+00  0.000E+00  0.000E+00  0.000E+00  0.000E+00  0.000E+00  0.000E+00  0.000E+00  0.000E+00  0.000E+00  0.000E+00  0.000E+00  2.385E-05  0.000E+00  1.185E-05  2.269E-05  3.373E-05  3.355E-05  1.096E-05  2.238E-05  7.740E-05  7.620E-05  0.000E+00  4.319E-05  6.344E-05  6.276E-05  4.157E-05  8.287E-05  7.252E-05  1.018E-04  1.314E-04  7.089E-05  1.090E-04  1.279E-04  1.275E-04  1.648E-04  1.823E-04  2.401E-04  1.417E-04  2.276E-04  2.358E-04  2.538E-04  2.511E-04  3.418E-04  2.663E-04  3.363E-04  4.783E-04  4.140E-04  4.578E-04  3.573E-04  4.964E-04  5.089E-04  5.158E-04  5.801E-04  5.277E-04  6.090E-04  5.038E-04  5.774E-04  7.691E-04  5.558E-04  7.452E-04  6.160E-04  7.544E-04  6.117E-04  6.470E-04  7.039E-04  6.652E-04  7.764E-04  7.079E-04  8.240E-04  6.851E-04  6.080E-04  7.426E-04  7.367E-04  6.407E-04  8.723E-04  7.114E-04  7.406E-04  7.822E-04  7.121E-04  6.005E-04  7.063E-04  5.748E-04  4.676E-04  5.681E-04  5.590E-04  4.938E-04  4.657E-04  5.239E-04  4.990E-04  5.559E-04  4.937E-04  4.410E-04  4.163E-04  3.379E-04  3.445E-04  3.211E-04  2.969E-04  3.409E-04  2.475E-04  2.812E-04  2.100E-04  1.956E-04  1.320E-04  1.457E-04  1.509E-04  1.241E-04  7.525E-05  1.164E-04  9.524E-05  8.809E-05  1.214E-04  8.727E-05  8.017E-05  4.032E-05  7.363E-05  4.004E-05  4.569E-05  1.350E-05  2.608E-05  0.000E+00  Z
 0.000E+00  0.000E+00  0.000E+00  0.000E+00  0.000E+00  0.000E+00  0.000E+00  0.000E+00  0.000E+00  0.000E+00  0.000E+00  0.000E+00  0.000E+00  0.000E+00  0.000E+00  0.000E+00  0.000E+00  0.000E+00  0.000E+00  0.000E+00  0.000E+00  0.000E+00  0.000E+00  0.000E+00  0.000E+00  0.000E+00  0.000E+00  0.000E+00  0.000E+00  0.000E+00  0.000E+00  0.000E+00  0.000E+00  0.000E+00  0.000E+00  0.000E+00  0.000E+00  0.000E+00  0.000E+00  0.000E+00  0.000E+00  0.000E+00  1.244E-05  0.000E+00  1.212E-05  1.209E-05  1.205E-05  0.000E+00  1.194E-05  1.177E-05  2.266E-05  2.277E-05  0.000E+00  1.124E-05  2.212E-05  1.116E-05  6.571E-05  3.241E-05  7.523E-05  4.197E-05  9.416E-05  8.316E-05  1.141E-04  1.241E-04  5.061E-05  1.416E-04  1.207E-04  1.484E-04  8.900E-05  9.819E-05  1.360E-04  1.640E-04  2.112E-04  2.190E-04  2.657E-04  2.557E-04  2.625E-04  2.320E-04  2.769E-04  3.391E-04  3.550E-04  4.070E-04  4.219E-04  4.653E-04  4.282E-04  4.882E-04  6.228E-04  4.365E-04  6.345E-04  5.277E-04  4.984E-04  6.427E-04  7.461E-04  6.363E-04  5.884E-04  5.848E-04  6.331E-04  8.598E-04  9.699E-04  6.231E-04  7.740E-04  7.476E-04  6.860E-04  7.002E-04  8.231E-04  7.233E-04  7.929E-04  7.339E-04  8.148E-04  7.656E-04  7.769E-04  9.222E-04  7.273E-04  6.826E-04  8.177E-04  7.379E-04  6.519E-04  6.049E-04  6.185E-04  6.626E-04  6.851E-04  6.019E-04  5.841E-04  6.413E-04  4.787E-04  4.378E-04  4.516E-04  5.012E-04  5.047E-04  3.600E-04  4.009E-04  4.429E-04  3.484E-04  3.404E-04  2.753E-04  2.791E-04  2.522E-04  1.743E-04  2.153E-04  1.726E-04  1.452E-04  1.507E-04  1.370E-04  1.018E-04  1.223E-04  9.452E-05  1.147E-04  8.037E-05  2.676E-05  4.666E-05  2.040E-05  5.934E-05  3.295E-05  6.582E-05  3.301E-05  6.383E-06  1.295E-05  6.477E-06  4.473E-05  6.609E-06  2.611E-05  1.254E-05  6.301E-06  6.619E-06  0.000E+00  Z
 0.000E+00  0.000E+00  0.000E+00  0.000E+00  0.000E+00  0.000E+00  0.000E+00  0.000E+00  0.000E+00  0.000E+00  0.000E+00  0.000E+00  0.000E+00  0.000E+00  0.000E+00  0.000E+00  0.000E+00  0.000E+00  0.000E+00  0.000E+00  0.000E+00  0.000E+00  0.000E+00  0.000E+00  0.000E+00  0.000E+00  0.000E+00  0.000E+00  0.000E+00  0.000E+00  0.000E+00  0.000E+00  0.000E+00  0.000E+00  0.000E+00  0.000E+00  0.000E+00  0.000E+00  0.000E+00  0.000E+00  0.000E+00  0.000E+00  2.514E-05  0.000E+00  0.000E+00  0.000E+00  0.000E+00  0.000E+00  2.343E-05  2.304E-05  2.327E-05  3.412E-05  3.411E-05  4.469E-05  3.297E-05  4.421E-05  3.251E-05  2.133E-05  1.070E-05  4.160E-05  6.319E-05  4.105E-05  7.275E-05  7.146E-05  6.102E-05  1.408E-04  1.200E-04  1.200E-04  1.476E-04  1.074E-04  1.554E-04  1.828E-04  2.017E-04  2.095E-04  1.893E-04  2.529E-04  1.683E-04  3.620E-04  3.975E-04  3.294E-04  4.464E-04  2.888E-04  5.686E-04  4.390E-04  4.914E-04  4.701E-04  3.246E-04  4.443E-04  6.072E-04  7.254E-04  5.505E-04  5.302E-04  5.614E-04  6.669E-04  7.118E-04  7.919E-04  8.647E-04  7.277E-04  8.146E-04  8.862E-04  8.694E-04  7.873E-04  7.280E-04  7.960E-04  7.670E-04  8.645E-04  8.101E-04  8.931E-04  8.345E-04  7.807E-04  8.087E-04  6.564E-04  7.944E-04  8.582E-04  7.204E-04  8.050E-04  5.443E-04  8.222E-04  7.670E-04  6.447E-04  5.929E-04  6.081E-04  5.512E-04  6.178E-04  5.564E-04  5.174E-04  4.358E-04  5.208E-04  4.765E-04  4.382E-04  4.154E-04  3.367E-04  3.063E-04  4.261E-04  3.048E-04  2.868E-04  3.767E-04  2.706E-04  2.223E-04  2.420E-04  2.550E-04  1.582E-04  1.437E-04  1.514E-04  8.851E-05  1.277E-04  1.485E-04  8.727E-05  7.355E-05  1.003E-04  6.615E-05  2.709E-05  6.568E-05  5.323E-05  4.553E-05  1.984E-05  0.000E+00  Z
 0.000E+00  0.000E+00  0.000E+00  0.000E+00  0.000E+00  0.000E+00  0.000E+00  0.000E+00  0.000E+00  0.000E+00  0.000E+00  0.000E+00  0.000E+00  0.000E+00  0.000E+00  0.000E+00  0.000E+00  0.000E+00  0.000E+00  0.000E+00  0.000E+00  0.000E+00  0.000E+00  0.000E+00  0.000E+00  0.000E+00  0.000E+00  0.000E+00  0.000E+00  0.000E+00  0.000E+00  0.000E+00  0.000E+00  0.000E+00  0.000E+00  1.375E-05  0.000E+00  1.347E-05  0.000E+00  0.000E+00  0.000E+00  1.271E-05  1.247E-05  0.000E+00  2.468E-05  1.195E-05  0.000E+00  1.211E-05  2.345E-05  2.318E-05  0.000E+00  1.136E-05  0.000E+00  3.341E-05  1.104E-05  6.524E-05  2.157E-05  3.263E-05  5.295E-05  3.166E-05  9.446E-05  9.387E-05  8.315E-05  8.294E-05  1.221E-04  5.986E-05  1.400E-04  1.689E-04  1.785E-04  1.859E-04  2.150E-04  2.610E-04  1.823E-04  2.951E-04  2.286E-04  3.738E-04  4.015E-04  3.537E-04  3.515E-04  3.844E-04  4.742E-04  4.247E-04  5.488E-04  5.362E-04  5.233E-04  5.397E-04  4.914E-04  5.701E-04  5.647E-04  6.652E-04  6.381E-04  6.318E-04  7.156E-04  6.769E-04  7.325E-04  8.370E-04  9.143E-04  6.554E-04  9.407E-04  8.852E-04  8.411E-04  9.317E-04  9.600E-04  7.625E-04  7.577E-04  8.844E-04  9.512E-04  8.433E-04  9.027E-04  9.978E-04  9.875E-04  9.302E-04  9.467E-04  8.668E-04  8.862E-04  9.296E-04  7.217E-04  9.264E-04  8.028E-04  8.305E-04  7.807E-04  7.778E-04  6.785E-04  7.751E-04  6.870E-04  7.362E-04  5.743E-04  7.239E-04  5.245E-04  5.325E-04  5.952E-04  5.427E-04  4.554E-04  4.179E-04  3.890E-04  3.181E-04  3.644E-04  3.001E-04  2.370E-04  2.760E-04  2.152E-04  2.556E-04  2.338E-04  1.904E-04  1.762E-04  1.348E-04  1.611E-04  4.723E-05  1.011E-04  1.203E-04  1.259E-04  7.295E-05  1.128E-04  5.902E-05  5.230E-05  5.244E-05  3.276E-05  4.544E-05  6.673E-06  2.603E-05  1.899E-05  2.557E-05  1.928E-05  2.584E-05  1.938E-05  6.346E-06  0.000E+00  Z
 0.000E+00  0.000E+00  0.000E+00  0.000E+00  0.000E+00  0.000E+00  0.000E+00  0.000E+00  0.000E+00  0.000E+00  0.000E+00  0.000E+00  0.000E+00  0.000E+00  0.000E+00  0.000E+00  0.000E+00  0.000E+00  0.000E+00  0.000E+00  0.000E+00  0.000E+00  0.000E+00  0.000E+00  0.000E+00  0.000E+00  0.000E+00  0.000E+00  0.000E+00  0.000E+00  0.000E+00  0.000E+00  0.000E+00  0.000E+00  1.395E-05  0.000E+00  0.000E+00  0.000E+00  1.312E-05  0.000E+00  1.288E-05  0.000E+00  0.000E+00  0.000E+00  2.463E-05  0.000E+00  0.000E+00  0.000E+00  0.000E+00  4.602E-05  1.168E-05  5.679E-05  1.116E-05  3.345E-05  5.512E-05  0.000E+00  2.169E-05  2.188E-05  9.625E-05  3.145E-05  5.334E-05  8.414E-05  9.248E-05  1.135E-04  1.017E-04  9.070E-05  1.000E-04  1.393E-04  1.787E-04  3.037E-04  2.339E-04  1.537E-04  2.316E-04  3.816E-04  3.211E-04  3.105E-04  3.940E-04  3.622E-04  3.344E-04  3.841E-04  4.266E-04  4.985E-04  4.593E-04  5.091E-04  4.891E-04  5.217E-04  5.631E-04  5.952E-04  6.956E-04  4.840E-04  7.471E-04  8.638E-04  7.208E-04  7.617E-04  6.838E-04  9.472E-04  7.555E-04  8.938E-04  9.035E-04  8.138E-04  9.375E-04  7.709E-04  9.615E-04  9.015E-04  9.852E-04  9.558E-04  9.945E-04  1.066E-03  9.488E-04  9.120E-04  8.566E-04  1.048E-03  1.023E-03  9.578E-04  9.543E-04  1.060E-03  8.919E-04  7.619E-04  8.340E-04  7.867E-04  9.747E-04  8.223E-04  8.350E-04  8.809E-04  7.349E-04  6.363E-04  7.644E-04  5.874E-04  6.710E-04  6.411E-04  5.769E-04  5.637E-04  5.895E-04  5.083E-04  5.307E-04  4.499E-04  3.492E-04  3.928E-04  3.749E-04  3.327E-04  2.897E-04  3.022E-04  2.343E-04  1.992E-04  2.440E-04  1.771E-04  1.552E-04  1.945E-04  1.610E-04  1.343E-04  1.393E-04  1.203E-04  7.284E-05  7.212E-05  8.539E-05  5.938E-05  4.622E-05  5.837E-05  2.606E-05  5.178E-05  3.283E-05  6.371E-06  2.579E-05  3.787E-05  1.881E-05  0.000E+00  Z
 0.000E+00  0.000E+00  0.000E+00  0.000E+00  0.000E+00  0.000E+00  0.000E+00  0.000E+00  0.000E+00  0.000E+00  0.000E+00  0.000E+00  0.000E+00  0.000E+00  0.000E+00  0.000E+00  0.000E+00  0.000E+00  0.000E+00  0.000E+00  0.000E+00  0.000E+00  0.000E+00  0.000E+00  0.000E+00  0.000E+00  0.000E+00  0.000E+00  0.000E+00  0.000E+00  0.000E+00  0.000E+00  0.000E+00  0.000E+00  0.000E+00  0.000E+00  0.000E+00  0.000E+00  0.000E+00  1.317E-05  0.000E+00  0.000E+00  1.255E-05  0.000E+00  3.646E-05  1.204E-05  2.361E-05  0.000E+00  2.326E-05  3.475E-05  3.416E-05  2.306E-05  3.353E-05  3.321E-05  3.308E-05  2.196E-05  4.329E-05  5.456E-05  6.458E-05  3.179E-05  7.311E-05  6.211E-05  7.246E-05  6.076E-05  8.121E-05  1.815E-04  1.105E-04  1.981E-04  2.266E-04  1.365E-04  2.537E-04  3.087E-04  2.213E-04  3.038E-04  4.174E-04  3.196E-04  3.186E-04  3.622E-04  3.332E-04  3.578E-04  4.473E-04  5.166E-04  4.942E-04  4.647E-04  5.591E-04  6.717E-04  7.031E-04  6.470E-04  6.343E-04  7.112E-04  8.488E-04  7.949E-04  7.965E-04  7.248E-04  8.242E-04  9.452E-04  1.025E-03  9.986E-04  9.291E-04  1.021E-03  8.069E-04  1.161E-03  1.224E-03  1.175E-03  1.133E-03  1.109E-03  9.581E-04  1.089E-03  1.254E-03  1.156E-03  1.126E-03  1.170E-03  1.323E-03  1.065E-03  1.097E-03  1.140E-03  1.335E-03  1.001E-03  1.127E-03  1.071E-03  1.022E-03  9.479E-04  1.011E-03  1.052E-03  1.085E-03  9.370E-04  8.558E-04  8.250E-04  8.452E-04  8.618E-04  7.820E-04  8.697E-04  6.728E-04  7.280E-04  6.285E-04  6.164E-04  5.656E-04  5.651E-04  5.413E-04  5.121E-04  3.728E-04  4.062E-04  3.420E-04  2.718E-04  2.660E-04  2.855E-04  3.186E-04  2.356E-04  2.340E-04  1.736E-04  2.061E-04  1.860E-04  1.779E-04  1.387E-04  1.375E-04  9.175E-05  9.892E-05  9.085E-05  7.130E-05  5.825E-05  2.577E-05  3.220E-05  5.705E-05  3.857E-05  3.148E-05  3.208E-05  1.268E-05  1.887E-05  6.447E-06  1.906E-05  6.365E-06  6.285E-06  1.284E-05  0.000E+00  Z
 0.000E+00  0.000E+00  0.000E+00  0.000E+00  0.000E+00  0.000E+00  0.000E+00  0.000E+00  0.000E+00  0.000E+00  0.000E+00  0.000E+00  0.000E+00  0.000E+00  0.000E+00  0.000E+00  0.000E+00  0.000E+00  0.000E+00  0.000E+00  0.000E+00  0.000E+00  0.000E+00  0.000E+00  0.000E+00  0.000E+00  0.000E+00  0.000E+00  0.000E+00  0.000E+00  0.000E+00  0.000E+00  0.000E+00  0.000E+00  0.000E+00  0.000E+00  0.000E+00  0.000E+00  1.337E-05  0.000E+00  0.000E+00  1.256E-05  0.000E+00  1.254E-05  2.428E-05  0.000E+00  1.222E-05  2.367E-05  1.164E-05  5.772E-05  0.000E+00  0.000E+00  2.267E-05  1.093E-05  3.358E-05  4.384E-05  5.409E-05  3.237E-05  6.437E-05  4.224E-05  7.323E-05  5.189E-05  1.140E-04  5.071E-05  4.035E-05  1.108E-04  1.102E-04  1.497E-04  1.665E-04  2.052E-04  2.928E-04  2.987E-04  3.554E-04  3.142E-04  1.892E-04  4.316E-04  3.732E-04  4.741E-04  3.696E-04  3.822E-04  3.278E-04  5.424E-04  5.411E-04  6.072E-04  6.749E-04  6.810E-04  8.440E-04  7.596E-04  7.128E-04  7.174E-04  8.339E-04  7.933E-04  9.609E-04  8.289E-04  1.018E-03  9.637E-04  1.231E-03  8.111E-04  1.153E-03  1.107E-03  1.173E-03  1.131E-03  1.169E-03  1.352E-03  1.192E-03  1.442E-03  1.243E-03  1.201E-03  1.338E-03  1.376E-03  1.304E-03  1.369E-03  1.529E-03  1.294E-03  1.277E-03  1.545E-03  1.311E-03  1.131E-03  1.315E-03  1.383E-03  1.417E-03  1.079E-03  1.265E-03  1.303E-03  1.244E-03  1.243E-03  1.316E-03  1.122E-03  1.183E-03  1.005E-03  1.101E-03  1.077E-03  1.075E-03  9.753E-04  9.168E-04  8.235E-04  8.696E-04  7.599E-04  6.035E-04  7.113E-04  7.596E-04  6.389E-04  5.825E-04  5.173E-04  4.427E-04  5.016E-04  4.391E-04  4.043E-04  4.505E-04  3.565E-04  3.139E-04  2.669E-04  2.402E-04  2.796E-04  1.113E-04  2.489E-04  2.088E-04  1.835E-04  1.242E-04  1.292E-04  1.104E-04  8.924E-05  7.030E-05  7.051E-05  5.754E-05  4.410E-05  3.169E-05  6.310E-05  4.424E-05  1.859E-05  2.533E-05  1.849E-05  1.886E-05  1.842E-05  1.243E-05  6.349E-06  0.000E+00  Z
 0.000E+00  0.000E+00  0.000E+00  0.000E+00  0.000E+00  0.000E+00  0.000E+00  0.000E+00  0.000E+00  0.000E+00  0.000E+00  0.000E+00  0.000E+00  0.000E+00  0.000E+00  0.000E+00  0.000E+00  0.000E+00  0.000E+00  0.000E+00  0.000E+00  0.000E+00  0.000E+00  0.000E+00  0.000E+00  0.000E+00  0.000E+00  0.000E+00  1.513E-05  0.000E+00  0.000E+00  0.000E+00  0.000E+00  1.394E-05  0.000E+00  0.000E+00  0.000E+00  0.000E+00  1.309E-05  0.000E+00  1.269E-05  0.000E+00  0.000E+00  1.223E-05  1.215E-05  2.421E-05  1.202E-05  2.396E-05  2.313E-05  0.000E+00  0.000E+00  4.502E-05  6.766E-05  1.116E-05  6.600E-05  8.801E-05  6.505E-05  3.222E-05  1.493E-04  1.065E-04  1.255E-04  8.329E-05  9.283E-05  9.253E-05  1.023E-04  1.312E-04  2.301E-04  2.281E-04  2.857E-04  2.650E-04  1.650E-04  2.034E-04  3.353E-04  3.327E-04  3.964E-04  3.476E-04  4.306E-04  3.717E-04  5.812E-04  4.669E-04  5.371E-04  6.257E-04  7.468E-04  6.341E-04  8.359E-04  7.567E-04  8.547E-04  7.522E-04  7.133E-04  7.855E-04  8.704E-04  9.158E-04  8.151E-04  9.064E-04  1.091E-03  1.261E-03  1.232E-03  1.085E-03  1.111E-03  1.407E-03  1.344E-03  1.396E-03  1.235E-03  1.407E-03  1.560E-03  1.274E-03  1.353E-03  1.539E-03  1.507E-03  1.549E-03  1.495E-03  1.618E-03  1.428E-03  1.436E-03  1.650E-03  1.637E-03  1.709E-03  1.720E-03  1.737E-03  1.480E-03  1.548E-03  1.618E-03  1.633E-03  1.466E-03  1.700E-03  1.519E-03  1.657E-03  1.330E-03  1.523E-03  1.317E-03  1.365E-03  1.425E-03  1.170E-03  1.131E-03  1.240E-03  1.084E-03  1.144E-03  1.020E-03  1.007E-03  1.032E-03  8.338E-04  6.717E-04  7.538E-04  7.920E-04  6.900E-04  7.531E-04  7.740E-04  6.066E-04  6.433E-04  5.212E-04  5.549E-04  4.508E-04  4.296E-04  3.777E-04  3.628E-04  3.141E-04  3.401E-04  2.860E-04  1.948E-04  2.206E-04  2.000E-04  1.985E-04  1.353E-04  1.412E-04  1.659E-04  1.076E-04  9.426E-05  1.326E-04  1.198E-04  3.159E-05  5.613E-05  4.391E-05  4.981E-05  1.881E-05  3.710E-05  2.470E-05  4.885E-05  3.051E-05  1.190E-05  1.846E-05  1.863E-05  0.000E+00  Z
 0.000E+00  0.000E+00  0.000E+00  0.000E+00  0.000E+00  0.000E+00  0.000E+00  0.000E+00  0.000E+00  0.000E+00  0.000E+00  0.000E+00  0.000E+00  0.000E+00  0.000E+00  0.000E+00  0.000E+00  0.000E+00  0.000E+00  0.000E+00  0.000E+00  0.000E+00  0.000E+00  0.000E+00  0.000E+00  0.000E+00  0.000E+00  0.000E+00  0.000E+00  0.000E+00  0.000E+00  0.000E+00  0.000E+00  0.000E+00  0.000E+00  0.000E+00  0.000E+00  0.000E+00  1.296E-05  0.000E+00  0.000E+00  1.258E-05  0.000E+00  0.000E+00  1.206E-05  1.216E-05  2.414E-05  0.000E+00  4.645E-05  2.307E-05  0.000E+00  4.519E-05  0.000E+00  4.520E-05  3.373E-05  6.527E-05  3.243E-05  5.391E-05  1.068E-04  4.235E-05  8.324E-05  1.037E-04  7.247E-05  7.149E-05  1.025E-04  1.513E-04  1.808E-04  2.087E-04  2.478E-04  2.651E-04  2.237E-04  2.599E-04  2.503E-04  2.857E-04  3.502E-04  5.086E-04  5.327E-04  4.477E-04  4.978E-04  6.137E-04  5.840E-04  5.901E-04  5.576E-04  5.705E-04  6.840E-04  8.033E-04  8.443E-04  9.883E-04  9.120E-04  1.104E-03  9.208E-04  1.048E-03  1.055E-03  1.293E-03  9.894E-04  1.281E-03  1.406E-03  1.470E-03  1.423E-03  1.500E-03  1.549E-03  1.592E-03  1.533E-03  1.757E-03  1.602E-03  1.868E-03  1.712E-03  1.884E-03  1.641E-03  1.826E-03  1.904E-03  1.867E-03  2.068E-03  1.965E-03  1.981E-03  2.003E-03  1.955E-03  2.250E-03  1.800E-03  1.989E-03  1.935E-03  2.065E-03  1.798E-03  1.993E-03  2.067E-03  1.823E-03  2.098E-03  2.014E-03  1.795E-03  1.946E-03  1.840E-03  1.657E-03  1.860E-03  1.709E-03  1.513E-03  1.721E-03  1.717E-03  1.463E-03  1.475E-03  1.445E-03  1.284E-03  1.218E-03  1.248E-03  9.956E-04  1.141E-03  9.457E-04  1.126E-03  1.015E-03  9.693E-04  8.964E-04  8.263E-04  9.059E-04  6.182E-04  5.535E-04  6.503E-04  6.049E-04  5.174E-04  4.888E-04  4.679E-04  5.057E-04  4.063E-04  3.368E-04  3.173E-04  3.062E-04  2.291E-04  1.913E-04  1.843E-04  2.662E-04  1.646E-04  1.247E-04  1.626E-04  1.065E-04  1.242E-04  6.846E-05  7.507E-05  1.228E-04  3.683E-05  3.066E-05  4.871E-05  3.673E-05  4.843E-05  3.026E-05  4.301E-05  1.816E-05  1.216E-05  1.754E-05  1.193E-05  5.995E-06  1.213E-05  0.000E+00  Z
 0.000E+00  0.000E+00  0.000E+00  0.000E+00  0.000E+00  0.000E+00  0.000E+00  0.000E+00  0.000E+00  0.000E+00  0.000E+00  0.000E+00  0.000E+00  0.000E+00  0.000E+00  0.000E+00  0.000E+00  0.000E+00  0.000E+00  0.000E+00  0.000E+00  0.000E+00  0.000E+00  0.000E+00  0.000E+00  0.000E+00  0.000E+00  0.000E+00  0.000E+00  0.000E+00  0.000E+00  0.000E+00  0.000E+00  0.000E+00  0.000E+00  1.373E-05  0.000E+00  0.000E+00  0.000E+00  0.000E+00  0.000E+00  0.000E+00  1.249E-05  1.236E-05  1.245E-05  1.217E-05  1.197E-05  0.000E+00  1.172E-05  0.000E+00  4.554E-05  2.290E-05  3.379E-05  6.683E-05  2.227E-05  4.435E-05  5.435E-05  6.467E-05  1.074E-04  9.527E-05  5.268E-05  1.143E-04  1.138E-04  8.187E-05  1.737E-04  2.012E-04  8.039E-05  2.094E-04  2.860E-04  2.558E-04  3.590E-04  3.197E-04  3.637E-04  3.529E-04  3.965E-04  3.297E-04  4.490E-04  4.562E-04  4.708E-04  6.258E-04  6.532E-04  6.864E-04  6.039E-04  6.892E-04  6.852E-04  8.761E-04  8.167E-04  9.944E-04  1.028E-03  1.055E-03  1.134E-03  1.092E-03  1.090E-03  1.114E-03  1.230E-03  1.275E-03  1.448E-03  1.666E-03  1.665E-03  1.530E-03  1.402E-03  1.696E-03  1.523E-03  1.832E-03  1.632E-03  1.836E-03  1.771E-03  1.872E-03  2.114E-03  1.773E-03  2.016E-03  1.815E-03  2.107E-03  2.093E-03  2.277E-03  2.103E-03  2.249E-03  2.168E-03  2.115E-03  2.481E-03  2.118E-03  2.416E-03  2.281E-03  2.451E-03  2.131E-03  2.002E-03  2.201E-03  2.369E-03  2.349E-03  1.919E-03  1.993E-03  2.376E-03  2.093E-03  1.973E-03  2.067E-03  1.942E-03  1.888E-03  1.695E-03  1.930E-03  1.916E-03  1.711E-03  1.727E-03  1.409E-03  1.635E-03  1.410E-03  1.433E-03  1.551E-03  1.137E-03  1.346E-03  1.193E-03  1.205E-03  9.636E-04  1.073E-03  9.448E-04  7.301E-04  7.196E-04  7.775E-04  7.034E-04  7.152E-04  5.893E-04  5.223E-04  4.501E-04  4.688E-04  3.890E-04  3.889E-04  4.623E-04  3.247E-04  2.216E-04  2.459E-04  2.263E-04  2.080E-04  1.749E-04  2.304E-04  1.556E-04  1.054E-04  1.914E-04  1.180E-04  5.653E-05  1.218E-04  9.247E-05  7.317E-05  6.639E-05  4.799E-05  4.849E-05  1.818E-05  4.241E-05  3.606E-05  2.983E-05  1.229E-05  0.000E+00  Z
 0.000E+00  0.000E+00  0.000E+00  0.000E+00  0.000E+00  0.000E+00  0.000E+00  0.000E+00  0.000E+00  0.000E+00  0.000E+00  0.000E+00  0.000E+00  0.000E+00  0.000E+00  0.000E+00  0.000E+00  0.000E+00  0.000E+00  0.000E+00  0.000E+00  0.000E+00  0.000E+00  0.000E+00  0.000E+00  0.000E+00  0.000E+00  0.000E+00  0.000E+00  0.000E+00  0.000E+00  0.000E+00  1.427E-05  0.000E+00  0.000E+00  0.000E+00  0.000E+00  0.000E+00  0.000E+00  0.000E+00  0.000E+00  0.000E+00  0.000E+00  0.000E+00  1.221E-05  0.000E+00  1.176E-05  2.350E-05  0.000E+00  3.506E-05  2.280E-05  2.283E-05  3.396E-05  3.361E-05  5.549E-05  8.700E-05  4.361E-05  7.466E-05  4.282E-05  1.163E-04  1.255E-04  1.556E-04  1.656E-04  1.531E-04  2.343E-04  1.509E-04  2.108E-04  2.386E-04  2.177E-04  2.836E-04  2.918E-04  2.720E-04  3.057E-04  3.147E-04  4.080E-04  4.046E-04  4.484E-04  6.117E-04  5.239E-04  6.137E-04  6.562E-04  6.154E-04  7.288E-04  7.685E-04  7.896E-04  9.455E-04  7.453E-04  9.779E-04  9.697E-04  9.940E-04  1.015E-03  1.173E-03  1.269E-03  1.347E-03  1.215E-03  1.319E-03  1.468E-03  1.582E-03  1.979E-03  1.339E-03  1.737E-03  1.861E-03  1.873E-03  1.832E-03  1.953E-03  1.888E-03  2.139E-03  2.389E-03  2.606E-03  2.131E-03  2.257E-03  2.258E-03  2.298E-03  2.372E-03  2.601E-03  2.349E-03  2.666E-03  2.450E-03  2.677E-03  2.354E-03  2.649E-03  2.840E-03  2.712E-03  2.640E-03  2.648E-03  2.669E-03  2.441E-03  2.585E-03  2.683E-03  2.815E-03  2.594E-03  2.542E-03  2.319E-03  2.665E-03  2.114E-03  2.381E-03  2.446E-03  2.081E-03  2.179E-03  2.368E-03  2.016E-03  2.072E-03  2.199E-03  1.933E-03  1.865E-03  1.921E-03  1.791E-03  1.929E-03  1.603E-03  1.706E-03  1.672E-03  1.460E-03  1.359E-03  1.403E-03  1.218E-03  1.211E-03  1.150E-03  1.068E-03  9.790E-04  9.419E-04  9.815E-04  8.179E-04  7.828E-04  6.788E-04  6.584E-04  5.670E-04  5.761E-04  5.511E-04  3.553E-04  3.137E-04  5.365E-04  3.633E-04  3.239E-04  2.792E-04  2.788E-04  2.790E-04  1.910E-04  2.274E-04  2.092E-04  1.590E-04  1.758E-04  6.025E-05  9.700E-05  1.386E-04  7.860E-05  6.582E-05  6.511E-05  5.381E-05  2.405E-05  4.223E-05  2.944E-05  3.514E-05  4.169E-05  2.379E-05  5.643E-06  2.944E-05  0.000E+00  Z
 0.000E+00  0.000E+00  0.000E+00  0.000E+00  0.000E+00  0.000E+00  0.000E+00  0.000E+00  0.000E+00  0.000E+00  0.000E+00  0.000E+00  0.000E+00  0.000E+00  0.000E+00  0.000E+00  0.000E+00  0.000E+00  0.000E+00  0.000E+00  0.000E+00  0.000E+00  0.000E+00  0.000E+00  0.000E+00  0.000E+00  0.000E+00  0.000E+00  0.000E+00  0.000E+00  0.000E+00  0.000E+00  0.000E+00  0.000E+00  0.000E+00  0.000E+00  0.000E+00  0.000E+00  0.000E+00  0.000E+00  0.000E+00  0.000E+00  1.233E-05  2.495E-05  0.000E+00  1.189E-05  1.176E-05  0.000E+00  3.505E-05  1.159E-05  0.000E+00  3.454E-05  4.465E-05  4.531E-05  2.210E-05  8.789E-05  2.165E-05  4.294E-05  1.496E-04  5.329E-05  1.157E-04  9.387E-05  1.648E-04  1.637E-04  1.926E-04  1.820E-04  2.110E-04  1.991E-04  2.868E-04  2.740E-04  4.178E-04  4.040E-04  4.310E-04  3.727E-04  4.631E-04  4.886E-04  5.224E-04  5.460E-04  6.645E-04  6.225E-04  6.848E-04  8.057E-04  5.962E-04  7.530E-04  8.164E-04  8.638E-04  9.773E-04  9.011E-04  1.078E-03  1.210E-03  1.408E-03  1.290E-03  1.409E-03  1.405E-03  1.362E-03  1.414E-03  1.469E-03  1.622E-03  1.817E-03  1.803E-03  1.857E-03  2.011E-03  2.036E-03  2.126E-03  2.366E-03  2.182E-03  2.191E-03  2.545E-03  2.237E-03  2.534E-03  2.420E-03  2.625E-03  2.570E-03  2.603E-03  2.693E-03  2.786E-03  2.865E-03  2.850E-03  2.798E-03  2.662E-03  2.786E-03  2.917E-03  3.101E-03  2.884E-03  2.975E-03  3.034E-03  3.063E-03  2.749E-03  2.863E-03  3.189E-03  2.763E-03  2.945E-03  2.580E-03  2.581E-03  2.861E-03  2.529E-03  2.811E-03  2.951E-03  2.558E-03  2.780E-03  2.483E-03  2.378E-03  2.447E-03  2.429E-03  2.072E-03  2.414E-03  2.028E-03  2.209E-03  1.958E-03  2.201E-03  2.061E-03  1.873E-03  1.892E-03  1.620E-03  1.601E-03  1.667E-03  1.617E-03  1.686E-03  1.313E-03  1.309E-03  1.299E-03  1.248E-03  1.035E-03  1.087E-03  9.326E-04  8.996E-04  7.141E-04  8.109E-04  5.860E-04  6.770E-04  5.590E-04  5.241E-04  4.795E-04  4.901E-04  4.134E-04  4.012E-04  3.005E-04  2.953E-04  2.284E-04  2.511E-04  2.140E-04  1.941E-04  1.811E-04  1.028E-04  1.264E-04  7.786E-05  1.251E-04  9.528E-05  7.789E-05  6.536E-05  7.716E-05  4.169E-05  2.409E-05  8.331E-05  3.478E-05  5.294E-05  5.725E-06  1.754E-05  3.463E-05  2.323E-05  2.328E-05  5.958E-06  5.562E-06  1.721E-05  0.000E+00  Z
 0.000E+00  0.000E+00  0.000E+00  0.000E+00  0.000E+00  0.000E+00  0.000E+00  0.000E+00  0.000E+00  0.000E+00  0.000E+00  0.000E+00  0.000E+00  0.000E+00  0.000E+00  0.000E+00  0.000E+00  0.000E+00  0.000E+00  0.000E+00  0.000E+00  0.000E+00  0.000E+00  0.000E+00  0.000E+00  0.000E+00  0.000E+00  0.000E+00  0.000E+00  0.000E+00  0.000E+00  0.000E+00  0.000E+00  0.000E+00  0.000E+00  0.000E+00  0.000E+00  0.000E+00  0.000E+00  0.000E+00  0.000E+00  0.000E+00  0.000E+00  0.000E+00  1.236E-05  3.594E-05  0.000E+00  2.337E-05  0.000E+00  1.174E-05  0.000E+00  2.260E-05  2.250E-05  3.306E-05  1.131E-05  9.879E-05  6.566E-05  8.611E-05  5.343E-05  1.375E-04  1.056E-04  1.045E-04  1.547E-04  1.533E-04  1.317E-04  2.537E-04  2.012E-04  1.681E-04  1.980E-04  2.645E-04  4.305E-04  3.196E-04  5.263E-04  5.048E-04  5.387E-04  4.322E-04  5.705E-04  5.477E-04  5.991E-04  7.883E-04  8.014E-04  8.954E-04  8.645E-04  9.658E-04  9.415E-04  9.886E-04  1.125E-03  1.042E-03  1.398E-03  1.275E-03  1.308E-03  1.425E-03  1.258E-03  1.459E-03  1.541E-03  1.572E-03  1.557E-03  1.872E-03  1.985E-03  2.198E-03  1.949E-03  2.072E-03  2.222E-03  2.237E-03  2.200E-03  2.569E-03  2.438E-03  2.720E-03  2.728E-03  2.917E-03  2.739E-03  2.770E-03  2.713E-03  2.916E-03  2.962E-03  2.784E-03  3.207E-03  3.266E-03  3.120E-03  2.958E-03  3.328E-03  3.430E-03  3.119E-03  3.501E-03  3.567E-03  3.192E-03  3.339E-03  3.377E-03  3.357E-03  3.075E-03  3.444E-03  3.109E-03  3.458E-03  3.393E-03  3.270E-03  3.315E-03  3.285E-03  3.259E-03  3.030E-03  3.165E-03  2.970E-03  3.009E-03  3.201E-03  2.961E-03  2.794E-03  3.022E-03  2.509E-03  2.719E-03  2.524E-03  2.684E-03  2.771E-03  2.466E-03  2.481E-03  2.312E-03  2.017E-03  2.109E-03  2.035E-03  2.064E-03  1.858E-03  1.657E-03  1.595E-03  1.546E-03  1.522E-03  1.471E-03  1.502E-03  1.392E-03  1.244E-03  1.157E-03  1.133E-03  1.078E-03  1.053E-03  8.178E-04  7.927E-04  7.568E-04  6.500E-04  6.551E-04  6.023E-04  5.824E-04  4.663E-04  4.721E-04  4.188E-04  3.701E-04  3.858E-04  3.021E-04  2.171E-04  1.678E-04  1.930E-04  1.739E-04  1.368E-04  1.364E-04  1.715E-04  7.708E-05  5.327E-05  7.229E-05  6.446E-05  5.908E-05  5.318E-05  9.345E-05  5.203E-05  2.887E-05  3.490E-05  3.428E-05  2.300E-05  1.748E-05  2.281E-05  1.716E-05  1.703E-05  5.591E-06  1.657E-05  5.493E-06  1.698E-05  0.000E+00  Z
 0.000E+00  0.000E+00  0.000E+00  0.000E+00  0.000E+00  0.000E+00  0.000E+00  0.000E+00  0.000E+00  0.000E+00  0.000E+00  0.000E+00  0.000E+00  0.000E+00  0.000E+00  0.000E+00  0.000E+00  0.000E+00  0.000E+00  0.000E+00  0.000E+00  0.000E+00  0.000E+00  0.000E+00  0.000E+00  0.000E+00  0.000E+00  0.000E+00  0.000E+00  0.000E+00  0.000E+00  0.000E+00  0.000E+00  0.000E+00  0.000E+00  0.000E+00  1.354E-05  0.000E+00  0.000E+00  0.000E+00  0.000E+00  0.000E+00  0.000E+00  1.239E-05  0.000E+00  1.188E-05  2.373E-05  3.571E-05  3.503E-05  1.167E-05  3.435E-05  0.000E+00  2.239E-05  6.668E-05  3.331E-05  9.920E-05  7.660E-05  5.440E-05  4.284E-05  5.391E-05  1.265E-04  8.368E-05  1.241E-04  1.635E-04  2.034E-04  8.086E-05  2.003E-04  1.783E-04  2.942E-04  2.456E-04  2.728E-04  4.349E-04  3.447E-04  3.611E-04  5.487E-04  4.802E-04  5.144E-04  5.950E-04  7.080E-04  6.325E-04  6.854E-04  7.706E-04  8.972E-04  9.140E-04  9.228E-04  1.091E-03  1.028E-03  1.132E-03  1.436E-03  1.287E-03  1.581E-03  1.520E-03  1.626E-03  1.377E-03  1.657E-03  1.665E-03  1.824E-03  1.936E-03  2.076E-03  2.115E-03  2.137E-03  2.261E-03  2.560E-03  2.354E-03  2.774E-03  2.498E-03  2.563E-03  2.554E-03  2.944E-03  2.799E-03  3.058E-03  3.153E-03  3.170E-03  3.325E-03  3.255E-03  2.994E-03  3.384E-03  3.481E-03  3.464E-03  3.711E-03  3.699E-03  3.513E-03  3.803E-03  3.871E-03  4.056E-03  3.858E-03  3.873E-03  3.777E-03  3.970E-03  4.037E-03  4.057E-03  3.763E-03  4.277E-03  4.053E-03  3.955E-03  3.810E-03  4.104E-03  3.913E-03  4.197E-03  3.896E-03  3.914E-03  3.693E-03  4.005E-03  3.906E-03  3.902E-03  3.782E-03  3.574E-03  3.684E-03  3.480E-03  3.205E-03  3.460E-03  3.168E-03  3.335E-03  3.154E-03  3.089E-03  3.172E-03  3.059E-03  2.823E-03  2.659E-03  2.692E-03  2.608E-03  2.448E-03  2.286E-03  2.248E-03  2.008E-03  2.011E-03  1.707E-03  1.860E-03  1.640E-03  1.612E-03  1.381E-03  1.530E-03  1.310E-03  1.286E-03  1.206E-03  1.137E-03  1.047E-03  1.013E-03  9.374E-04  6.353E-04  7.737E-04  7.368E-04  7.362E-04  5.811E-04  4.996E-04  5.824E-04  4.565E-04  3.346E-04  3.707E-04  2.488E-04  3.016E-04  2.551E-04  1.890E-04  1.830E-04  1.928E-04  1.639E-04  9.431E-05  8.709E-05  1.107E-04  9.914E-05  8.097E-05  6.916E-05  6.813E-05  2.838E-05  7.427E-05  3.422E-05  3.451E-05  1.095E-05  2.286E-05  2.835E-05  2.260E-05  5.657E-06  1.163E-05  1.099E-05  2.246E-05  5.625E-06  5.790E-06  1.116E-05  0.000E+00  Z
