nu_l
 0.000E+00  0.000E+00  0.000E+00  0.000E+00  0.000E+00  0.000E+00  0.000E+00  0.000E+00  0.000E+00  0.000E+00  0.000E+00  0.000E+00  0.000E+00  0.000E+00  0.000E+00  0.000E+00  0.000E+00  0.000E+00  0.000E+00  0.000E+00  0.000E+00  0.000E+00  0.000E+00  0.000E+00  0.000E+00  0.000E+00  0.000E+00  0.000E+00  0.000E+00  0.000E+00  0.000E+00  0.000E+00  0.000E+00  0.000E+00  0.000E+00  0.000E+00  0.000E+00  0.000E+00  0.000E+00  0.000E+00  0.000E+00  0.000E+00  0.000E+00  0.000E+00  0.000E+00  0.000E+00  0.000E+00  0.000E+00  0.000E+00  0.000E+00  0.000E+00  0.000E+00  0.000E+00  0.000E+00  0.000E+00  0.000E+00  0.000E+00  0.000E+00  0.000E+00  0.000E+00  0.000E+00  0.000E+00  0.000E+00  0.000E+00  0.000E+00  0.000E+00  0.000E+00  0.000E+00  0.000E+00  0.000E+00  0.000E+00  0.000E+00  0.000E+00  0.000E+00  0.000E+00  0.000E+00  0.000E+00  0.000E+00  0.000E+00  0.000E+00  0.000E+00  0.000E+00  0.000E+00  0.000E+00  0.000E+00  0.000E+00  0.000E+00  0.000E+00  0.000E+00  0.000E+00  0.000E+00  0.000E+00  0.000E+00  0.000E+00  0.000E+00  0.000E+00  0.000E+00  0.000E+00  0.000E+00  0.000E+00  0.000E+00  0.000E+00  0.000E+00  0.000E+00  0.000E+00  0.000E+00  0.000E+00  0.000E+00  0.000E+00  0.000E+00  0.000E+00  0.000E+00  0.000E+00  0.000E+00  0.000E+00  0.000E+00  0.000E+00  0.000E+00  0.000E+00  0.000E+00  0.000E+00  0.000E+00  0.000E+00  0.000E+00  0.000E+00  0.000E+00  0.000E+00  0.000E+00  0.000E+00  0.000E+00  0.000E+00  0.000E+00  0.000E+00  0.000E+00  0.000E+00  0.000E+00  0.000E+00  0.000E+00  0.000E+00  0.000E+00  0.000E+00  0.000E+00  0.000E+00  0.000E+00  0.000E+00  0.000E+00  0.000E+00  0.000E+00  0.000E+00  0.000E+00  0.000E+00  0.000E+00  0.000E+00  0.000E+00  0.000E+00  0.000E+00  0.000E+00  0.000E+00  0.000E+00  0.000E+00  0.000E+00  0.000E+00  0.000E+00  0.000E+00  0.000E+00  0.000E+00  0.000E+00  0.000E+00  0.000E+00  0.000E+00  0.000E+00  0.000E+00  0.000E+00  0.000E+00  0.000E+00  0.000E+00  0.000E+00  0.000E+00  0.000E+00  0.000E+00  0.000E+00  0.000E+00  0.000E+00  0.000E+00  0.000E+00  0.000E+00  0.000E+00  0.000E+00  0.000E+00  0.000E+00  0.000E+00  0.000E+00  0.000E+00  0.000E+00  0.000E+00  0.000E+00  0.000E+00  0.000E+00  0.000E+00  0.000E+00  0.000E+00  0.000E+00  0.000E+00  0.000E+00  0.000E+00  0.000E+00  0.000E+00  0.000E+00  0.000E+00  0.000E+00  0.000E+00  0.000E+00  0.000E+00  0.000E+00  0.000E+00  0.000E+00  0.000E+00  0.000E+00  0.000E+00  0.000E+00  0.000E+00  0.000E+00  0.000E+00  0.000E+00  0.000E+00  0.000E+00  0.000E+00  0.000E+00  0.000E+00  0.000E+00  0.000E+00  0.000E+00  0.000E+00  0.000E+00  0.000E+00  0.000E+00  0.000E+00  0.000E+00  0.000E+00  0.000E+00  0.000E+00  0.000E+00  0.000E+00  0.000E+00  0.000E+00  0.000E+00  0.000E+00  0.000E+00  0.000E+00  Z
 0.000E+00  0.000E+00  0.000E+00  0.000E+00  0.000E+00  0.000E+00  0.000E+00  0.000E+00  0.000E+00  0.000E+00  0.000E+00  0.000E+00  0.000E+00  0.000E+00  0.000E+00  0.000E+00  0.000E+00  0.000E+00  0.000E+00  0.000E+00  0.000E+00  0.000E+00  0.000E+00  0.000E+00  0.000E+00  0.000E+00  0.000E+00  0.000E+00  0.000E+00  0.000E+00  0.000E+00  0.000E+00  0.000E+00  0.000E+00  0.000E+00  0.000E+00  0.000E+00  0.000E+00  0.000E+00  0.000E+00  0.000E+00  0.000E+00  0.000E+00  0.000E+00  0.000E+00  0.000E+00  0.000E+00  0.000E+00  0.000E+00  0.000E+00  0.000E+00  0.000E+00  0.000E+00  0.000E+00  0.000E+00  0.000E+00  0.000E+00  0.000E+00  0.000E+00  0.000E+00  0.000E+00  0.000E+00  0.000E+00  0.000E+00  0.000E+00  0.000E+00  0.000E+00  0.000E+00  0.000E+00  0.000E+00  0.000E+00  0.000E+00  0.000E+00  0.000E+00  0.000E+00  0.000E+00  0.000E+00  0.000E+00  0.000E+00  0.000E+00  0.000E+00  0.000E+00  0.000E+00  0.000E+00  0.000E+00  0.000E+00  0.000E+00  0.000E+00  0.000E+00  0.000E+00  0.000E+00  0.000E+00  0.000E+00  0.000E+00  0.000E+00  0.000E+00  0.000E+00  0.000E+00  0.000E+00  0.000E+00  0.000E+00  0.000E+00  0.000E+00  0.000E+00  0.000E+00  0.000E+00  0.000E+00  0.000E+00  0.000E+00  0.000E+00  0.000E+00  0.000E+00  0.000E+00  0.000E+00  0.000E+00  0.000E+00  0.000E+00  0.000E+00  0.000E+00  0.000E+00  0.000E+00  0.000E+00  0.000E+00  0.000E+00  0.000E+00  0.000E+00  0.000E+00  0.000E+00  0.000E+00  0.000E+00  0.000E+00  0.000E+00  0.000E+00  0.000E+00  0.000E+00  0.000E+00  0.000E+00  0.000E+00  0.000E+00  0.000E+00  0.000E+00  0.000E+00  0.000E+00  0.000E+00  0.000E+00  0.000E+00  0.000E+00  0.000E+00  0.000E+00  0.000E+00  0.000E+00  0.000E+00  0.000E+00  0.000E+00  0.000E+00  0.000E+00  0.000E+00  0.000E+00  0.000E+00  0.000E+00  0.000E+00  0.000E+00  0.000E+00  0.000E+00  0.000E+00  0.000E+00  0.000E+00  0.000E+00  0.000E+00  0.000E+00  0.000E+00  0.000E+00  0.000E+00  0.000E+00  0.000E+00  0.000E+00  0.000E+00  0.000E+00  0.000E+00  0.000E+00  0.000E+00  0.000E+00  0.000E+00  0.000E+00  0.000E+00  0.000E+00  0.000E+00  0.000E+00  0.000E+00  0.000E+00  0.000E+00  0.000E+00  0.000E+00  0.000E+00  0.000E+00  0.000E+00  0.000E+00  0.000E+00  0.000E+00  0.000E+00  0.000E+00  0.000E+00  0.000E+00  0.000E+00  0.000E+00  0.000E+00  0.000E+00  0.000E+00  0.000E+00  0.000E+00  0.000E+00  0.000E+00  0.000E+00  0.000E+00  0.000E+00  0.000E+00  0.000E+00  0.000E+00  0.000E+00  0.000E+00  0.000E+00  0.000E+00  0.000E+00  0.000E+00  0.000E+00  0.000E+00  0.000E+00  0.000E+00  0.000E+00  0.000E+00  0.000E+00  0.000E+00  0.000E+00  0.000E+00  0.000E+00  0.000E+00  0.000E+00  0.000E+00  0.000E+00  0.000E+00  0.000E+00  0.000E+00  0.000E+00  0.000E+00  0.000E+00  0.000E+00  0.000E+00  0.000E+00  0.000E+00  Z
 0.000E+00  0.000E+00  0.000E+00  0.000E+00  0.000E+00  0.000E+00  0.000E+00  0.000E+00  0.000E+00  0.000E+00  0.000E+00  0.000E+00  0.000E+00  0.000E+00  0.000E+00  0.000E+00  0.000E+00  0.000E+00  0.000E+00  0.000E+00  0.000E+00  0.000E+00  0.000E+00  0.000E+00  0.000E+00  0.000E+00  0.000E+00  0.000E+00  0.000E+00  0.000E+00  0.000E+00  0.000E+00  0.000E+00  0.000E+00  0.000E+00  0.000E+00  0.000E+00  0.000E+00  0.000E+00  0.000E+00  0.000E+00  0.000E+00  0.000E+00  0.000E+00  0.000E+00  0.000E+00  0.000E+00  0.000E+00  0.000E+00  0.000E+00  0.000E+00  0.000E+00  0.000E+00  0.000E+00  0.000E+00  0.000E+00  0.000E+00  0.000E+00  0.000E+00  0.000E+00  0.000E+00  0.000E+00  0.000E+00  0.000E+00  0.000E+00  0.000E+00  0.000E+00  0.000E+00  0.000E+00  0.000E+00  0.000E+00  0.000E+00  0.000E+00  0.000E+00  0.000E+00  0.000E+00  0.000E+00  0.000E+00  0.000E+00  0.000E+00  0.000E+00  0.000E+00  0.000E+00  0.000E+00  0.000E+00  0.000E+00  0.000E+00  0.000E+00  0.000E+00  0.000E+00  0.000E+00  0.000E+00  0.000E+00  0.000E+00  0.000E+00  0.000E+00  0.000E+00  0.000E+00  0.000E+00  0.000E+00  0.000E+00  0.000E+00  0.000E+00  0.000E+00  0.000E+00  0.000E+00  0.000E+00  0.000E+00  0.000E+00  0.000E+00  0.000E+00  0.000E+00  0.000E+00  0.000E+00  0.000E+00  0.000E+00  0.000E+00  0.000E+00  0.000E+00  0.000E+00  0.000E+00  0.000E+00  0.000E+00  0.000E+00  0.000E+00  0.000E+00  0.000E+00  0.000E+00  0.000E+00  0.000E+00  0.000E+00  0.000E+00  0.000E+00  0.000E+00  0.000E+00  0.000E+00  0.000E+00  0.000E+00  0.000E+00  0.000E+00  0.000E+00  0.000E+00  0.000E+00  0.000E+00  0.000E+00  0.000E+00  0.000E+00  0.000E+00  0.000E+00  0.000E+00  0.000E+00  0.000E+00  0.000E+00  0.000E+00  0.000E+00  0.000E+00  0.000E+00  0.000E+00  0.000E+00  0.000E+00  0.000E+00  0.000E+00  0.000E+00  0.000E+00  0.000E+00  0.000E+00  0.000E+00  0.000E+00  0.000E+00  0.000E+00  0.000E+00  0.000E+00  0.000E+00  0.000E+00  0.000E+00  0.000E+00  0.000E+00  0.000E+00  0.000E+00  0.000E+00  0.000E+00  0.000E+00  0.000E+00  0.000E+00  0.000E+00  0.000E+00  0.000E+00  0.000E+00  0.000E+00  0.000E+00  0.000E+00  0.000E+00  0.000E+00  0.000E+00  0.000E+00  0.000E+00  0.000E+00  0.000E+00  0.000E+00  0.000E+00  0.000E+00  0.000E+00  0.000E+00  0.000E+00  0.000E+00  0.000E+00  0.000E+00  0.000E+00  0.000E+00  0.000E+00  0.000E+00  0.000E+00  0.000E+00  0.000E+00  0.000E+00  0.000E+00  0.000E+00  0.000E+00  0.000E+00  0.000E+00  0.000E+00  0.000E+00  0.000E+00  0.000E+00  0.000E+00  0.000E+00  0.000E+00  0.000E+00  0.000E+00  0.000E+00  0.000E+00  0.000E+00  0.000E+00  0.000E+00  0.000E+00  0.000E+00  0.000E+00  0.000E+00  0.000E+00  0.000E+00  0.000E+00  0.000E+00  0.000E+00  0.000E+00  0.000E+00  0.000E+00  0.000E+00  0.000E+00  0.000E+00  Z
 0.000E+00  0.000E+00  0.000E+00  0.000E+00  0.000E+00  0.000E+00  0.000E+00  0.000E+00  0.000E+00  0.000E+00  0.000E+00  0.000E+00  0.000E+00  0.000E+00  0.000E+00  0.000E+00  0.000E+00  0.000E+00  0.000E+00  0.000E+00  0.000E+00  0.000E+00  0.000E+00  0.000E+00  0.000E+00  0.000E+00  0.000E+00  0.000E+00  0.000E+00  0.000E+00  0.000E+00  0.000E+00  0.000E+00  0.000E+00  0.000E+00  0.000E+00  0.000E+00  0.000E+00  0.000E+00  0.000E+00  0.000E+00  0.000E+00  0.000E+00  0.000E+00  0.000E+00  0.000E+00  0.000E+00  0.000E+00  0.000E+00  0.000E+00  0.000E+00  0.000E+00  0.000E+00  0.000E+00  0.000E+00  0.000E+00  0.000E+00  0.000E+00  0.000E+00  0.000E+00  0.000E+00  0.000E+00  0.000E+00  0.000E+00  0.000E+00  0.000E+00  0.000E+00  0.000E+00  0.000E+00  0.000E+00  0.000E+00  0.000E+00  0.000E+00  0.000E+00  0.000E+00  0.000E+00  0.000E+00  0.000E+00  0.000E+00  0.000E+00  0.000E+00  0.000E+00  0.000E+00  0.000E+00  0.000E+00  0.000E+00  0.000E+00  0.000E+00  0.000E+00  0.000E+00  0.000E+00  0.000E+00  0.000E+00  0.000E+00  0.000E+00  0.000E+00  0.000E+00  0.000E+00  0.000E+00  0.000E+00  0.000E+00  0.000E+00  0.000E+00  0.000E+00  0.000E+00  0.000E+00  0.000E+00  0.000E+00  0.000E+00  0.000E+00  0.000E+00  0.000E+00  0.000E+00  0.000E+00  0.000E+00  0.000E+00  0.000E+00  0.000E+00  0.000E+00  0.000E+00  0.000E+00  0.000E+00  0.000E+00  0.000E+00  0.000E+00  0.000E+00  0.000E+00  0.000E+00  0.000E+00  0.000E+00  0.000E+00  0.000E+00  0.000E+00  0.000E+00  0.000E+00  0.000E+00  0.000E+00  0.000E+00  0.000E+00  0.000E+00  0.000E+00  0.000E+00  0.000E+00  0.000E+00  0.000E+00  0.000E+00  0.000E+00  0.000E+00  0.000E+00  0.000E+00  0.000E+00  0.000E+00  0.000E+00  0.000E+00  0.000E+00  0.000E+00  0.000E+00  0.000E+00  0.000E+00  0.000E+00  0.000E+00  0.000E+00  0.000E+00  0.000E+00  0.000E+00  0.000E+00  0.000E+00  0.000E+00  0.000E+00  0.000E+00  0.000E+00  0.000E+00  0.000E+00  0.000E+00  0.000E+00  0.000E+00  0.000E+00  0.000E+00  0.000E+00  0.000E+00  0.000E+00  0.000E+00  0.000E+00  0.000E+00  0.000E+00  0.000E+00  0.000E+00  0.000E+00  0.000E+00  0.000E+00  0.000E+00  0.000E+00  0.000E+00  0.000E+00  0.000E+00  0.000E+00  0.000E+00  0.000E+00  0.000E+00  0.000E+00  0.000E+00  0.000E+00  0.000E+00  0.000E+00  0.000E+00  0.000E+00  0.000E+00  0.000E+00  0.000E+00  0.000E+00  0.000E+00  0.000E+00  0.000E+00  0.000E+00  0.000E+00  0.000E+00  0.000E+00  0.000E+00  0.000E+00  0.000E+00  0.000E+00  0.000E+00  0.000E+00  0.000E+00  0.000E+00  0.000E+00  0.000E+00  0.000E+00  0.000E+00  0.000E+00  0.000E+00  0.000E+00  0.000E+00  0.000E+00  0.000E+00  0.000E+00  0.000E+00  0.000E+00  0.000E+00  0.000E+00  0.000E+00  0.000E+00  0.000E+00  0.000E+00  0.000E+00  0.000E+00  0.000E+00  0.000E+00  0.000E+00  Z
 0.000E+00  0.000E+00  0.000E+00  0.000E+00  0.000E+00  0.000E+00  0.000E+00  0.000E+00  0.000E+00  0.000E+00  0.000E+00  0.000E+00  0.000E+00  0.000E+00  0.000E+00  0.000E+00  0.000E+00  0.000E+00  0.000E+00  0.000E+00  0.000E+00  0.000E+00  0.000E+00  0.000E+00  0.000E+00  0.000E+00  0.000E+00  0.000E+00  0.000E+00  0.000E+00  0.000E+00  0.000E+00  0.000E+00  0.000E+00  0.000E+00  0.000E+00  0.000E+00  0.000E+00  0.000E+00  0.000E+00  0.000E+00  0.000E+00  0.000E+00  0.000E+00  0.000E+00  0.000E+00  0.000E+00  0.000E+00  0.000E+00  0.000E+00  0.000E+00  0.000E+00  0.000E+00  0.000E+00  0.000E+00  0.000E+00  0.000E+00  0.000E+00  0.000E+00  0.000E+00  0.000E+00  0.000E+00  0.000E+00  0.000E+00  0.000E+00  0.000E+00  0.000E+00  0.000E+00  0.000E+00  0.000E+00  0.000E+00  0.000E+00  0.000E+00  0.000E+00  0.000E+00  0.000E+00  0.000E+00  0.000E+00  0.000E+00  0.000E+00  0.000E+00  0.000E+00  0.000E+00  0.000E+00  0.000E+00  0.000E+00  0.000E+00  0.000E+00  0.000E+00  0.000E+00  0.000E+00  0.000E+00  0.000E+00  0.000E+00  0.000E+00  0.000E+00  0.000E+00  0.000E+00  0.000E+00  0.000E+00  0.000E+00  0.000E+00  0.000E+00  0.000E+00  0.000E+00  0.000E+00  0.000E+00  0.000E+00  0.000E+00  0.000E+00  0.000E+00  0.000E+00  0.000E+00  0.000E+00  0.000E+00  0.000E+00  0.000E+00  0.000E+00  0.000E+00  0.000E+00  0.000E+00  0.000E+00  0.000E+00  0.000E+00  0.000E+00  0.000E+00  0.000E+00  0.000E+00  0.000E+00  0.000E+00  0.000E+00  0.000E+00  0.000E+00  0.000E+00  0.000E+00  0.000E+00  0.000E+00  0.000E+00  0.000E+00  0.000E+00  0.000E+00  0.000E+00  0.000E+00  0.000E+00  0.000E+00  0.000E+00  0.000E+00  0.000E+00  0.000E+00  0.000E+00  0.000E+00  0.000E+00  0.000E+00  0.000E+00  0.000E+00  0.000E+00  0.000E+00  0.000E+00  0.000E+00  0.000E+00  0.000E+00  0.000E+00  0.000E+00  0.000E+00  0.000E+00  0.000E+00  0.000E+00  0.000E+00  0.000E+00  0.000E+00  0.000E+00  0.000E+00  0.000E+00  0.000E+00  0.000E+00  0.000E+00  0.000E+00  0.000E+00  0.000E+00  0.000E+00  0.000E+00  0.000E+00  0.000E+00  0.000E+00  0.000E+00  0.000E+00  0.000E+00  0.000E+00  0.000E+00  0.000E+00  0.000E+00  0.000E+00  0.000E+00  0.000E+00  0.000E+00  0.000E+00  0.000E+00  0.000E+00  0.000E+00  0.000E+00  0.000E+00  0.000E+00  0.000E+00  0.000E+00  0.000E+00  0.000E+00  0.000E+00  0.000E+00  0.000E+00  0.000E+00  0.000E+00  0.000E+00  0.000E+00  0.000E+00  0.000E+00  0.000E+00  0.000E+00  0.000E+00  0.000E+00  0.000E+00  0.000E+00  0.000E+00  0.000E+00  0.000E+00  0.000E+00  0.000E+00  0.000E+00  0.000E+00  0.000E+00  0.000E+00  0.000E+00  0.000E+00  0.000E+00  0.000E+00  0.000E+00  0.000E+00  0.000E+00  0.000E+00  0.000E+00  0.000E+00  0.000E+00  0.000E+00  0.000E+00  0.000E+00  0.000E+00  0.000E+00  0.000E+00  0.000E+00  0.000E+00  Z
 0.000E+00  0.000E+00  0.000E+00  0.000E+00  0.000E+00  0.000E+00  0.000E+00  0.000E+00  0.000E+00  0.000E+00  0.000E+00  0.000E+00  0.000E+00  0.000E+00  0.000E+00  0.000E+00  0.000E+00  0.000E+00  0.000E+00  0.000E+00  0.000E+00  0.000E+00  0.000E+00  0.000E+00  0.000E+00  0.000E+00  0.000E+00  0.000E+00  0.000E+00  0.000E+00  0.000E+00  0.000E+00  0.000E+00  0.000E+00  0.000E+00  0.000E+00  0.000E+00  0.000E+00  0.000E+00  0.000E+00  0.000E+00  0.000E+00  0.000E+00  0.000E+00  0.000E+00  0.000E+00  0.000E+00  0.000E+00  0.000E+00  0.000E+00  0.000E+00  0.000E+00  0.000E+00  0.000E+00  0.000E+00  0.000E+00  0.000E+00  0.000E+00  0.000E+00  0.000E+00  0.000E+00  0.000E+00  0.000E+00  0.000E+00  0.000E+00  0.000E+00  0.000E+00  0.000E+00  0.000E+00  0.000E+00  0.000E+00  0.000E+00  0.000E+00  0.000E+00  0.000E+00  0.000E+00  0.000E+00  0.000E+00  0.000E+00  0.000E+00  0.000E+00  0.000E+00  0.000E+00  0.000E+00  0.000E+00  0.000E+00  0.000E+00  0.000E+00  0.000E+00  0.000E+00  0.000E+00  0.000E+00  0.000E+00  0.000E+00  0.000E+00  0.000E+00  0.000E+00  0.000E+00  0.000E+00  0.000E+00  0.000E+00  0.000E+00  0.000E+00  0.000E+00  0.000E+00  0.000E+00  0.000E+00  0.000E+00  0.000E+00  0.000E+00  0.000E+00  0.000E+00  0.000E+00  0.000E+00  0.000E+00  0.000E+00  0.000E+00  0.000E+00  0.000E+00  0.000E+00  0.000E+00  0.000E+00  0.000E+00  0.000E+00  0.000E+00  0.000E+00  0.000E+00  0.000E+00  0.000E+00  0.000E+00  0.000E+00  0.000E+00  0.000E+00  0.000E+00  0.000E+00  0.000E+00  0.000E+00  0.000E+00  0.000E+00  0.000E+00  0.000E+00  0.000E+00  0.000E+00  0.000E+00  0.000E+00  0.000E+00  0.000E+00  0.000E+00  0.000E+00  0.000E+00  0.000E+00  0.000E+00  0.000E+00  0.000E+00  0.000E+00  0.000E+00  0.000E+00  0.000E+00  0.000E+00  0.000E+00  0.000E+00  0.000E+00  0.000E+00  0.000E+00  0.000E+00  0.000E+00  0.000E+00  0.000E+00  0.000E+00  0.000E+00  0.000E+00  0.000E+00  0.000E+00  0.000E+00  0.000E+00  0.000E+00  0.000E+00  0.000E+00  0.000E+00  0.000E+00  0.000E+00  0.000E+00  0.000E+00  0.000E+00  0.000E+00  0.000E+00  0.000E+00  0.000E+00  0.000E+00  0.000E+00  0.000E+00  0.000E+00  0.000E+00  0.000E+00  0.000E+00  0.000E+00  0.000E+00  0.000E+00  0.000E+00  0.000E+00  0.000E+00  0.000E+00  0.000E+00  0.000E+00  0.000E+00  0.000E+00  0.000E+00  0.000E+00  0.000E+00  0.000E+00  0.000E+00  0.000E+00  0.000E+00  0.000E+00  0.000E+00  0.000E+00  0.000E+00  0.000E+00  0.000E+00  0.000E+00  0.000E+00  0.000E+00  0.000E+00  0.000E+00  0.000E+00  0.000E+00  0.000E+00  0.000E+00  0.000E+00  0.000E+00  0.000E+00  0.000E+00  0.000E+00  0.000E+00  0.000E+00  0.000E+00  0.000E+00  0.000E+00  0.000E+00  0.000E+00  0.000E+00  0.000E+00  0.000E+00  0.000E+00  0.000E+00  0.000E+00  0.000E+00  0.000E+00  0.000E+00  Z
 0.000E+00  0.000E+00  0.000E+00  0.000E+00  0.000E+00  0.000E+00  0.000E+00  0.000E+00  0.000E+00  0.000E+00  0.000E+00  0.000E+00  0.000E+00  0.000E+00  0.000E+00  0.000E+00  0.000E+00  0.000E+00  0.000E+00  0.000E+00  0.000E+00  0.000E+00  0.000E+00  0.000E+00  0.000E+00  0.000E+00  0.000E+00  0.000E+00  0.000E+00  0.000E+00  0.000E+00  0.000E+00  0.000E+00  0.000E+00  0.000E+00  0.000E+00  0.000E+00  0.000E+00  0.000E+00  0.000E+00  0.000E+00  0.000E+00  0.000E+00  0.000E+00  0.000E+00  0.000E+00  0.000E+00  0.000E+00  0.000E+00  0.000E+00  0.000E+00  0.000E+00  0.000E+00  0.000E+00  0.000E+00  0.000E+00  0.000E+00  0.000E+00  0.000E+00  0.000E+00  0.000E+00  0.000E+00  0.000E+00  0.000E+00  0.000E+00  0.000E+00  0.000E+00  0.000E+00  0.000E+00  0.000E+00  0.000E+00  0.000E+00  0.000E+00  0.000E+00  0.000E+00  0.000E+00  0.000E+00  0.000E+00  0.000E+00  0.000E+00  0.000E+00  0.000E+00  0.000E+00  0.000E+00  0.000E+00  0.000E+00  0.000E+00  0.000E+00  0.000E+00  0.000E+00  0.000E+00  0.000E+00  0.000E+00  0.000E+00  0.000E+00  0.000E+00  0.000E+00  0.000E+00  0.000E+00  0.000E+00  0.000E+00  0.000E+00  0.000E+00  0.000E+00  0.000E+00  0.000E+00  0.000E+00  0.000E+00  0.000E+00  0.000E+00  0.000E+00  0.000E+00  0.000E+00  0.000E+00  0.000E+00  0.000E+00  0.000E+00  0.000E+00  0.000E+00  0.000E+00  0.000E+00  0.000E+00  0.000E+00  0.000E+00  0.000E+00  0.000E+00  0.000E+00  0.000E+00  0.000E+00  0.000E+00  0.000E+00  0.000E+00  0.000E+00  0.000E+00  0.000E+00  0.000E+00  0.000E+00  0.000E+00  0.000E+00  0.000E+00  0.000E+00  0.000E+00  0.000E+00  0.000E+00  0.000E+00  0.000E+00  0.000E+00  0.000E+00  0.000E+00  0.000E+00  0.000E+00  0.000E+00  0.000E+00  0.000E+00  0.000E+00  0.000E+00  0.000E+00  0.000E+00  0.000E+00  0.000E+00  0.000E+00  0.000E+00  0.000E+00  0.000E+00  0.000E+00  0.000E+00  0.000E+00  0.000E+00  0.000E+00  0.000E+00  0.000E+00  0.000E+00  0.000E+00  0.000E+00  0.000E+00  0.000E+00  0.000E+00  0.000E+00  0.000E+00  0.000E+00  0.000E+00  0.000E+00  0.000E+00  0.000E+00  0.000E+00  0.000E+00  0.000E+00  0.000E+00  0.000E+00  0.000E+00  0.000E+00  0.000E+00  0.000E+00  0.000E+00  0.000E+00  0.000E+00  0.000E+00  0.000E+00  0.000E+00  0.000E+00  0.000E+00  0.000E+00  0.000E+00  0.000E+00  0.000E+00  0.000E+00  0.000E+00  0.000E+00  0.000E+00  0.000E+00  0.000E+00  0.000E+00  0.000E+00  0.000E+00  0.000E+00  0.000E+00  0.000E+00  0.000E+00  0.000E+00  0.000E+00  0.000E+00  0.000E+00  0.000E+00  0.000E+00  0.000E+00  0.000E+00  0.000E+00  0.000E+00  0.000E+00  0.000E+00  0.000E+00  0.000E+00  0.000E+00  0.000E+00  0.000E+00  0.000E+00  0.000E+00  0.000E+00  0.000E+00  0.000E+00  0.000E+00  0.000E+00  0.000E+00  0.000E+00  0.000E+00  0.000E+00  0.000E+00  0.000E+00  0.000E+00  Z
 0.000E+00  0.000E+00  0.000E+00  0.000E+00  0.000E+00  0.000E+00  0.000E+00  0.000E+00  0.000E+00  0.000E+00  0.000E+00  0.000E+00  0.000E+00  0.000E+00  0.000E+00  0.000E+00  0.000E+00  0.000E+00  0.000E+00  0.000E+00  0.000E+00  0.000E+00  0.000E+00  0.000E+00  0.000E+00  0.000E+00  0.000E+00  0.000E+00  0.000E+00  0.000E+00  0.000E+00  0.000E+00  0.000E+00  0.000E+00  0.000E+00  0.000E+00  0.000E+00  0.000E+00  0.000E+00  0.000E+00  0.000E+00  0.000E+00  0.000E+00  0.000E+00  0.000E+00  0.000E+00  0.000E+00  0.000E+00  0.000E+00  0.000E+00  0.000E+00  0.000E+00  0.000E+00  0.000E+00  0.000E+00  0.000E+00  0.000E+00  0.000E+00  0.000E+00  0.000E+00  0.000E+00  0.000E+00  0.000E+00  0.000E+00  0.000E+00  0.000E+00  0.000E+00  0.000E+00  0.000E+00  0.000E+00  0.000E+00  0.000E+00  0.000E+00  0.000E+00  0.000E+00  0.000E+00  0.000E+00  0.000E+00  0.000E+00  0.000E+00  0.000E+00  0.000E+00  0.000E+00  0.000E+00  0.000E+00  0.000E+00  0.000E+00  0.000E+00  0.000E+00  0.000E+00  0.000E+00  0.000E+00  0.000E+00  0.000E+00  0.000E+00  0.000E+00  0.000E+00  0.000E+00  0.000E+00  0.000E+00  0.000E+00  0.000E+00  0.000E+00  0.000E+00  0.000E+00  0.000E+00  0.000E+00  0.000E+00  0.000E+00  0.000E+00  0.000E+00  0.000E+00  0.000E+00  0.000E+00  0.000E+00  0.000E+00  0.000E+00  0.000E+00  0.000E+00  0.000E+00  0.000E+00  0.000E+00  0.000E+00  0.000E+00  0.000E+00  0.000E+00  0.000E+00  0.000E+00  0.000E+00  0.000E+00  0.000E+00  0.000E+00  0.000E+00  0.000E+00  0.000E+00  0.000E+00  0.000E+00  0.000E+00  0.000E+00  0.000E+00  0.000E+00  0.000E+00  0.000E+00  0.000E+00  0.000E+00  0.000E+00  0.000E+00  0.000E+00  0.000E+00  0.000E+00  0.000E+00  0.000E+00  0.000E+00  0.000E+00  0.000E+00  0.000E+00  0.000E+00  0.000E+00  0.000E+00  0.000E+00  0.000E+00  0.000E+00  0.000E+00  0.000E+00  0.000E+00  0.000E+00  0.000E+00  0.000E+00  0.000E+00  0.000E+00  0.000E+00  0.000E+00  0.000E+00  0.000E+00  0.000E+00  0.000E+00  0.000E+00  0.000E+00  0.000E+00  0.000E+00  0.000E+00  0.000E+00  0.000E+00  0.000E+00  0.000E+00  0.000E+00  0.000E+00  0.000E+00  0.000E+00  0.000E+00  0.000E+00  0.000E+00  0.000E+00  0.000E+00  0.000E+00  0.000E+00  0.000E+00  0.000E+00  0.000E+00  0.000E+00  0.000E+00  0.000E+00  0.000E+00  0.000E+00  0.000E+00  0.000E+00  0.000E+00  0.000E+00  0.000E+00  0.000E+00  0.000E+00  0.000E+00  0.000E+00  0.000E+00  0.000E+00  0.000E+00  0.000E+00  0.000E+00  0.000E+00  0.000E+00  0.000E+00  0.000E+00  0.000E+00  0.000E+00  0.000E+00  0.000E+00  0.000E+00  0.000E+00  0.000E+00  0.000E+00  0.000E+00  0.000E+00  0.000E+00  0.000E+00  0.000E+00  0.000E+00  0.000E+00  0.000E+00  0.000E+00  0.000E+00  0.000E+00  0.000E+00  0.000E+00  0.000E+00  0.000E+00  0.000E+00  0.000E+00  0.000E+00  0.000E+00  Z
 0.000E+00  0.000E+00  0.000E+00  0.000E+00  0.000E+00  0.000E+00  0.000E+00  0.000E+00  0.000E+00  0.000E+00  0.000E+00  0.000E+00  0.000E+00  0.000E+00  0.000E+00  0.000E+00  0.000E+00  0.000E+00  0.000E+00  0.000E+00  0.000E+00  0.000E+00  0.000E+00  0.000E+00  0.000E+00  0.000E+00  0.000E+00  0.000E+00  1.548E-05  0.000E+00  0.000E+00  0.000E+00  1.421E-05  0.000E+00  0.000E+00  0.000E+00  0.000E+00  0.000E+00  0.000E+00  2.570E-05  1.288E-05  0.000E+00  0.000E+00  0.000E+00  0.000E+00  0.000E+00  1.185E-05  0.000E+00  0.000E+00  0.000E+00  0.000E+00  0.000E+00  0.000E+00  0.000E+00  0.000E+00  0.000E+00  0.000E+00  0.000E+00  0.000E+00  0.000E+00  0.000E+00  0.000E+00  0.000E+00  0.000E+00  0.000E+00  0.000E+00  0.000E+00  0.000E+00  9.792E-06  1.914E-05  0.000E+00  1.919E-05  9.628E-06  0.000E+00  0.000E+00  0.000E+00  0.000E+00  0.000E+00  0.000E+00  0.000E+00  0.000E+00  0.000E+00  0.000E+00  0.000E+00  0.000E+00  0.000E+00  0.000E+00  0.000E+00  0.000E+00  0.000E+00  0.000E+00  0.000E+00  0.000E+00  0.000E+00  0.000E+00  0.000E+00  0.000E+00  0.000E+00  0.000E+00  0.000E+00  0.000E+00  0.000E+00  0.000E+00  0.000E+00  0.000E+00  0.000E+00  0.000E+00  0.000E+00  0.000E+00  0.000E+00  0.000E+00  0.000E+00  0.000E+00  0.000E+00  0.000E+00  0.000E+00  0.000E+00  0.000E+00  0.000E+00  0.000E+00  0.000E+00  0.000E+00  0.000E+00  0.000E+00  0.000E+00  0.000E+00  0.000E+00  0.000E+00  0.000E+00  0.000E+00  0.000E+00  0.000E+00  0.000E+00  0.000E+00  0.000E+00  0.000E+00  0.000E+00  0.000E+00  0.000E+00  0.000E+00  0.000E+00  0.000E+00  0.000E+00  0.000E+00  0.000E+00  0.000E+00  0.000E+00  0.000E+00  0.000E+00  0.000E+00  0.000E+00  0.000E+00  0.000E+00  0.000E+00  0.000E+00  0.000E+00  0.000E+00  0.000E+00  0.000E+00  0.000E+00  0.000E+00  0.000E+00  0.000E+00  0.000E+00  0.000E+00  0.000E+00  0.000E+00  0.000E+00  0.000E+00  0.000E+00  0.000E+00  0.000E+00  0.000E+00  0.000E+00  0.000E+00  0.000E+00  0.000E+00  0.000E+00  0.000E+00  0.000E+00  0.000E+00  0.000E+00  0.000E+00  0.000E+00  0.000E+00  0.000E+00  0.000E+00  0.000E+00  0.000E+00  0.000E+00  0.000E+00  0.000E+00  0.000E+00  0.000E+00  0.000E+00  0.000E+00  0.000E+00  0.000E+00  0.000E+00  0.000E+00  0.000E+00  0.000E+00  0.000E+00  0.000E+00  0.000E+00  0.000E+00  0.000E+00  0.000E+00  0.000E+00  0.000E+00  0.000E+00  0.000E+00  0.000E+00  0.000E+00  0.000E+00  0.000E+00  0.000E+00  0.000E+00  0.000E+00  0.000E+00  0.000E+00  0.000E+00  0.000E+00  0.000E+00  0.000E+00  0.000E+00  0.000E+00  0.000E+00  0.000E+00  0.000E+00  0.000E+00  0.000E+00  0.000E+00  0.000E+00  0.000E+00  0.000E+00  0.000E+00  0.000E+00  0.000E+00  0.000E+00  0.000E+00  0.000E+00  0.000E+00  0.000E+00  0.000E+00  0.000E+00  0.000E+00  0.000E+00  0.000E+00  Z
 0.000E+00  0.000E+00  0.000E+00  0.000E+00  0.000E+00  0.000E+00  0.000E+00  0.000E+00  0.000E+00  0.000E+00  0.000E+00  0.000E+00  0.000E+00  0.000E+00  0.000E+00  0.000E+00  0.000E+00  0.000E+00  0.000E+00  0.000E+00  0.000E+00  0.000E+00  0.000E+00  0.000E+00  0.000E+00  0.000E+00  0.000E+00  0.000E+00  0.000E+00  0.000E+00  0.000E+00  0.000E+00  0.000E+00  1.432E-05  1.416E-05  5.482E-05  2.706E-05  2.662E-05  1.330E-05  0.000E+00  3.834E-05  3.796E-05  0.000E+00  2.452E-05  6.090E-05  3.633E-05  3.621E-05  7.101E-05  9.392E-05  2.317E-05  8.084E-05  4.575E-05  1.014E-04  5.641E-05  1.103E-04  8.740E-05  1.088E-04  7.547E-05  9.602E-05  1.685E-04  1.154E-04  6.301E-05  5.183E-05  5.163E-05  7.061E-05  1.007E-04  6.972E-05  4.913E-05  6.935E-05  7.904E-05  1.066E-04  4.852E-05  9.574E-05  8.627E-05  7.527E-05  1.791E-04  8.412E-05  6.538E-05  1.390E-04  8.225E-05  1.276E-04  1.089E-04  9.839E-05  7.205E-05  9.758E-05  5.328E-05  1.143E-04  6.151E-05  8.641E-05  4.315E-05  1.105E-04  7.658E-05  6.001E-05  1.717E-05  7.549E-05  3.324E-05  8.231E-05  8.443E-06  8.333E-06  2.469E-05  1.642E-05  0.000E+00  Z
 0.000E+00  0.000E+00  0.000E+00  0.000E+00  0.000E+00  0.000E+00  0.000E+00  0.000E+00  0.000E+00  0.000E+00  0.000E+00  0.000E+00  0.000E+00  0.000E+00  0.000E+00  0.000E+00  0.000E+00  0.000E+00  0.000E+00  0.000E+00  0.000E+00  0.000E+00  0.000E+00  0.000E+00  1.659E-05  0.000E+00  0.000E+00  0.000E+00  0.000E+00  0.000E+00  0.000E+00  0.000E+00  0.000E+00  0.000E+00  0.000E+00  0.000E+00  5.418E-05  1.323E-05  3.906E-05  3.862E-05  1.270E-05  3.789E-05  3.763E-05  3.711E-05  9.730E-05  6.072E-05  7.176E-05  1.418E-04  8.219E-05  1.399E-04  1.385E-04  6.811E-05  1.130E-04  1.995E-04  9.894E-05  1.531E-04  2.608E-04  2.367E-04  2.027E-04  1.905E-04  2.307E-04  1.355E-04  2.784E-04  3.279E-04  2.123E-04  4.131E-04  3.716E-04  4.282E-04  3.363E-04  4.114E-04  3.025E-04  3.393E-04  4.516E-04  3.050E-04  4.164E-04  3.865E-04  3.378E-04  4.548E-04  3.951E-04  4.498E-04  2.642E-04  3.451E-04  3.334E-04  3.220E-04  2.929E-04  3.086E-04  2.467E-04  3.053E-04  2.958E-04  3.362E-04  2.917E-04  2.813E-04  1.948E-04  2.112E-04  2.028E-04  2.759E-04  2.915E-04  2.069E-04  1.722E-04  1.319E-04  2.361E-04  1.943E-04  1.693E-04  1.362E-04  1.514E-04  1.041E-04  1.109E-04  1.191E-04  7.883E-05  4.736E-05  6.237E-05  2.311E-05  5.412E-05  5.369E-05  0.000E+00  Z
 0.000E+00  0.000E+00  0.000E+00  0.000E+00  0.000E+00  0.000E+00  0.000E+00  0.000E+00  0.000E+00  0.000E+00  0.000E+00  0.000E+00  0.000E+00  0.000E+00  0.000E+00  0.000E+00  0.000E+00  0.000E+00  0.000E+00  0.000E+00  0.000E+00  0.000E+00  0.000E+00  0.000E+00  0.000E+00  0.000E+00  0.000E+00  0.000E+00  0.000E+00  1.530E-05  1.476E-05  2.909E-05  1.421E-05  1.436E-05  2.761E-05  1.390E-05  5.382E-05  2.663E-05  3.929E-05  2.609E-05  3.837E-05  1.647E-04  6.209E-05  8.703E-05  1.603E-04  2.062E-04  1.928E-04  1.669E-04  1.986E-04  2.322E-04  2.305E-04  2.394E-04  2.245E-04  3.570E-04  3.419E-04  4.154E-04  5.673E-04  5.045E-04  4.682E-04  4.352E-04  6.746E-04  6.672E-04  6.401E-04  7.178E-04  9.286E-04  7.278E-04  9.320E-04  8.951E-04  9.269E-04  1.020E-03  1.033E-03  1.110E-03  1.162E-03  1.211E-03  9.571E-04  1.146E-03  1.189E-03  9.823E-04  1.218E-03  1.264E-03  1.548E-03  1.168E-03  1.081E-03  1.252E-03  1.329E-03  1.196E-03  1.106E-03  1.217E-03  1.172E-03  1.248E-03  1.069E-03  1.144E-03  1.104E-03  1.175E-03  9.760E-04  9.643E-04  1.100E-03  9.356E-04  9.383E-04  8.538E-04  9.042E-04  9.030E-04  8.146E-04  7.237E-04  7.359E-04  6.213E-04  6.974E-04  5.681E-04  4.861E-04  4.050E-04  5.446E-04  4.740E-04  4.011E-04  4.235E-04  3.541E-04  2.880E-04  3.119E-04  2.956E-04  2.332E-04  2.007E-04  1.274E-04  2.073E-04  1.624E-04  9.483E-05  1.619E-04  6.544E-05  1.457E-04  1.089E-04  7.240E-05  5.730E-05  3.600E-05  3.569E-05  4.239E-05  1.417E-05  4.926E-05  7.128E-06  1.391E-05  0.000E+00  Z
 0.000E+00  0.000E+00  0.000E+00  0.000E+00  0.000E+00  0.000E+00  0.000E+00  0.000E+00  0.000E+00  0.000E+00  0.000E+00  0.000E+00  0.000E+00  0.000E+00  0.000E+00  0.000E+00  0.000E+00  0.000E+00  0.000E+00  0.000E+00  0.000E+00  0.000E+00  0.000E+00  1.680E-05  0.000E+00  0.000E+00  0.000E+00  1.544E-05  0.000E+00  0.000E+00  0.000E+00  1.467E-05  4.310E-05  1.437E-05  1.387E-05  4.123E-05  1.339E-05  3.954E-05  9.167E-05  3.910E-05  8.999E-05  8.886E-05  8.773E-05  9.950E-05  1.344E-04  1.575E-04  1.438E-04  2.472E-04  1.999E-04  3.371E-04  3.225E-04  4.659E-04  5.072E-04  5.927E-04  5.437E-04  5.601E-04  5.533E-04  6.585E-04  6.853E-04  8.473E-04  9.236E-04  8.127E-04  9.604E-04  9.454E-04  9.349E-04  1.210E-03  1.012E-03  1.274E-03  1.153E-03  1.194E-03  1.500E-03  1.481E-03  1.643E-03  1.688E-03  1.588E-03  1.445E-03  1.526E-03  1.542E-03  1.709E-03  1.794E-03  1.722E-03  1.847E-03  1.781E-03  1.827E-03  2.050E-03  2.053E-03  2.093E-03  1.999E-03  2.074E-03  1.961E-03  1.779E-03  2.087E-03  2.246E-03  1.719E-03  1.748E-03  1.827E-03  1.798E-03  1.725E-03  1.704E-03  1.650E-03  1.669E-03  1.657E-03  1.553E-03  1.534E-03  1.296E-03  1.465E-03  1.462E-03  1.304E-03  1.249E-03  1.126E-03  1.035E-03  9.531E-04  1.100E-03  1.167E-03  1.000E-03  7.592E-04  8.317E-04  7.473E-04  7.053E-04  6.129E-04  6.629E-04  6.224E-04  5.621E-04  6.551E-04  5.428E-04  3.281E-04  2.841E-04  3.969E-04  3.237E-04  2.385E-04  2.430E-04  2.152E-04  2.677E-04  1.558E-04  1.974E-04  1.117E-04  1.547E-04  1.254E-04  1.038E-04  1.042E-04  5.593E-05  6.172E-05  8.919E-05  6.103E-05  3.448E-05  4.052E-05  4.723E-05  2.016E-05  1.995E-05  1.348E-05  0.000E+00  Z
 0.000E+00  0.000E+00  0.000E+00  0.000E+00  0.000E+00  0.000E+00  0.000E+00  0.000E+00  0.000E+00  0.000E+00  0.000E+00  0.000E+00  0.000E+00  0.000E+00  0.000E+00  0.000E+00  0.000E+00  0.000E+00  0.000E+00  0.000E+00  0.000E+00  0.000E+00  0.000E+00  0.000E+00  0.000E+00  1.623E-05  0.000E+00  1.538E-05  0.000E+00  0.000E+00  0.000E+00  1.450E-05  0.000E+00  0.000E+00  1.374E-05  1.364E-05  1.355E-05  2.680E-05  5.269E-05  5.232E-05  5.119E-05  7.630E-05  1.371E-04  1.362E-04  2.082E-04  2.180E-04  1.813E-04  2.252E-04  3.529E-04  2.791E-04  3.210E-04  2.742E-04  4.736E-04  4.821E-04  5.645E-04  7.225E-04  6.846E-04  7.438E-04  6.731E-04  1.018E-03  8.602E-04  9.708E-04  1.190E-03  1.323E-03  1.295E-03  1.182E-03  1.493E-03  1.395E-03  1.429E-03  1.392E-03  1.686E-03  1.567E-03  1.715E-03  1.691E-03  1.882E-03  1.705E-03  1.822E-03  2.155E-03  2.058E-03  2.072E-03  2.361E-03  1.914E-03  1.943E-03  2.290E-03  2.350E-03  2.384E-03  2.413E-03  2.394E-03  2.608E-03  2.691E-03  2.413E-03  2.513E-03  2.336E-03  2.336E-03  2.097E-03  2.216E-03  2.284E-03  2.386E-03  2.161E-03  2.431E-03  2.056E-03  2.173E-03  2.439E-03  2.102E-03  2.143E-03  2.037E-03  1.949E-03  2.081E-03  1.876E-03  1.741E-03  1.600E-03  1.383E-03  1.666E-03  1.771E-03  1.358E-03  1.395E-03  1.383E-03  1.348E-03  1.208E-03  1.074E-03  1.250E-03  1.037E-03  9.735E-04  9.351E-04  8.958E-04  7.803E-04  7.556E-04  6.448E-04  4.760E-04  6.415E-04  6.307E-04  5.345E-04  4.838E-04  5.240E-04  4.436E-04  3.292E-04  2.400E-04  3.065E-04  2.570E-04  2.223E-04  2.407E-04  1.980E-04  1.304E-04  1.084E-04  1.500E-04  7.429E-05  1.074E-04  7.408E-05  6.107E-05  8.110E-05  9.349E-05  3.993E-05  5.294E-05  3.346E-05  2.582E-05  4.582E-05  1.341E-05  1.322E-05  6.443E-06  6.557E-06  1.902E-05  1.298E-05  6.639E-06  0.000E+00  Z
 0.000E+00  0.000E+00  0.000E+00  0.000E+00  0.000E+00  0.000E+00  0.000E+00  0.000E+00  0.000E+00  0.000E+00  0.000E+00  0.000E+00  0.000E+00  0.000E+00  0.000E+00  0.000E+00  0.000E+00  0.000E+00  0.000E+00  0.000E+00  0.000E+00  0.000E+00  0.000E+00  0.000E+00  1.632E-05  0.000E+00  0.000E+00  1.571E-05  0.000E+00  0.000E+00  0.000E+00  0.000E+00  0.000E+00  1.414E-05  0.000E+00  2.712E-05  1.361E-05  9.318E-05  1.317E-05  9.116E-05  7.735E-05  6.299E-05  1.375E-04  1.361E-04  2.085E-04  1.934E-04  1.794E-04  2.373E-04  2.574E-04  3.944E-04  3.913E-04  3.759E-04  4.274E-04  3.909E-04  6.748E-04  6.476E-04  5.235E-04  8.500E-04  9.727E-04  7.844E-04  8.616E-04  9.621E-04  1.094E-03  1.159E-03  1.171E-03  1.232E-03  1.554E-03  1.313E-03  1.420E-03  1.735E-03  1.520E-03  1.640E-03  1.621E-03  1.689E-03  1.902E-03  1.837E-03  1.926E-03  1.849E-03  2.177E-03  2.064E-03  1.937E-03  2.135E-03  2.178E-03  2.228E-03  2.214E-03  2.202E-03  2.620E-03  2.255E-03  2.570E-03  2.325E-03  2.469E-03  2.573E-03  2.724E-03  2.654E-03  2.493E-03  2.216E-03  2.455E-03  2.443E-03  2.580E-03  2.537E-03  2.283E-03  2.218E-03  2.227E-03  2.158E-03  2.303E-03  1.972E-03  2.171E-03  1.776E-03  2.010E-03  1.944E-03  1.927E-03  1.882E-03  1.514E-03  1.682E-03  1.637E-03  1.528E-03  1.559E-03  1.388E-03  1.379E-03  1.115E-03  1.272E-03  1.092E-03  1.026E-03  9.612E-04  9.072E-04  8.037E-04  7.653E-04  7.300E-04  6.999E-04  5.657E-04  5.861E-04  5.933E-04  5.526E-04  4.516E-04  3.885E-04  4.144E-04  3.638E-04  2.301E-04  2.863E-04  1.862E-04  2.888E-04  1.980E-04  1.909E-04  1.163E-04  1.775E-04  9.507E-05  1.013E-04  7.417E-05  1.079E-04  8.044E-05  8.606E-05  4.017E-05  2.684E-05  5.262E-05  2.652E-05  2.611E-05  1.949E-05  6.739E-06  1.318E-05  1.292E-05  1.978E-05  0.000E+00  Z
 0.000E+00  0.000E+00  0.000E+00  0.000E+00  0.000E+00  0.000E+00  0.000E+00  0.000E+00  0.000E+00  0.000E+00  0.000E+00  0.000E+00  0.000E+00  0.000E+00  0.000E+00  0.000E+00  0.000E+00  0.000E+00  0.000E+00  0.000E+00  0.000E+00  0.000E+00  0.000E+00  0.000E+00  0.000E+00  0.000E+00  0.000E+00  0.000E+00  0.000E+00  1.490E-05  1.505E-05  0.000E+00  0.000E+00  1.388E-05  8.306E-05  0.000E+00  2.710E-05  1.333E-05  2.677E-05  2.598E-05  6.445E-05  8.823E-05  1.376E-04  1.604E-04  1.339E-04  1.691E-04  2.770E-04  2.255E-04  1.990E-04  2.796E-04  3.216E-04  3.735E-04  5.866E-04  5.580E-04  6.648E-04  5.587E-04  5.316E-04  6.717E-04  8.009E-04  8.476E-04  1.072E-03  1.116E-03  1.138E-03  1.125E-03  1.371E-03  1.172E-03  1.433E-03  1.145E-03  1.288E-03  1.678E-03  1.579E-03  1.731E-03  1.822E-03  1.742E-03  2.026E-03  2.014E-03  2.058E-03  2.156E-03  2.398E-03  2.501E-03  2.215E-03  2.040E-03  2.439E-03  2.325E-03  2.411E-03  2.538E-03  2.849E-03  2.670E-03  2.603E-03  2.592E-03  2.416E-03  2.634E-03  2.462E-03  2.734E-03  2.667E-03  2.653E-03  2.422E-03  2.672E-03  2.480E-03  2.529E-03  2.463E-03  2.316E-03  2.419E-03  2.256E-03  2.085E-03  2.339E-03  2.191E-03  1.910E-03  1.915E-03  2.078E-03  1.915E-03  1.899E-03  1.750E-03  1.749E-03  1.688E-03  1.611E-03  1.557E-03  1.502E-03  1.687E-03  1.244E-03  1.289E-03  1.259E-03  1.072E-03  1.023E-03  1.047E-03  9.184E-04  9.482E-04  8.751E-04  6.922E-04  7.817E-04  6.081E-04  5.563E-04  5.699E-04  5.267E-04  4.658E-04  4.767E-04  3.294E-04  3.148E-04  3.406E-04  2.907E-04  2.348E-04  1.922E-04  1.444E-04  1.705E-04  1.628E-04  1.217E-04  1.069E-04  1.012E-04  4.722E-05  6.641E-05  5.343E-05  4.001E-05  6.642E-05  3.958E-05  3.316E-05  3.929E-05  1.936E-05  1.955E-05  1.984E-05  1.298E-05  1.291E-05  1.968E-05  0.000E+00  Z
 0.000E+00  0.000E+00  0.000E+00  0.000E+00  0.000E+00  0.000E+00  0.000E+00  0.000E+00  0.000E+00  0.000E+00  0.000E+00  0.000E+00  0.000E+00  0.000E+00  0.000E+00  0.000E+00  0.000E+00  0.000E+00  0.000E+00  0.000E+00  0.000E+00  0.000E+00  0.000E+00  0.000E+00  0.000E+00  0.000E+00  0.000E+00  0.000E+00  0.000E+00  0.000E+00  0.000E+00  1.440E-05  4.284E-05  5.602E-05  4.219E-05  1.372E-05  5.455E-05  2.668E-05  5.278E-05  6.474E-05  5.165E-05  1.138E-04  9.980E-05  1.363E-04  1.221E-04  1.570E-04  1.683E-04  2.726E-04  3.046E-04  3.595E-04  4.149E-04  4.665E-04  5.513E-04  6.138E-04  6.869E-04  6.996E-04  5.550E-04  7.770E-04  7.783E-04  7.968E-04  9.058E-04  9.701E-04  1.053E-03  1.084E-03  1.140E-03  1.255E-03  1.421E-03  1.797E-03  1.414E-03  1.531E-03  1.421E-03  1.625E-03  1.739E-03  1.975E-03  1.812E-03  2.079E-03  1.737E-03  2.339E-03  2.133E-03  2.260E-03  2.149E-03  2.363E-03  2.381E-03  2.372E-03  2.416E-03  2.586E-03  2.533E-03  2.621E-03  2.512E-03  2.716E-03  2.488E-03  2.679E-03  2.813E-03  2.886E-03  2.845E-03  2.709E-03  2.812E-03  2.442E-03  2.553E-03  2.385E-03  2.468E-03  2.395E-03  2.224E-03  2.259E-03  2.392E-03  2.223E-03  2.201E-03  2.380E-03  2.086E-03  1.951E-03  1.881E-03  1.852E-03  1.887E-03  1.968E-03  1.834E-03  1.674E-03  1.370E-03  1.548E-03  1.462E-03  1.406E-03  1.209E-03  1.257E-03  1.187E-03  1.070E-03  1.031E-03  9.412E-04  8.355E-04  9.409E-04  6.718E-04  6.313E-04  7.738E-04  5.635E-04  5.465E-04  5.320E-04  4.990E-04  4.861E-04  3.990E-04  3.275E-04  3.683E-04  3.108E-04  1.869E-04  1.994E-04  1.713E-04  1.713E-04  1.695E-04  1.088E-04  8.071E-05  1.484E-04  8.710E-05  6.652E-05  8.732E-05  6.634E-05  4.659E-05  2.669E-05  3.233E-05  3.267E-05  1.328E-05  3.971E-05  1.922E-05  1.292E-05  2.578E-05  2.554E-05  0.000E+00  Z
 0.000E+00  0.000E+00  0.000E+00  0.000E+00  0.000E+00  0.000E+00  0.000E+00  0.000E+00  0.000E+00  0.000E+00  0.000E+00  0.000E+00  0.000E+00  0.000E+00  0.000E+00  0.000E+00  0.000E+00  0.000E+00  0.000E+00  0.000E+00  0.000E+00  0.000E+00  0.000E+00  0.000E+00  0.000E+00  0.000E+00  1.579E-05  0.000E+00  0.000E+00  1.512E-05  0.000E+00  1.469E-05  0.000E+00  1.399E-05  1.411E-05  0.000E+00  4.061E-05  4.056E-05  5.261E-05  3.920E-05  1.028E-04  1.012E-04  1.245E-04  1.114E-04  2.201E-04  1.213E-04  8.385E-05  3.435E-04  2.107E-04  1.854E-04  3.462E-04  4.211E-04  4.181E-04  4.268E-04  5.757E-04  7.342E-04  8.391E-04  6.345E-04  8.111E-04  1.006E-03  8.089E-04  1.034E-03  1.137E-03  1.263E-03  1.275E-03  1.162E-03  1.172E-03  1.542E-03  1.538E-03  1.391E-03  1.676E-03  1.633E-03  1.727E-03  1.873E-03  1.992E-03  1.823E-03  2.103E-03  1.993E-03  2.106E-03  2.023E-03  2.342E-03  2.155E-03  2.469E-03  2.487E-03  2.311E-03  2.475E-03  2.612E-03  2.735E-03  2.713E-03  2.496E-03  2.779E-03  2.718E-03  2.533E-03  2.810E-03  2.684E-03  2.461E-03  2.784E-03  2.658E-03  2.692E-03  2.576E-03  2.389E-03  2.538E-03  2.404E-03  2.184E-03  2.400E-03  2.317E-03  2.033E-03  2.106E-03  2.151E-03  2.271E-03  2.028E-03  1.748E-03  1.739E-03  1.734E-03  1.694E-03  1.781E-03  1.614E-03  1.630E-03  1.334E-03  1.235E-03  1.414E-03  1.268E-03  1.221E-03  1.133E-03  1.084E-03  1.010E-03  9.680E-04  9.357E-04  8.799E-04  6.658E-04  8.139E-04  5.787E-04  5.388E-04  5.440E-04  3.935E-04  4.433E-04  3.351E-04  4.455E-04  4.520E-04  3.262E-04  3.530E-04  2.688E-04  2.193E-04  1.908E-04  1.841E-04  1.909E-04  1.079E-04  1.412E-04  8.070E-05  6.718E-05  6.692E-05  9.962E-05  3.345E-05  6.588E-05  3.244E-05  1.297E-05  3.331E-05  1.940E-05  1.916E-05  2.608E-05  1.949E-05  1.918E-05  2.535E-05  1.319E-05  6.281E-06  1.260E-05  1.272E-05  6.160E-06  0.000E+00  Z
 0.000E+00  0.000E+00  0.000E+00  0.000E+00  0.000E+00  0.000E+00  0.000E+00  0.000E+00  0.000E+00  0.000E+00  0.000E+00  0.000E+00  0.000E+00  0.000E+00  0.000E+00  0.000E+00  0.000E+00  0.000E+00  0.000E+00  0.000E+00  0.000E+00  0.000E+00  0.000E+00  0.000E+00  0.000E+00  0.000E+00  0.000E+00  0.000E+00  0.000E+00  0.000E+00  0.000E+00  0.000E+00  1.419E-05  0.000E+00  4.181E-05  2.746E-05  1.372E-05  6.665E-05  9.224E-05  1.036E-04  3.891E-05  1.270E-04  1.252E-04  1.612E-04  1.716E-04  1.820E-04  2.517E-04  2.021E-04  2.462E-04  2.912E-04  3.441E-04  3.992E-04  6.326E-04  4.678E-04  6.198E-04  6.033E-04  6.638E-04  9.164E-04  8.233E-04  7.106E-04  1.010E-03  9.516E-04  1.055E-03  9.524E-04  1.178E-03  1.344E-03  1.391E-03  1.282E-03  1.452E-03  1.635E-03  1.637E-03  1.787E-03  1.949E-03  2.107E-03  2.134E-03  2.127E-03  2.120E-03  2.095E-03  2.263E-03  2.351E-03  2.434E-03  2.353E-03  2.562E-03  2.576E-03  2.671E-03  2.590E-03  2.379E-03  2.641E-03  2.792E-03  2.885E-03  2.492E-03  2.708E-03  2.575E-03  2.602E-03  2.668E-03  3.020E-03  2.768E-03  2.457E-03  2.734E-03  2.669E-03  2.585E-03  2.728E-03  2.470E-03  2.718E-03  2.590E-03  2.220E-03  2.247E-03  2.153E-03  2.121E-03  2.317E-03  2.158E-03  2.021E-03  1.865E-03  1.719E-03  1.771E-03  1.768E-03  1.676E-03  1.631E-03  1.614E-03  1.482E-03  1.336E-03  1.369E-03  1.236E-03  1.180E-03  1.200E-03  1.078E-03  9.503E-04  8.709E-04  9.157E-04  7.511E-04  7.884E-04  6.226E-04  5.267E-04  6.150E-04  5.567E-04  4.783E-04  3.982E-04  3.494E-04  3.546E-04  2.331E-04  3.249E-04  2.892E-04  2.875E-04  2.048E-04  2.172E-04  2.041E-04  1.553E-04  1.608E-04  1.148E-04  9.351E-05  4.675E-05  8.701E-05  9.896E-05  2.646E-05  3.325E-05  2.659E-05  4.594E-05  4.596E-05  4.466E-05  1.279E-05  0.000E+00  Z
 0.000E+00  0.000E+00  0.000E+00  0.000E+00  0.000E+00  0.000E+00  0.000E+00  0.000E+00  0.000E+00  0.000E+00  0.000E+00  0.000E+00  0.000E+00  0.000E+00  0.000E+00  0.000E+00  0.000E+00  0.000E+00  0.000E+00  1.846E-05  0.000E+00  0.000E+00  0.000E+00  0.000E+00  0.000E+00  1.600E-05  0.000E+00  0.000E+00  0.000E+00  1.515E-05  1.483E-05  0.000E+00  0.000E+00  4.194E-05  1.387E-05  2.767E-05  6.772E-05  1.360E-05  7.906E-05  6.488E-05  6.426E-05  3.831E-05  1.118E-04  1.236E-04  1.476E-04  1.338E-04  2.154E-04  1.427E-04  1.875E-04  3.837E-04  3.574E-04  3.889E-04  4.283E-04  5.705E-04  5.409E-04  7.668E-04  7.596E-04  7.633E-04  9.714E-04  9.232E-04  1.082E-03  9.921E-04  9.614E-04  1.086E-03  1.333E-03  1.221E-03  1.225E-03  1.511E-03  1.617E-03  1.462E-03  1.707E-03  1.693E-03  1.893E-03  1.868E-03  1.686E-03  1.935E-03  1.915E-03  2.311E-03  2.196E-03  2.230E-03  2.407E-03  2.182E-03  2.504E-03  2.445E-03  2.702E-03  2.965E-03  2.812E-03  2.714E-03  2.893E-03  2.728E-03  3.033E-03  2.741E-03  2.719E-03  2.786E-03  2.911E-03  2.902E-03  2.667E-03  2.625E-03  2.831E-03  2.801E-03  2.675E-03  2.421E-03  2.850E-03  2.523E-03  2.447E-03  2.510E-03  2.639E-03  2.610E-03  2.398E-03  2.372E-03  2.331E-03  2.045E-03  1.881E-03  2.169E-03  1.972E-03  1.997E-03  1.718E-03  1.539E-03  1.590E-03  1.624E-03  1.536E-03  1.493E-03  1.273E-03  1.229E-03  1.247E-03  1.088E-03  1.191E-03  7.585E-04  8.712E-04  9.501E-04  9.102E-04  6.491E-04  8.230E-04  7.166E-04  6.948E-04  6.245E-04  4.892E-04  4.237E-04  4.321E-04  4.075E-04  3.045E-04  3.013E-04  1.994E-04  2.060E-04  2.792E-04  1.837E-04  1.959E-04  1.821E-04  1.004E-04  1.264E-04  1.470E-04  9.899E-05  9.877E-05  7.213E-05  5.892E-05  5.938E-05  6.550E-05  2.558E-05  2.635E-05  1.266E-05  1.979E-05  6.655E-06  1.250E-05  1.284E-05  1.925E-05  6.446E-06  3.812E-05  6.480E-06  1.853E-05  0.000E+00  Z
 0.000E+00  0.000E+00  0.000E+00  0.000E+00  0.000E+00  0.000E+00  0.000E+00  0.000E+00  0.000E+00  0.000E+00  0.000E+00  0.000E+00  0.000E+00  0.000E+00  0.000E+00  0.000E+00  0.000E+00  0.000E+00  0.000E+00  0.000E+00  0.000E+00  0.000E+00  0.000E+00  1.675E-05  0.000E+00  0.000E+00  0.000E+00  1.578E-05  0.000E+00  0.000E+00  0.000E+00  1.433E-05  1.427E-05  2.802E-05  4.170E-05  0.000E+00  1.350E-05  2.678E-05  7.895E-05  1.036E-04  8.931E-05  3.823E-05  2.141E-04  1.363E-04  7.350E-05  1.815E-04  2.026E-04  1.536E-04  2.479E-04  3.364E-04  3.918E-04  4.548E-04  5.647E-04  4.121E-04  6.195E-04  6.031E-04  6.640E-04  7.330E-04  8.534E-04  8.262E-04  1.136E-03  1.050E-03  1.324E-03  1.230E-03  1.172E-03  1.436E-03  1.552E-03  1.574E-03  1.479E-03  1.912E-03  1.763E-03  1.698E-03  2.061E-03  2.063E-03  2.272E-03  2.220E-03  2.179E-03  2.036E-03  2.209E-03  2.327E-03  2.350E-03  2.447E-03  2.602E-03  2.346E-03  2.337E-03  2.943E-03  2.600E-03  2.840E-03  2.830E-03  3.107E-03  2.795E-03  2.956E-03  3.093E-03  3.095E-03  2.670E-03  2.703E-03  2.796E-03  2.832E-03  2.733E-03  2.752E-03  2.998E-03  2.774E-03  2.688E-03  2.678E-03  2.818E-03  2.689E-03  2.770E-03  2.370E-03  2.405E-03  2.341E-03  2.462E-03  2.485E-03  2.187E-03  2.255E-03  2.144E-03  1.876E-03  2.028E-03  1.746E-03  1.719E-03  1.682E-03  1.594E-03  1.405E-03  1.430E-03  1.410E-03  1.310E-03  1.257E-03  1.112E-03  1.034E-03  9.745E-04  9.053E-04  1.055E-03  8.352E-04  8.821E-04  6.797E-04  7.689E-04  6.131E-04  5.114E-04  5.284E-04  4.852E-04  4.898E-04  3.940E-04  4.145E-04  2.480E-04  3.478E-04  1.767E-04  3.056E-04  2.087E-04  1.818E-04  1.601E-04  1.280E-04  9.948E-05  8.020E-05  5.918E-05  1.313E-04  7.247E-05  3.891E-05  3.985E-05  5.953E-05  5.258E-05  2.589E-05  1.305E-05  1.909E-05  2.575E-05  1.930E-05  6.238E-06  1.929E-05  0.000E+00  Z
 0.000E+00  0.000E+00  0.000E+00  0.000E+00  0.000E+00  0.000E+00  0.000E+00  0.000E+00  0.000E+00  0.000E+00  0.000E+00  0.000E+00  0.000E+00  0.000E+00  0.000E+00  0.000E+00  0.000E+00  0.000E+00  0.000E+00  0.000E+00  0.000E+00  0.000E+00  0.000E+00  0.000E+00  0.000E+00  0.000E+00  0.000E+00  0.000E+00  1.540E-05  0.000E+00  1.463E-05  0.000E+00  1.434E-05  2.855E-05  2.771E-05  2.765E-05  5.425E-05  3.988E-05  3.920E-05  9.084E-05  3.829E-05  1.138E-04  7.513E-05  1.105E-04  1.464E-04  1.449E-04  2.156E-04  1.425E-04  2.467E-04  2.891E-04  3.563E-04  5.454E-04  5.867E-04  5.254E-04  6.309E-04  7.462E-04  5.227E-04  9.064E-04  9.310E-04  9.747E-04  8.721E-04  1.189E-03  1.180E-03  1.210E-03  1.354E-03  1.353E-03  1.452E-03  1.500E-03  1.768E-03  1.509E-03  1.799E-03  1.703E-03  1.767E-03  2.146E-03  2.275E-03  1.664E-03  2.206E-03  2.228E-03  2.083E-03  2.088E-03  2.399E-03  2.389E-03  2.765E-03  2.965E-03  2.635E-03  2.429E-03  2.686E-03  2.851E-03  3.033E-03  2.458E-03  2.903E-03  2.761E-03  3.292E-03  2.842E-03  2.589E-03  3.047E-03  3.148E-03  2.775E-03  3.063E-03  3.025E-03  2.844E-03  2.830E-03  2.986E-03  2.578E-03  3.018E-03  2.643E-03  2.494E-03  2.561E-03  2.589E-03  2.738E-03  2.420E-03  2.560E-03  2.499E-03  2.249E-03  2.132E-03  2.167E-03  1.791E-03  2.034E-03  1.755E-03  1.666E-03  1.837E-03  1.764E-03  1.483E-03  1.282E-03  1.290E-03  1.504E-03  1.423E-03  1.225E-03  1.262E-03  9.317E-04  9.629E-04  8.848E-04  7.793E-04  7.504E-04  9.101E-04  6.458E-04  6.589E-04  6.044E-04  5.989E-04  5.799E-04  3.245E-04  3.578E-04  4.182E-04  4.107E-04  2.794E-04  2.584E-04  1.620E-04  2.495E-04  1.476E-04  2.412E-04  1.210E-04  9.289E-05  1.722E-04  1.510E-04  9.186E-05  7.140E-05  4.543E-05  5.221E-05  5.928E-05  3.256E-05  5.153E-05  1.912E-05  1.918E-05  1.924E-05  3.811E-05  1.305E-05  1.879E-05  1.286E-05  6.362E-06  6.227E-06  6.237E-06  0.000E+00  Z
 0.000E+00  0.000E+00  0.000E+00  0.000E+00  0.000E+00  0.000E+00  0.000E+00  0.000E+00  0.000E+00  0.000E+00  0.000E+00  0.000E+00  0.000E+00  0.000E+00  0.000E+00  0.000E+00  0.000E+00  0.000E+00  0.000E+00  0.000E+00  0.000E+00  0.000E+00  0.000E+00  0.000E+00  0.000E+00  0.000E+00  1.608E-05  0.000E+00  1.520E-05  1.498E-05  1.463E-05  1.476E-05  1.413E-05  0.000E+00  2.786E-05  2.756E-05  2.721E-05  8.024E-05  7.905E-05  6.558E-05  3.872E-05  1.011E-04  5.022E-05  7.510E-05  2.194E-04  2.054E-04  2.147E-04  2.257E-04  3.049E-04  4.294E-04  3.672E-04  3.534E-04  5.412E-04  4.484E-04  6.319E-04  7.805E-04  7.247E-04  8.851E-04  9.207E-04  1.175E-03  9.889E-04  9.898E-04  1.064E-03  1.036E-03  1.537E-03  1.494E-03  1.675E-03  1.502E-03  1.648E-03  1.656E-03  1.938E-03  2.032E-03  1.955E-03  2.238E-03  2.195E-03  2.145E-03  2.185E-03  2.070E-03  2.011E-03  2.514E-03  2.377E-03  2.339E-03  2.521E-03  2.592E-03  2.963E-03  2.659E-03  2.850E-03  2.795E-03  3.089E-03  2.991E-03  2.891E-03  3.038E-03  2.955E-03  3.061E-03  2.948E-03  2.917E-03  3.250E-03  3.234E-03  3.088E-03  2.958E-03  3.134E-03  3.033E-03  2.969E-03  3.050E-03  2.936E-03  2.595E-03  2.738E-03  2.880E-03  2.523E-03  2.581E-03  2.553E-03  2.463E-03  2.428E-03  2.088E-03  2.020E-03  2.148E-03  2.048E-03  1.940E-03  2.093E-03  1.829E-03  1.901E-03  1.611E-03  1.608E-03  1.560E-03  1.411E-03  1.235E-03  1.236E-03  1.113E-03  1.011E-03  1.014E-03  8.872E-04  1.013E-03  9.811E-04  7.769E-04  8.188E-04  6.589E-04  5.661E-04  5.582E-04  6.130E-04  5.265E-04  4.395E-04  3.995E-04  3.614E-04  3.344E-04  3.548E-04  2.909E-04  2.983E-04  1.817E-04  1.959E-04  1.072E-04  1.598E-04  1.462E-04  7.953E-05  9.190E-05  1.251E-04  9.184E-05  9.968E-05  1.962E-05  3.846E-05  5.144E-05  1.951E-05  5.091E-05  2.557E-05  1.933E-05  1.297E-05  0.000E+00  Z
 0.000E+00  0.000E+00  0.000E+00  0.000E+00  0.000E+00  0.000E+00  0.000E+00  0.000E+00  0.000E+00  0.000E+00  0.000E+00  0.000E+00  0.000E+00  0.000E+00  0.000E+00  0.000E+00  0.000E+00  0.000E+00  0.000E+00  0.000E+00  0.000E+00  0.000E+00  0.000E+00  0.000E+00  0.000E+00  0.000E+00  0.000E+00  0.000E+00  0.000E+00  0.000E+00  2.950E-05  0.000E+00  2.850E-05  1.394E-05  0.000E+00  2.754E-05  1.330E-05  6.684E-05  5.315E-05  1.168E-04  7.737E-05  1.136E-04  7.496E-05  1.114E-04  1.101E-04  1.088E-04  2.045E-04  3.206E-04  2.341E-04  3.133E-04  3.326E-04  4.202E-04  4.868E-04  4.565E-04  6.418E-04  5.602E-04  6.406E-04  6.708E-04  8.654E-04  6.983E-04  1.075E-03  1.178E-03  1.249E-03  9.963E-04  1.129E-03  1.445E-03  1.434E-03  1.342E-03  1.579E-03  1.754E-03  1.566E-03  1.859E-03  1.864E-03  2.107E-03  2.045E-03  2.145E-03  2.029E-03  2.253E-03  2.648E-03  2.477E-03  2.653E-03  2.489E-03  2.582E-03  2.666E-03  2.810E-03  2.932E-03  3.029E-03  3.128E-03  2.934E-03  3.051E-03  2.970E-03  3.202E-03  3.407E-03  3.142E-03  2.969E-03  3.184E-03  2.987E-03  3.046E-03  2.900E-03  3.009E-03  2.897E-03  3.351E-03  2.801E-03  2.784E-03  2.834E-03  2.852E-03  2.802E-03  2.789E-03  2.575E-03  2.416E-03  2.786E-03  2.572E-03  2.341E-03  2.271E-03  2.293E-03  2.040E-03  2.147E-03  2.151E-03  2.144E-03  1.790E-03  1.866E-03  1.669E-03  1.618E-03  1.597E-03  1.611E-03  1.501E-03  1.303E-03  1.131E-03  1.127E-03  1.250E-03  1.010E-03  9.339E-04  9.817E-04  8.707E-04  8.094E-04  7.434E-04  7.640E-04  5.865E-04  6.204E-04  5.548E-04  4.753E-04  4.198E-04  4.445E-04  3.534E-04  4.234E-04  2.790E-04  2.642E-04  2.230E-04  2.286E-04  1.673E-04  2.120E-04  1.398E-04  1.253E-04  1.584E-04  1.321E-04  7.864E-05  7.173E-05  5.899E-05  6.580E-05  5.812E-05  2.580E-05  5.792E-05  1.946E-05  1.256E-05  1.923E-05  1.270E-05  3.201E-05  2.526E-05  1.928E-05  0.000E+00  Z
 0.000E+00  0.000E+00  0.000E+00  0.000E+00  0.000E+00  0.000E+00  0.000E+00  0.000E+00  0.000E+00  0.000E+00  0.000E+00  0.000E+00  0.000E+00  0.000E+00  0.000E+00  0.000E+00  0.000E+00  0.000E+00  0.000E+00  0.000E+00  0.000E+00  0.000E+00  0.000E+00  0.000E+00  1.629E-05  0.000E+00  3.178E-05  0.000E+00  0.000E+00  0.000E+00  0.000E+00  0.000E+00  0.000E+00  1.403E-05  2.780E-05  1.385E-05  6.780E-05  1.325E-05  2.639E-05  1.433E-04  9.022E-05  7.587E-05  8.734E-05  1.863E-04  1.461E-04  1.700E-04  1.798E-04  1.895E-04  3.404E-04  3.701E-04  4.029E-04  4.107E-04  4.739E-04  5.934E-04  5.090E-04  7.571E-04  7.828E-04  8.934E-04  9.622E-04  9.945E-04  1.242E-03  1.314E-03  1.150E-03  1.336E-03  1.334E-03  1.536E-03  1.694E-03  1.511E-03  1.656E-03  1.585E-03  1.694E-03  1.934E-03  1.948E-03  2.396E-03  2.155E-03  2.013E-03  2.324E-03  1.986E-03  2.418E-03  2.435E-03  2.717E-03  2.345E-03  2.788E-03  2.783E-03  3.058E-03  2.681E-03  3.152E-03  3.188E-03  3.231E-03  3.256E-03  2.836E-03  3.403E-03  3.106E-03  3.030E-03  3.117E-03  2.801E-03  3.170E-03  3.321E-03  2.979E-03  3.301E-03  3.190E-03  3.229E-03  2.917E-03  2.847E-03  2.768E-03  2.888E-03  3.107E-03  2.967E-03  2.718E-03  2.916E-03  2.729E-03  2.674E-03  2.865E-03  2.655E-03  2.455E-03  2.419E-03  2.297E-03  2.389E-03  2.088E-03  1.974E-03  1.899E-03  2.063E-03  1.865E-03  1.592E-03  1.698E-03  1.540E-03  1.324E-03  1.384E-03  1.367E-03  1.177E-03  1.082E-03  1.177E-03  9.520E-04  9.711E-04  8.695E-04  8.695E-04  7.342E-04  7.096E-04  7.488E-04  6.572E-04  6.194E-04  5.083E-04  5.005E-04  3.611E-04  3.673E-04  3.881E-04  3.104E-04  2.962E-04  2.818E-04  2.012E-04  2.070E-04  1.646E-04  1.059E-04  7.960E-05  1.515E-04  1.119E-04  7.223E-05  1.301E-04  7.159E-05  5.850E-05  7.828E-05  5.149E-05  3.840E-05  2.516E-05  2.518E-05  1.264E-05  2.576E-05  2.543E-05  1.260E-05  1.899E-05  6.020E-06  1.262E-05  0.000E+00  Z
 0.000E+00  0.000E+00  0.000E+00  0.000E+00  0.000E+00  0.000E+00  0.000E+00  0.000E+00  0.000E+00  0.000E+00  0.000E+00  0.000E+00  0.000E+00  0.000E+00  0.000E+00  0.000E+00  0.000E+00  0.000E+00  0.000E+00  0.000E+00  0.000E+00  0.000E+00  0.000E+00  0.000E+00  0.000E+00  0.000E+00  0.000E+00  0.000E+00  0.000E+00  3.015E-05  1.490E-05  0.000E+00  1.413E-05  1.428E-05  0.000E+00  4.106E-05  1.340E-05  2.674E-05  5.244E-05  5.254E-05  6.436E-05  7.623E-05  9.966E-05  1.120E-04  1.347E-04  1.456E-04  1.548E-04  2.375E-04  2.350E-04  4.291E-04  3.213E-04  4.210E-04  4.973E-04  3.892E-04  7.177E-04  6.463E-04  6.302E-04  8.928E-04  7.887E-04  8.589E-04  1.158E-03  1.093E-03  1.025E-03  1.171E-03  1.413E-03  1.158E-03  1.262E-03  1.324E-03  1.571E-03  1.805E-03  1.704E-03  2.088E-03  1.902E-03  2.128E-03  2.178E-03  2.268E-03  2.441E-03  2.233E-03  2.131E-03  2.364E-03  3.021E-03  2.663E-03  2.762E-03  2.743E-03  2.908E-03  2.668E-03  2.864E-03  2.961E-03  3.004E-03  3.086E-03  3.114E-03  3.381E-03  3.398E-03  3.164E-03  3.207E-03  3.226E-03  3.244E-03  3.145E-03  3.471E-03  3.282E-03  3.465E-03  3.217E-03  3.681E-03  3.319E-03  3.122E-03  2.706E-03  3.262E-03  3.393E-03  3.170E-03  2.955E-03  3.004E-03  2.769E-03  2.808E-03  2.759E-03  2.636E-03  2.549E-03  2.537E-03  2.499E-03  2.500E-03  2.672E-03  2.431E-03  2.312E-03  2.074E-03  1.951E-03  1.760E-03  1.826E-03  1.798E-03  1.772E-03  1.604E-03  1.395E-03  1.353E-03  1.435E-03  1.186E-03  1.104E-03  1.055E-03  9.609E-04  1.010E-03  7.678E-04  7.582E-04  8.425E-04  6.687E-04  6.545E-04  6.475E-04  4.773E-04  4.075E-04  3.937E-04  3.847E-04  3.442E-04  3.219E-04  2.881E-04  2.398E-04  2.208E-04  1.531E-04  1.448E-04  1.850E-04  1.640E-04  8.511E-05  1.239E-04  1.046E-04  7.082E-05  5.221E-05  1.167E-04  2.606E-05  5.105E-05  3.867E-05  3.855E-05  4.410E-05  3.192E-05  1.228E-05  0.000E+00  Z
 0.000E+00  0.000E+00  0.000E+00  0.000E+00  0.000E+00  0.000E+00  0.000E+00  0.000E+00  0.000E+00  0.000E+00  0.000E+00  0.000E+00  0.000E+00  0.000E+00  0.000E+00  0.000E+00  0.000E+00  0.000E+00  0.000E+00  0.000E+00  0.000E+00  0.000E+00  0.000E+00  1.710E-05  0.000E+00  0.000E+00  0.000E+00  0.000E+00  0.000E+00  1.489E-05  1.477E-05  0.000E+00  0.000E+00  1.408E-05  0.000E+00  1.352E-05  2.683E-05  3.968E-05  0.000E+00  3.936E-05  3.876E-05  1.263E-04  1.380E-04  1.862E-04  1.220E-04  1.695E-04  2.045E-04  2.485E-04  3.050E-04  3.722E-04  2.868E-04  3.651E-04  4.870E-04  6.679E-04  6.418E-04  8.120E-04  6.822E-04  8.713E-04  9.514E-04  1.132E-03  1.219E-03  1.209E-03  1.086E-03  1.305E-03  1.394E-03  1.545E-03  1.503E-03  1.716E-03  1.627E-03  1.606E-03  1.854E-03  1.991E-03  1.909E-03  2.037E-03  2.460E-03  2.342E-03  2.175E-03  2.565E-03  2.400E-03  2.717E-03  2.641E-03  2.826E-03  3.062E-03  2.934E-03  3.204E-03  3.377E-03  3.039E-03  3.156E-03  3.330E-03  3.222E-03  3.159E-03  3.528E-03  3.500E-03  3.383E-03  3.222E-03  3.840E-03  3.455E-03  3.478E-03  3.296E-03  3.412E-03  3.643E-03  3.306E-03  3.536E-03  3.332E-03  3.383E-03  3.421E-03  3.110E-03  3.523E-03  3.159E-03  3.072E-03  3.203E-03  3.084E-03  3.079E-03  3.174E-03  2.933E-03  2.885E-03  2.733E-03  2.625E-03  2.474E-03  2.566E-03  2.599E-03  2.330E-03  2.458E-03  2.065E-03  2.000E-03  2.046E-03  2.038E-03  1.777E-03  1.823E-03  1.640E-03  1.431E-03  1.690E-03  1.270E-03  1.513E-03  1.304E-03  1.220E-03  1.074E-03  9.961E-04  1.013E-03  9.133E-04  8.000E-04  7.367E-04  6.088E-04  6.819E-04  6.131E-04  4.674E-04  3.714E-04  4.836E-04  4.382E-04  3.551E-04  2.675E-04  3.206E-04  2.388E-04  2.502E-04  2.046E-04  2.357E-04  1.252E-04  1.509E-04  1.239E-04  9.038E-05  1.231E-04  7.709E-05  5.115E-05  4.453E-05  1.946E-05  3.223E-05  6.926E-05  3.746E-05  6.550E-06  3.776E-05  1.212E-05  0.000E+00  Z
 0.000E+00  0.000E+00  0.000E+00  0.000E+00  0.000E+00  0.000E+00  0.000E+00  0.000E+00  0.000E+00  0.000E+00  0.000E+00  0.000E+00  0.000E+00  0.000E+00  0.000E+00  0.000E+00  0.000E+00  0.000E+00  0.000E+00  0.000E+00  0.000E+00  0.000E+00  0.000E+00  0.000E+00  0.000E+00  0.000E+00  0.000E+00  0.000E+00  0.000E+00  0.000E+00  0.000E+00  1.434E-05  0.000E+00  0.000E+00  1.385E-05  2.749E-05  1.370E-05  0.000E+00  2.620E-05  1.170E-04  7.688E-05  8.901E-05  1.133E-04  1.488E-04  1.957E-04  1.816E-04  2.879E-04  1.543E-04  3.173E-04  3.720E-04  4.246E-04  3.623E-04  3.384E-04  4.595E-04  6.099E-04  6.143E-04  8.034E-04  7.853E-04  8.443E-04  9.771E-04  1.060E-03  1.167E-03  1.284E-03  1.057E-03  1.476E-03  1.512E-03  1.807E-03  1.533E-03  1.640E-03  1.757E-03  1.792E-03  1.951E-03  2.504E-03  1.886E-03  2.318E-03  2.474E-03  2.289E-03  2.518E-03  2.795E-03  2.694E-03  2.633E-03  2.828E-03  2.813E-03  3.046E-03  2.969E-03  2.940E-03  3.133E-03  3.225E-03  3.485E-03  3.870E-03  3.576E-03  3.770E-03  3.565E-03  3.634E-03  3.642E-03  3.834E-03  3.626E-03  3.727E-03  3.842E-03  3.728E-03  3.597E-03  3.756E-03  3.697E-03  3.508E-03  3.760E-03  3.994E-03  3.690E-03  3.760E-03  3.522E-03  3.951E-03  3.654E-03  3.317E-03  3.314E-03  3.137E-03  3.053E-03  3.237E-03  2.986E-03  3.431E-03  3.120E-03  2.904E-03  3.100E-03  2.500E-03  2.345E-03  2.423E-03  2.718E-03  2.371E-03  2.187E-03  2.229E-03  2.228E-03  2.116E-03  1.784E-03  1.718E-03  1.890E-03  1.436E-03  1.438E-03  1.277E-03  1.547E-03  1.355E-03  1.255E-03  1.083E-03  1.102E-03  9.552E-04  1.054E-03  7.856E-04  7.265E-04  7.369E-04  7.236E-04  5.591E-04  5.747E-04  4.832E-04  4.349E-04  5.050E-04  3.768E-04  3.419E-04  2.345E-04  2.899E-04  2.024E-04  2.210E-04  2.014E-04  1.030E-04  1.606E-04  1.352E-04  1.407E-04  9.533E-05  5.730E-05  5.048E-05  6.286E-05  8.911E-05  4.999E-05  6.324E-05  1.207E-05  6.910E-05  1.235E-05  6.417E-06  1.248E-05  1.221E-05  2.430E-05  1.229E-05  1.230E-05  5.925E-06  5.925E-06  5.975E-06  6.101E-06  5.920E-06  6.198E-06  0.000E+00  Z
 0.000E+00  0.000E+00  0.000E+00  0.000E+00  0.000E+00  0.000E+00  0.000E+00  0.000E+00  0.000E+00  0.000E+00  0.000E+00  0.000E+00  0.000E+00  0.000E+00  0.000E+00  0.000E+00  0.000E+00  0.000E+00  0.000E+00  0.000E+00  0.000E+00  0.000E+00  0.000E+00  0.000E+00  0.000E+00  0.000E+00  0.000E+00  0.000E+00  1.554E-05  0.000E+00  0.000E+00  1.477E-05  1.446E-05  0.000E+00  4.166E-05  4.063E-05  4.039E-05  5.369E-05  1.048E-04  2.585E-05  7.751E-05  6.341E-05  1.140E-04  1.979E-04  1.473E-04  1.939E-04  2.397E-04  2.736E-04  3.521E-04  2.675E-04  2.749E-04  3.881E-04  5.535E-04  5.038E-04  7.086E-04  6.906E-04  8.370E-04  6.354E-04  8.653E-04  9.885E-04  1.082E-03  1.281E-03  1.273E-03  1.600E-03  1.394E-03  1.736E-03  1.723E-03  1.654E-03  1.729E-03  1.954E-03  1.887E-03  2.155E-03  2.097E-03  2.240E-03  2.499E-03  2.607E-03  2.646E-03  2.906E-03  2.747E-03  2.858E-03  3.003E-03  3.208E-03  2.950E-03  3.006E-03  3.549E-03  3.300E-03  3.413E-03  3.541E-03  3.457E-03  3.817E-03  4.026E-03  3.710E-03  3.769E-03  4.114E-03  3.869E-03  3.880E-03  3.998E-03  3.671E-03  4.149E-03  4.131E-03  4.040E-03  4.058E-03  4.180E-03  4.174E-03  4.257E-03  4.404E-03  4.355E-03  3.881E-03  3.842E-03  4.016E-03  4.102E-03  4.103E-03  4.318E-03  4.125E-03  3.637E-03  3.824E-03  3.835E-03  3.565E-03  3.591E-03  3.415E-03  3.624E-03  3.711E-03  3.381E-03  2.974E-03  2.919E-03  2.975E-03  2.912E-03  3.095E-03  3.025E-03  2.818E-03  2.755E-03  2.419E-03  2.416E-03  2.096E-03  2.201E-03  1.971E-03  1.859E-03  2.124E-03  1.707E-03  1.523E-03  1.486E-03  1.460E-03  1.418E-03  1.275E-03  1.050E-03  1.044E-03  1.128E-03  9.262E-04  8.588E-04  9.320E-04  8.729E-04  8.121E-04  5.446E-04  6.262E-04  4.620E-04  4.658E-04  4.583E-04  2.543E-04  4.083E-04  3.574E-04  2.780E-04  2.931E-04  2.182E-04  1.662E-04  1.655E-04  1.990E-04  1.331E-04  1.528E-04  7.004E-05  1.190E-04  5.051E-05  5.032E-05  9.367E-05  3.696E-05  4.939E-05  1.847E-05  6.329E-06  0.000E+00  Z
 0.000E+00  0.000E+00  0.000E+00  0.000E+00  0.000E+00  0.000E+00  0.000E+00  0.000E+00  0.000E+00  0.000E+00  0.000E+00  0.000E+00  0.000E+00  0.000E+00  0.000E+00  0.000E+00  0.000E+00  0.000E+00  0.000E+00  0.000E+00  0.000E+00  0.000E+00  0.000E+00  0.000E+00  0.000E+00  0.000E+00  0.000E+00  0.000E+00  1.531E-05  0.000E+00  0.000E+00  0.000E+00  0.000E+00  0.000E+00  0.000E+00  4.085E-05  5.396E-05  7.995E-05  6.607E-05  2.592E-05  6.469E-05  7.588E-05  8.868E-05  1.362E-04  1.825E-04  1.326E-04  3.121E-04  2.472E-04  3.176E-04  4.188E-04  3.347E-04  3.747E-04  5.183E-04  7.452E-04  6.975E-04  8.109E-04  7.181E-04  8.298E-04  9.416E-04  1.144E-03  1.209E-03  1.022E-03  1.362E-03  1.436E-03  1.435E-03  1.586E-03  1.574E-03  1.887E-03  2.017E-03  1.932E-03  2.160E-03  2.129E-03  2.233E-03  2.607E-03  2.327E-03  2.777E-03  2.825E-03  2.673E-03  3.387E-03  3.395E-03  2.930E-03  3.186E-03  3.365E-03  3.438E-03  3.359E-03  3.612E-03  3.496E-03  3.250E-03  3.582E-03  3.982E-03  4.103E-03  4.286E-03  3.816E-03  4.027E-03  4.440E-03  4.144E-03  4.308E-03  4.575E-03  4.708E-03  4.632E-03  4.593E-03  4.940E-03  4.807E-03  4.434E-03  4.503E-03  4.657E-03  4.766E-03  4.752E-03  4.552E-03  4.428E-03  4.348E-03  4.823E-03  4.685E-03  4.557E-03  4.464E-03  4.219E-03  4.605E-03  4.448E-03  4.296E-03  3.761E-03  4.163E-03  3.902E-03  3.840E-03  3.585E-03  4.098E-03  3.833E-03  3.744E-03  3.578E-03  3.489E-03  3.363E-03  2.997E-03  3.053E-03  3.091E-03  3.106E-03  2.803E-03  2.592E-03  2.497E-03  2.687E-03  2.239E-03  2.353E-03  2.027E-03  1.907E-03  2.014E-03  1.933E-03  1.831E-03  1.537E-03  1.414E-03  1.421E-03  1.243E-03  1.167E-03  1.072E-03  1.058E-03  9.016E-04  9.496E-04  9.022E-04  7.434E-04  6.407E-04  6.641E-04  5.775E-04  4.071E-04  4.981E-04  4.829E-04  4.064E-04  2.741E-04  2.745E-04  2.730E-04  2.025E-04  1.647E-04  2.013E-04  1.681E-04  1.312E-04  1.808E-04  7.508E-05  8.077E-05  7.370E-05  9.265E-05  6.824E-05  2.455E-05  6.756E-05  4.306E-05  3.010E-05  5.841E-06  2.429E-05  3.057E-05  6.033E-06  1.791E-05  5.838E-06  1.241E-05  1.226E-05  1.786E-05  1.200E-05  0.000E+00  Z
 0.000E+00  0.000E+00  0.000E+00  0.000E+00  0.000E+00  0.000E+00  0.000E+00  0.000E+00  0.000E+00  0.000E+00  0.000E+00  0.000E+00  0.000E+00  0.000E+00  0.000E+00  0.000E+00  0.000E+00  0.000E+00  0.000E+00  0.000E+00  0.000E+00  0.000E+00  0.000E+00  0.000E+00  0.000E+00  0.000E+00  0.000E+00  0.000E+00  0.000E+00  0.000E+00  2.949E-05  1.448E-05  1.414E-05  0.000E+00  0.000E+00  4.148E-05  5.373E-05  1.311E-05  3.951E-05  6.548E-05  1.025E-04  1.147E-04  3.772E-05  1.242E-04  1.346E-04  1.579E-04  2.620E-04  2.605E-04  3.630E-04  4.430E-04  6.000E-04  5.689E-04  4.051E-04  6.936E-04  5.959E-04  6.361E-04  7.933E-04  9.160E-04  7.802E-04  1.079E-03  1.105E-03  1.150E-03  1.313E-03  1.323E-03  1.657E-03  1.750E-03  1.486E-03  1.919E-03  1.807E-03  2.204E-03  1.974E-03  2.203E-03  2.256E-03  2.592E-03  2.699E-03  2.772E-03  2.726E-03  2.830E-03  2.999E-03  2.994E-03  3.374E-03  3.266E-03  3.664E-03  3.584E-03  3.621E-03  3.849E-03  3.965E-03  4.129E-03  3.862E-03  4.204E-03  3.976E-03  4.191E-03  4.696E-03  4.885E-03  4.240E-03  4.598E-03  4.507E-03  4.742E-03  4.951E-03  4.584E-03  4.746E-03  4.931E-03  5.199E-03  5.290E-03  5.044E-03  5.533E-03  4.923E-03  5.255E-03  4.911E-03  5.118E-03  5.096E-03  5.290E-03  5.265E-03  5.427E-03  5.160E-03  4.849E-03  4.744E-03  5.261E-03  5.274E-03  4.980E-03  4.917E-03  4.724E-03  5.022E-03  5.002E-03  4.667E-03  4.551E-03  4.170E-03  4.367E-03  4.172E-03  4.130E-03  4.407E-03  4.171E-03  3.810E-03  3.530E-03  3.228E-03  3.652E-03  3.440E-03  3.536E-03  3.290E-03  3.341E-03  3.067E-03  2.547E-03  2.696E-03  2.787E-03  2.611E-03  2.393E-03  2.161E-03  2.343E-03  2.129E-03  1.898E-03  1.700E-03  1.706E-03  1.442E-03  1.469E-03  1.271E-03  1.232E-03  1.216E-03  1.037E-03  1.064E-03  9.261E-04  8.200E-04  6.692E-04  6.880E-04  5.560E-04  6.127E-04  5.007E-04  4.316E-04  4.470E-04  4.031E-04  3.138E-04  3.039E-04  2.185E-04  2.166E-04  2.114E-04  1.727E-04  1.421E-04  1.368E-04  1.347E-04  9.231E-05  5.625E-05  8.465E-05  5.985E-05  7.348E-05  6.162E-05  1.838E-05  3.017E-05  4.782E-05  5.761E-06  3.635E-05  1.774E-05  5.891E-06  0.000E+00  Z
 0.000E+00  0.000E+00  0.000E+00  0.000E+00  0.000E+00  0.000E+00  0.000E+00  0.000E+00  0.000E+00  0.000E+00  0.000E+00  0.000E+00  0.000E+00  0.000E+00  0.000E+00  0.000E+00  0.000E+00  0.000E+00  0.000E+00  0.000E+00  0.000E+00  0.000E+00  0.000E+00  0.000E+00  0.000E+00  0.000E+00  0.000E+00  1.568E-05  0.000E+00  1.493E-05  0.000E+00  0.000E+00  0.000E+00  1.399E-05  2.766E-05  1.395E-05  2.694E-05  2.682E-05  5.285E-05  5.257E-05  9.033E-05  1.517E-04  6.272E-05  1.604E-04  1.111E-04  1.579E-04  1.797E-04  3.077E-04  2.809E-04  3.484E-04  3.911E-04  3.530E-04  3.718E-04  6.236E-04  5.982E-04  7.780E-04  6.838E-04  9.597E-04  9.077E-04  1.071E-03  1.085E-03  1.198E-03  1.310E-03  1.485E-03  1.356E-03  1.613E-03  1.665E-03  1.781E-03  2.156E-03  2.154E-03  2.095E-03  2.378E-03  2.245E-03  2.591E-03  2.775E-03  2.984E-03  2.853E-03  3.108E-03  2.832E-03  3.410E-03  3.562E-03  3.638E-03  3.618E-03  3.539E-03  3.881E-03  4.129E-03  3.947E-03  4.179E-03  4.286E-03  3.970E-03  4.286E-03  4.513E-03  4.945E-03  4.678E-03  5.376E-03  4.894E-03  5.012E-03  4.964E-03  4.899E-03  5.103E-03  5.690E-03  5.533E-03  5.619E-03  5.660E-03  5.614E-03  5.659E-03  5.464E-03  5.762E-03  5.491E-03  5.921E-03  5.831E-03  5.784E-03  5.583E-03  5.634E-03  5.773E-03  5.652E-03  5.549E-03  5.285E-03  5.487E-03  5.451E-03  5.612E-03  5.438E-03  5.533E-03  5.497E-03  5.604E-03  5.279E-03  5.039E-03  4.980E-03  4.876E-03  4.806E-03  4.560E-03  4.321E-03  4.505E-03  4.140E-03  4.321E-03  4.121E-03  3.907E-03  4.078E-03  3.794E-03  3.629E-03  3.440E-03  3.488E-03  3.569E-03  3.069E-03  3.097E-03  3.161E-03  2.956E-03  2.606E-03  2.585E-03  2.567E-03  2.163E-03  2.298E-03  1.983E-03  1.880E-03  1.930E-03  1.661E-03  1.698E-03  1.452E-03  1.374E-03  1.308E-03  1.202E-03  1.126E-03  9.190E-04  1.032E-03  7.963E-04  7.618E-04  7.988E-04  6.836E-04  5.417E-04  5.763E-04  4.414E-04  5.137E-04  3.690E-04  3.044E-04  2.708E-04  2.532E-04  1.906E-04  2.266E-04  1.471E-04  1.527E-04  1.100E-04  1.214E-04  9.535E-05  1.213E-04  9.000E-05  8.430E-05  4.141E-05  4.167E-05  3.604E-05  2.398E-05  4.106E-05  2.923E-05  2.387E-05  3.578E-05  2.384E-05  1.170E-05  1.136E-05  1.180E-05  2.955E-05  5.937E-06  0.000E+00  Z
 0.000E+00  0.000E+00  0.000E+00  0.000E+00  0.000E+00  0.000E+00  0.000E+00  0.000E+00  0.000E+00  0.000E+00  0.000E+00  0.000E+00  0.000E+00  0.000E+00  0.000E+00  0.000E+00  0.000E+00  0.000E+00  0.000E+00  0.000E+00  0.000E+00  0.000E+00  0.000E+00  0.000E+00  1.661E-05  0.000E+00  0.000E+00  0.000E+00  0.000E+00  0.000E+00  1.490E-05  1.478E-05  0.000E+00  1.389E-05  0.000E+00  4.074E-05  1.344E-05  0.000E+00  0.000E+00  5.217E-05  2.592E-05  6.345E-05  1.007E-04  1.485E-04  1.715E-04  9.736E-05  2.398E-04  2.265E-04  3.051E-04  3.024E-04  3.341E-04  4.550E-04  4.737E-04  6.374E-04  5.431E-04  6.907E-04  7.286E-04  9.266E-04  8.992E-04  9.860E-04  1.020E-03  1.239E-03  1.416E-03  1.169E-03  1.314E-03  1.767E-03  1.704E-03  1.732E-03  2.192E-03  2.391E-03  2.393E-03  2.563E-03  2.094E-03  2.462E-03  2.659E-03  2.727E-03  2.856E-03  3.424E-03  3.090E-03  3.496E-03  3.648E-03  3.484E-03  3.591E-03  3.532E-03  4.036E-03  3.989E-03  4.167E-03  4.316E-03  4.484E-03  4.612E-03  4.704E-03  4.724E-03  4.841E-03  4.715E-03  5.238E-03  4.913E-03  5.417E-03  5.598E-03  5.127E-03  5.463E-03  5.784E-03  5.698E-03  5.664E-03  5.906E-03  6.054E-03  6.007E-03  5.779E-03  6.007E-03  6.072E-03  6.179E-03  6.127E-03  6.414E-03  5.919E-03  6.453E-03  6.281E-03  6.709E-03  6.399E-03  6.313E-03  6.475E-03  6.461E-03  6.200E-03  6.316E-03  6.607E-03  5.962E-03  6.047E-03  6.150E-03  6.017E-03  6.134E-03  5.938E-03  6.266E-03  5.649E-03  5.750E-03  5.460E-03  5.752E-03  5.275E-03  5.314E-03  5.395E-03  5.428E-03  4.706E-03  4.993E-03  4.794E-03  4.634E-03  4.364E-03  4.335E-03  4.376E-03  4.047E-03  3.756E-03  3.737E-03  3.636E-03  3.227E-03  3.106E-03  3.290E-03  3.124E-03  2.725E-03  2.793E-03  2.473E-03  2.677E-03  2.319E-03  2.115E-03  1.936E-03  1.674E-03  1.663E-03  1.582E-03  1.489E-03  1.269E-03  1.242E-03  1.091E-03  9.115E-04  8.246E-04  9.044E-04  7.330E-04  6.800E-04  6.658E-04  6.096E-04  5.763E-04  5.245E-04  4.128E-04  4.301E-04  3.317E-04  3.724E-04  2.971E-04  2.871E-04  2.555E-04  2.128E-04  1.798E-04  1.017E-04  1.207E-04  9.038E-05  1.074E-04  6.465E-05  1.007E-04  9.991E-05  2.926E-05  4.111E-05  5.911E-05  1.206E-05  4.092E-05  2.262E-05  3.449E-05  5.719E-06  1.785E-05  1.155E-05  5.708E-06  1.162E-05  5.858E-06  1.164E-05  5.774E-06  0.000E+00  Z
 0.000E+00  0.000E+00  0.000E+00  0.000E+00  0.000E+00  0.000E+00  0.000E+00  0.000E+00  0.000E+00  0.000E+00  0.000E+00  0.000E+00  0.000E+00  0.000E+00  0.000E+00  0.000E+00  0.000E+00  0.000E+00  0.000E+00  0.000E+00  0.000E+00  0.000E+00  0.000E+00  0.000E+00  0.000E+00  0.000E+00  0.000E+00  0.000E+00  0.000E+00  0.000E+00  0.000E+00  1.466E-05  1.421E-05  1.420E-05  1.395E-05  4.088E-05  2.724E-05  0.000E+00  1.334E-05  7.831E-05  6.467E-05  8.848E-05  6.258E-05  9.906E-05  1.352E-04  1.709E-04  9.555E-05  3.073E-04  2.235E-04  3.245E-04  3.894E-04  3.290E-04  4.514E-04  5.458E-04  6.746E-04  7.023E-04  7.713E-04  9.155E-04  1.102E-03  9.609E-04  1.018E-03  1.229E-03  1.491E-03  1.506E-03  1.658E-03  1.616E-03  2.106E-03  1.930E-03  2.280E-03  1.960E-03  2.558E-03  2.223E-03  2.535E-03  2.419E-03  2.860E-03  2.981E-03  3.161E-03  3.109E-03  3.360E-03  3.693E-03  3.401E-03  3.705E-03  3.600E-03  3.828E-03  4.022E-03  4.241E-03  4.638E-03  4.461E-03  4.819E-03  4.749E-03  4.979E-03  4.781E-03  5.414E-03  4.838E-03  5.526E-03  5.226E-03  5.430E-03  5.863E-03  5.450E-03  5.618E-03  5.792E-03  6.269E-03  6.147E-03  6.278E-03  6.487E-03  6.035E-03  6.175E-03  6.173E-03  6.489E-03  6.654E-03  6.255E-03  6.587E-03  6.849E-03  6.384E-03  7.137E-03  7.027E-03  6.521E-03  7.309E-03  6.822E-03  6.943E-03  6.537E-03  6.916E-03  6.996E-03  6.880E-03  7.198E-03  6.970E-03  6.712E-03  6.579E-03  6.193E-03  6.486E-03  6.379E-03  6.618E-03  6.206E-03  6.367E-03  6.207E-03  5.973E-03  5.994E-03  5.942E-03  5.714E-03  5.788E-03  5.267E-03  5.250E-03  4.913E-03  5.241E-03  5.070E-03  4.961E-03  4.673E-03  4.862E-03  3.889E-03  4.132E-03  4.147E-03  3.918E-03  3.731E-03  3.489E-03  2.974E-03  3.139E-03  2.965E-03  2.824E-03  2.788E-03  2.571E-03  2.543E-03  2.310E-03  2.334E-03  1.846E-03  2.005E-03  1.688E-03  1.484E-03  1.600E-03  1.560E-03  1.331E-03  1.255E-03  1.060E-03  9.899E-04  9.262E-04  8.194E-04  6.653E-04  6.575E-04  4.860E-04  5.833E-04  4.647E-04  4.086E-04  4.714E-04  4.542E-04  2.888E-04  2.832E-04  2.088E-04  1.966E-04  2.693E-04  1.476E-04  1.492E-04  1.302E-04  8.224E-05  9.953E-05  5.910E-05  4.085E-05  8.810E-05  4.079E-05  3.449E-05  1.791E-05  2.321E-05  2.883E-05  2.897E-05  1.712E-05  1.147E-05  5.632E-06  2.346E-05  1.712E-05  1.132E-05  0.000E+00  Z
 0.000E+00  0.000E+00  0.000E+00  0.000E+00  0.000E+00  0.000E+00  0.000E+00  0.000E+00  0.000E+00  0.000E+00  0.000E+00  0.000E+00  0.000E+00  0.000E+00  0.000E+00  0.000E+00  0.000E+00  0.000E+00  0.000E+00  0.000E+00  0.000E+00  0.000E+00  0.000E+00  0.000E+00  0.000E+00  0.000E+00  0.000E+00  0.000E+00  0.000E+00  0.000E+00  1.462E-05  0.000E+00  0.000E+00  1.389E-05  0.000E+00  2.763E-05  1.333E-05  1.348E-05  1.321E-05  5.135E-05  5.154E-05  3.798E-05  1.261E-04  1.234E-04  1.099E-04  1.457E-04  1.551E-04  1.413E-04  2.821E-04  3.248E-04  4.822E-04  4.657E-04  3.610E-04  3.585E-04  5.973E-04  6.279E-04  8.143E-04  8.206E-04  8.431E-04  9.731E-04  1.209E-03  1.386E-03  1.210E-03  1.333E-03  1.482E-03  1.773E-03  1.664E-03  1.826E-03  2.174E-03  1.910E-03  2.241E-03  2.459E-03  2.429E-03  2.423E-03  2.857E-03  2.925E-03  3.028E-03  3.276E-03  3.271E-03  3.483E-03  3.442E-03  3.456E-03  4.010E-03  3.966E-03  4.245E-03  4.366E-03  4.384E-03  4.416E-03  4.451E-03  4.755E-03  5.092E-03  4.997E-03  5.133E-03  5.474E-03  5.526E-03  5.839E-03  5.883E-03  5.631E-03  6.288E-03  6.122E-03  6.282E-03  6.107E-03  6.106E-03  6.377E-03  6.044E-03  6.722E-03  7.016E-03  6.998E-03  7.349E-03  7.459E-03  6.773E-03  7.216E-03  7.233E-03  7.359E-03  7.167E-03  7.173E-03  7.788E-03  7.182E-03  7.332E-03  7.579E-03  7.535E-03  7.694E-03  7.320E-03  7.687E-03  7.801E-03  7.736E-03  8.174E-03  7.325E-03  7.632E-03  7.604E-03  7.481E-03  7.536E-03  7.623E-03  7.096E-03  7.189E-03  7.384E-03  6.916E-03  7.143E-03  6.144E-03  6.518E-03  6.721E-03  6.689E-03  6.557E-03  6.310E-03  5.927E-03  6.055E-03  5.761E-03  5.386E-03  5.309E-03  5.606E-03  5.327E-03  4.951E-03  5.145E-03  4.471E-03  4.481E-03  4.275E-03  4.247E-03  4.085E-03  3.971E-03  3.677E-03  3.316E-03  3.089E-03  3.047E-03  2.871E-03  2.695E-03  2.509E-03  2.569E-03  2.422E-03  2.364E-03  2.060E-03  1.821E-03  1.766E-03  1.650E-03  1.374E-03  1.397E-03  1.274E-03  9.864E-04  1.137E-03  9.646E-04  9.902E-04  8.568E-04  7.246E-04  6.480E-04  6.140E-04  5.724E-04  4.179E-04  4.389E-04  4.003E-04  3.688E-04  2.030E-04  2.845E-04  2.672E-04  1.485E-04  1.773E-04  1.177E-04  1.346E-04  1.046E-04  9.166E-05  1.503E-04  3.479E-05  6.392E-05  5.206E-05  2.828E-05  2.872E-05  2.289E-05  3.441E-05  1.172E-05  2.248E-05  2.850E-05  1.700E-05  1.132E-05  5.731E-06  1.705E-05  0.000E+00  Z
 0.000E+00  0.000E+00  0.000E+00  0.000E+00  0.000E+00  0.000E+00  0.000E+00  0.000E+00  0.000E+00  0.000E+00  0.000E+00  0.000E+00  0.000E+00  0.000E+00  0.000E+00  0.000E+00  0.000E+00  0.000E+00  0.000E+00  0.000E+00  0.000E+00  0.000E+00  0.000E+00  0.000E+00  1.631E-05  0.000E+00  0.000E+00  0.000E+00  3.057E-05  1.490E-05  0.000E+00  1.479E-05  1.450E-05  1.398E-05  1.399E-05  5.477E-05  2.661E-05  3.988E-05  2.612E-05  5.187E-05  3.847E-05  1.015E-04  8.710E-05  1.113E-04  1.466E-04  1.096E-04  2.268E-04  2.379E-04  2.334E-04  2.779E-04  3.676E-04  3.870E-04  3.943E-04  4.477E-04  4.984E-04  6.576E-04  5.443E-04  7.759E-04  7.806E-04  1.178E-03  9.257E-04  1.282E-03  1.313E-03  1.394E-03  1.597E-03  1.789E-03  1.805E-03  1.913E-03  2.100E-03  2.216E-03  1.997E-03  2.432E-03  2.562E-03  2.791E-03  2.678E-03  2.910E-03  3.322E-03  3.199E-03  3.200E-03  3.602E-03  3.948E-03  3.861E-03  4.069E-03  4.223E-03  4.485E-03  4.945E-03  4.912E-03  4.616E-03  5.084E-03  5.178E-03  5.392E-03  5.592E-03  6.037E-03  5.606E-03  5.994E-03  5.837E-03  6.046E-03  6.194E-03  6.362E-03  6.823E-03  6.778E-03  6.599E-03  6.973E-03  7.024E-03  7.242E-03  7.895E-03  7.241E-03  7.173E-03  7.736E-03  8.302E-03  7.559E-03  8.050E-03  8.204E-03  8.235E-03  8.314E-03  8.591E-03  8.257E-03  8.210E-03  8.378E-03  8.935E-03  8.768E-03  8.267E-03  8.929E-03  8.416E-03  8.619E-03  8.764E-03  8.778E-03  8.857E-03  9.170E-03  8.634E-03  8.858E-03  8.645E-03  8.555E-03  8.246E-03  8.955E-03  8.790E-03  8.155E-03  8.577E-03  8.440E-03  8.495E-03  7.980E-03  8.172E-03  8.487E-03  7.766E-03  7.110E-03  7.988E-03  7.748E-03  7.308E-03  7.286E-03  6.944E-03  6.600E-03  6.646E-03  6.841E-03  6.597E-03  6.485E-03  5.973E-03  6.099E-03  5.865E-03  5.485E-03  5.133E-03  5.244E-03  4.706E-03  4.783E-03  4.247E-03  4.252E-03  4.144E-03  3.868E-03  3.422E-03  3.396E-03  3.234E-03  3.427E-03  2.767E-03  2.397E-03  2.619E-03  2.418E-03  2.093E-03  1.922E-03  2.069E-03  1.672E-03  1.658E-03  1.433E-03  1.310E-03  1.375E-03  1.089E-03  9.602E-04  1.012E-03  8.682E-04  7.879E-04  7.097E-04  6.111E-04  5.508E-04  4.993E-04  4.794E-04  4.354E-04  3.592E-04  2.527E-04  2.849E-04  3.163E-04  1.915E-04  1.033E-04  1.283E-04  1.790E-04  1.319E-04  1.085E-04  9.761E-05  8.032E-05  7.366E-05  5.636E-05  6.207E-05  4.527E-05  3.422E-05  3.965E-05  3.455E-05  2.256E-05  2.212E-05  1.692E-05  1.683E-05  0.000E+00  Z
