nu_l
Z
Z
Z
 0.000E+00  0.000E+00  0.000E+00  0.000E+00  0.000E+00  0.000E+00  0.000E+00  0.000E+00  0.000E+00  0.000E+00  0.000E+00  0.000E+00  0.000E+00  0.000E+00  0.000E+00  0.000E+00  0.000E+00  0.000E+00  0.000E+00  0.000E+00  0.000E+00  0.000E+00  0.000E+00  0.000E+00  0.000E+00  0.000E+00  0.000E+00  0.000E+00  0.000E+00  0.000E+00  0.000E+00  0.000E+00  0.000E+00  0.000E+00  0.000E+00  0.000E+00  0.000E+00  0.000E+00  0.000E+00  0.000E+00  0.000E+00  0.000E+00  0.000E+00  0.000E+00  0.000E+00  0.000E+00  0.000E+00  0.000E+00  0.000E+00  0.000E+00  0.000E+00  0.000E+00  0.000E+00  0.000E+00  0.000E+00  0.000E+00  0.000E+00  0.000E+00  0.000E+00  0.000E+00  0.000E+00  0.000E+00  0.000E+00  0.000E+00  0.000E+00  0.000E+00  0.000E+00  0.000E+00  0.000E+00  0.000E+00  0.000E+00  0.000E+00  0.000E+00  0.000E+00  0.000E+00  0.000E+00  0.000E+00  0.000E+00  0.000E+00  0.000E+00  0.000E+00  0.000E+00  0.000E+00  0.000E+00  0.000E+00  0.000E+00  0.000E+00  0.000E+00  0.000E+00  0.000E+00  0.000E+00  0.000E+00  0.000E+00  0.000E+00  0.000E+00  0.000E+00  0.000E+00  0.000E+00  0.000E+00  0.000E+00  0.000E+00  0.000E+00  0.000E+00  0.000E+00  0.000E+00  0.000E+00  0.000E+00  0.000E+00  0.000E+00  0.000E+00  0.000E+00  0.000E+00  0.000E+00  0.000E+00  0.000E+00  0.000E+00  0.000E+00  0.000E+00  0.000E+00  0.000E+00  0.000E+00  0.000E+00  0.000E+00  0.000E+00  0.000E+00  0.000E+00  0.000E+00  0.000E+00  0.000E+00  0.000E+00  0.000E+00  0.000E+00  0.000E+00  0.000E+00  0.000E+00  0.000E+00  0.000E+00  0.000E+00  0.000E+00  0.000E+00  0.000E+00  0.000E+00  0.000E+00  0.000E+00  0.000E+00  0.000E+00  0.000E+00  0.000E+00  0.000E+00  0.000E+00  0.000E+00  0.000E+00  0.000E+00  0.000E+00  0.000E+00  0.000E+00  0.000E+00  0.000E+00  0.000E+00  0.000E+00  0.000E+00  0.000E+00  0.000E+00  0.000E+00  0.000E+00  0.000E+00  0.000E+00  0.000E+00  0.000E+00  0.000E+00  0.000E+00  0.000E+00  0.000E+00  0.000E+00  0.000E+00  0.000E+00  0.000E+00  0.000E+00  0.000E+00  0.000E+00  0.000E+00  0.000E+00  0.000E+00  0.000E+00  0.000E+00  0.000E+00  0.000E+00  0.000E+00  0.000E+00  0.000E+00  0.000E+00  0.000E+00  0.000E+00  0.000E+00  0.000E+00  0.000E+00  0.000E+00  0.000E+00  0.000E+00  0.000E+00  0.000E+00  0.000E+00  0.000E+00  0.000E+00  0.000E+00  0.000E+00  0.000E+00  0.000E+00  0.000E+00  0.000E+00  0.000E+00  0.000E+00  0.000E+00  0.000E+00  0.000E+00  0.000E+00  0.000E+00  0.000E+00  0.000E+00  0.000E+00  0.000E+00  0.000E+00  0.000E+00  0.000E+00  0.000E+00  0.000E+00  0.000E+00  0.000E+00  0.000E+00  0.000E+00  0.000E+00  0.000E+00  0.000E+00  0.000E+00  0.000E+00  0.000E+00  0.000E+00  0.000E+00  0.000E+00  0.000E+00  0.000E+00  0.000E+00  0.000E+00  0.000E+00  0.000E+00  0.000E+00  0.000E+00  0.000E+00  0.000E+00  Z
 0.000E+00  0.000E+00  0.000E+00  0.000E+00  0.000E+00  0.000E+00  0.000E+00  0.000E+00  0.000E+00  0.000E+00  0.000E+00  0.000E+00  0.000E+00  0.000E+00  0.000E+00  0.000E+00  0.000E+00  0.000E+00  0.000E+00  0.000E+00  0.000E+00  0.000E+00  0.000E+00  0.000E+00  0.000E+00  0.000E+00  0.000E+00  0.000E+00  0.000E+00  0.000E+00  0.000E+00  0.000E+00  0.000E+00  0.000E+00  0.000E+00  0.000E+00  0.000E+00  0.000E+00  0.000E+00  0.000E+00  0.000E+00  0.000E+00  0.000E+00  0.000E+00  0.000E+00  0.000E+00  0.000E+00  0.000E+00  0.000E+00  0.000E+00  0.000E+00  0.000E+00  0.000E+00  0.000E+00  0.000E+00  0.000E+00  0.000E+00  0.000E+00  0.000E+00  0.000E+00  0.000E+00  0.000E+00  0.000E+00  0.000E+00  0.000E+00  0.000E+00  0.000E+00  0.000E+00  0.000E+00  0.000E+00  0.000E+00  0.000E+00  0.000E+00  0.000E+00  0.000E+00  0.000E+00  0.000E+00  0.000E+00  0.000E+00  0.000E+00  0.000E+00  0.000E+00  0.000E+00  0.000E+00  0.000E+00  0.000E+00  0.000E+00  0.000E+00  0.000E+00  0.000E+00  0.000E+00  0.000E+00  0.000E+00  0.000E+00  0.000E+00  0.000E+00  0.000E+00  0.000E+00  0.000E+00  0.000E+00  0.000E+00  0.000E+00  0.000E+00  0.000E+00  0.000E+00  0.000E+00  0.000E+00  0.000E+00  0.000E+00  0.000E+00  0.000E+00  0.000E+00  0.000E+00  0.000E+00  0.000E+00  0.000E+00  0.000E+00  0.000E+00  0.000E+00  0.000E+00  0.000E+00  0.000E+00  0.000E+00  0.000E+00  0.000E+00  0.000E+00  0.000E+00  0.000E+00  0.000E+00  0.000E+00  0.000E+00  0.000E+00  0.000E+00  0.000E+00  0.000E+00  0.000E+00  0.000E+00  0.000E+00  0.000E+00  0.000E+00  0.000E+00  0.000E+00  0.000E+00  0.000E+00  0.000E+00  0.000E+00  0.000E+00  0.000E+00  0.000E+00  0.000E+00  0.000E+00  0.000E+00  0.000E+00  0.000E+00  0.000E+00  0.000E+00  0.000E+00  0.000E+00  0.000E+00  0.000E+00  0.000E+00  0.000E+00  0.000E+00  0.000E+00  0.000E+00  0.000E+00  0.000E+00  0.000E+00  0.000E+00  0.000E+00  0.000E+00  0.000E+00  0.000E+00  0.000E+00  0.000E+00  0.000E+00  0.000E+00  0.000E+00  0.000E+00  0.000E+00  0.000E+00  0.000E+00  0.000E+00  0.000E+00  0.000E+00  0.000E+00  0.000E+00  0.000E+00  0.000E+00  0.000E+00  0.000E+00  0.000E+00  0.000E+00  0.000E+00  0.000E+00  0.000E+00  0.000E+00  0.000E+00  0.000E+00  0.000E+00  0.000E+00  0.000E+00  0.000E+00  0.000E+00  0.000E+00  0.000E+00  0.000E+00  0.000E+00  0.000E+00  0.000E+00  0.000E+00  0.000E+00  0.000E+00  0.000E+00  0.000E+00  0.000E+00  0.000E+00  0.000E+00  0.000E+00  0.000E+00  0.000E+00  0.000E+00  0.000E+00  0.000E+00  0.000E+00  0.000E+00  0.000E+00  0.000E+00  0.000E+00  0.000E+00  0.000E+00  0.000E+00  0.000E+00  0.000E+00  0.000E+00  0.000E+00  0.000E+00  0.000E+00  0.000E+00  0.000E+00  0.000E+00  0.000E+00  0.000E+00  0.000E+00  0.000E+00  0.000E+00  0.000E+00  0.000E+00  0.000E+00  Z
 0.000E+00  0.000E+00  0.000E+00  0.000E+00  0.000E+00  0.000E+00  0.000E+00  0.000E+00  0.000E+00  0.000E+00  0.000E+00  0.000E+00  0.000E+00  0.000E+00  0.000E+00  0.000E+00  0.000E+00  0.000E+00  0.000E+00  0.000E+00  0.000E+00  0.000E+00  0.000E+00  0.000E+00  0.000E+00  0.000E+00  0.000E+00  0.000E+00  0.000E+00  0.000E+00  0.000E+00  0.000E+00  0.000E+00  0.000E+00  0.000E+00  0.000E+00  0.000E+00  0.000E+00  0.000E+00  0.000E+00  0.000E+00  0.000E+00  0.000E+00  0.000E+00  0.000E+00  0.000E+00  0.000E+00  0.000E+00  0.000E+00  0.000E+00  0.000E+00  0.000E+00  0.000E+00  0.000E+00  0.000E+00  0.000E+00  0.000E+00  0.000E+00  0.000E+00  0.000E+00  0.000E+00  0.000E+00  0.000E+00  0.000E+00  0.000E+00  0.000E+00  0.000E+00  0.000E+00  0.000E+00  0.000E+00  0.000E+00  0.000E+00  0.000E+00  0.000E+00  0.000E+00  0.000E+00  0.000E+00  0.000E+00  0.000E+00  0.000E+00  0.000E+00  0.000E+00  0.000E+00  0.000E+00  0.000E+00  0.000E+00  0.000E+00  0.000E+00  0.000E+00  0.000E+00  0.000E+00  0.000E+00  0.000E+00  0.000E+00  0.000E+00  0.000E+00  0.000E+00  0.000E+00  0.000E+00  0.000E+00  0.000E+00  0.000E+00  0.000E+00  0.000E+00  0.000E+00  0.000E+00  0.000E+00  0.000E+00  0.000E+00  0.000E+00  0.000E+00  0.000E+00  0.000E+00  0.000E+00  0.000E+00  0.000E+00  0.000E+00  0.000E+00  0.000E+00  0.000E+00  0.000E+00  0.000E+00  0.000E+00  0.000E+00  0.000E+00  0.000E+00  0.000E+00  0.000E+00  0.000E+00  0.000E+00  0.000E+00  0.000E+00  0.000E+00  0.000E+00  0.000E+00  0.000E+00  0.000E+00  0.000E+00  0.000E+00  0.000E+00  0.000E+00  0.000E+00  0.000E+00  0.000E+00  0.000E+00  0.000E+00  0.000E+00  0.000E+00  0.000E+00  0.000E+00  0.000E+00  0.000E+00  0.000E+00  0.000E+00  0.000E+00  0.000E+00  0.000E+00  0.000E+00  0.000E+00  0.000E+00  0.000E+00  0.000E+00  0.000E+00  0.000E+00  0.000E+00  0.000E+00  0.000E+00  0.000E+00  0.000E+00  0.000E+00  0.000E+00  0.000E+00  0.000E+00  0.000E+00  0.000E+00  0.000E+00  0.000E+00  0.000E+00  0.000E+00  0.000E+00  0.000E+00  0.000E+00  0.000E+00  0.000E+00  0.000E+00  0.000E+00  0.000E+00  0.000E+00  0.000E+00  0.000E+00  0.000E+00  0.000E+00  0.000E+00  0.000E+00  0.000E+00  0.000E+00  0.000E+00  0.000E+00  0.000E+00  0.000E+00  0.000E+00  0.000E+00  0.000E+00  0.000E+00  0.000E+00  0.000E+00  0.000E+00  0.000E+00  0.000E+00  0.000E+00  0.000E+00  0.000E+00  0.000E+00  0.000E+00  0.000E+00  0.000E+00  0.000E+00  0.000E+00  0.000E+00  0.000E+00  0.000E+00  0.000E+00  0.000E+00  0.000E+00  0.000E+00  0.000E+00  0.000E+00  0.000E+00  0.000E+00  0.000E+00  0.000E+00  0.000E+00  0.000E+00  0.000E+00  0.000E+00  0.000E+00  0.000E+00  0.000E+00  0.000E+00  0.000E+00  0.000E+00  0.000E+00  0.000E+00  0.000E+00  0.000E+00  0.000E+00  0.000E+00  0.000E+00  0.000E+00  Z
 0.000E+00  0.000E+00  0.000E+00  0.000E+00  0.000E+00  0.000E+00  0.000E+00  0.000E+00  0.000E+00  0.000E+00  0.000E+00  0.000E+00  0.000E+00  0.000E+00  0.000E+00  0.000E+00  0.000E+00  0.000E+00  0.000E+00  0.000E+00  0.000E+00  0.000E+00  0.000E+00  0.000E+00  0.000E+00  0.000E+00  0.000E+00  0.000E+00  0.000E+00  0.000E+00  0.000E+00  0.000E+00  0.000E+00  0.000E+00  0.000E+00  0.000E+00  0.000E+00  0.000E+00  0.000E+00  0.000E+00  0.000E+00  0.000E+00  0.000E+00  0.000E+00  0.000E+00  0.000E+00  0.000E+00  0.000E+00  0.000E+00  0.000E+00  0.000E+00  0.000E+00  0.000E+00  0.000E+00  0.000E+00  0.000E+00  0.000E+00  0.000E+00  0.000E+00  0.000E+00  0.000E+00  0.000E+00  0.000E+00  0.000E+00  0.000E+00  0.000E+00  0.000E+00  0.000E+00  0.000E+00  0.000E+00  0.000E+00  0.000E+00  0.000E+00  0.000E+00  0.000E+00  0.000E+00  0.000E+00  0.000E+00  0.000E+00  0.000E+00  0.000E+00  0.000E+00  0.000E+00  0.000E+00  0.000E+00  0.000E+00  0.000E+00  0.000E+00  0.000E+00  0.000E+00  0.000E+00  0.000E+00  0.000E+00  0.000E+00  0.000E+00  0.000E+00  0.000E+00  0.000E+00  0.000E+00  0.000E+00  0.000E+00  0.000E+00  0.000E+00  0.000E+00  0.000E+00  0.000E+00  0.000E+00  0.000E+00  0.000E+00  0.000E+00  0.000E+00  0.000E+00  0.000E+00  0.000E+00  0.000E+00  0.000E+00  0.000E+00  0.000E+00  0.000E+00  0.000E+00  0.000E+00  0.000E+00  0.000E+00  0.000E+00  0.000E+00  0.000E+00  0.000E+00  0.000E+00  0.000E+00  0.000E+00  0.000E+00  0.000E+00  0.000E+00  0.000E+00  0.000E+00  0.000E+00  0.000E+00  0.000E+00  0.000E+00  0.000E+00  0.000E+00  0.000E+00  0.000E+00  0.000E+00  0.000E+00  0.000E+00  0.000E+00  0.000E+00  0.000E+00  0.000E+00  0.000E+00  0.000E+00  0.000E+00  0.000E+00  0.000E+00  0.000E+00  0.000E+00  0.000E+00  0.000E+00  0.000E+00  0.000E+00  0.000E+00  0.000E+00  0.000E+00  0.000E+00  0.000E+00  0.000E+00  0.000E+00  0.000E+00  0.000E+00  0.000E+00  0.000E+00  0.000E+00  0.000E+00  0.000E+00  0.000E+00  0.000E+00  0.000E+00  0.000E+00  0.000E+00  0.000E+00  0.000E+00  0.000E+00  0.000E+00  0.000E+00  0.000E+00  0.000E+00  0.000E+00  0.000E+00  0.000E+00  0.000E+00  0.000E+00  0.000E+00  0.000E+00  0.000E+00  0.000E+00  0.000E+00  0.000E+00  0.000E+00  0.000E+00  0.000E+00  0.000E+00  0.000E+00  0.000E+00  0.000E+00  0.000E+00  0.000E+00  0.000E+00  0.000E+00  0.000E+00  0.000E+00  0.000E+00  0.000E+00  0.000E+00  0.000E+00  0.000E+00  0.000E+00  0.000E+00  0.000E+00  0.000E+00  0.000E+00  0.000E+00  0.000E+00  0.000E+00  0.000E+00  0.000E+00  0.000E+00  0.000E+00  0.000E+00  0.000E+00  0.000E+00  0.000E+00  0.000E+00  0.000E+00  0.000E+00  0.000E+00  0.000E+00  0.000E+00  0.000E+00  0.000E+00  0.000E+00  0.000E+00  0.000E+00  0.000E+00  0.000E+00  0.000E+00  0.000E+00  0.000E+00  0.000E+00  Z
 0.000E+00  0.000E+00  0.000E+00  0.000E+00  0.000E+00  0.000E+00  0.000E+00  0.000E+00  0.000E+00  0.000E+00  0.000E+00  0.000E+00  0.000E+00  0.000E+00  0.000E+00  0.000E+00  0.000E+00  0.000E+00  0.000E+00  0.000E+00  0.000E+00  0.000E+00  0.000E+00  0.000E+00  0.000E+00  0.000E+00  0.000E+00  0.000E+00  0.000E+00  0.000E+00  0.000E+00  0.000E+00  0.000E+00  0.000E+00  0.000E+00  0.000E+00  0.000E+00  0.000E+00  0.000E+00  0.000E+00  0.000E+00  0.000E+00  0.000E+00  0.000E+00  0.000E+00  0.000E+00  0.000E+00  0.000E+00  0.000E+00  0.000E+00  0.000E+00  0.000E+00  0.000E+00  0.000E+00  0.000E+00  0.000E+00  0.000E+00  0.000E+00  0.000E+00  0.000E+00  0.000E+00  0.000E+00  0.000E+00  0.000E+00  0.000E+00  0.000E+00  0.000E+00  0.000E+00  0.000E+00  0.000E+00  0.000E+00  0.000E+00  0.000E+00  0.000E+00  0.000E+00  0.000E+00  0.000E+00  0.000E+00  0.000E+00  0.000E+00  0.000E+00  0.000E+00  0.000E+00  0.000E+00  0.000E+00  0.000E+00  0.000E+00  0.000E+00  0.000E+00  0.000E+00  0.000E+00  0.000E+00  0.000E+00  0.000E+00  0.000E+00  0.000E+00  0.000E+00  0.000E+00  0.000E+00  0.000E+00  0.000E+00  0.000E+00  0.000E+00  0.000E+00  0.000E+00  0.000E+00  0.000E+00  0.000E+00  0.000E+00  0.000E+00  0.000E+00  0.000E+00  0.000E+00  0.000E+00  0.000E+00  0.000E+00  0.000E+00  0.000E+00  0.000E+00  0.000E+00  0.000E+00  0.000E+00  0.000E+00  0.000E+00  0.000E+00  0.000E+00  0.000E+00  0.000E+00  0.000E+00  0.000E+00  0.000E+00  0.000E+00  0.000E+00  0.000E+00  0.000E+00  0.000E+00  0.000E+00  0.000E+00  0.000E+00  0.000E+00  0.000E+00  0.000E+00  0.000E+00  0.000E+00  0.000E+00  0.000E+00  0.000E+00  0.000E+00  0.000E+00  0.000E+00  0.000E+00  0.000E+00  0.000E+00  0.000E+00  0.000E+00  0.000E+00  0.000E+00  0.000E+00  0.000E+00  0.000E+00  0.000E+00  0.000E+00  0.000E+00  0.000E+00  0.000E+00  0.000E+00  0.000E+00  0.000E+00  0.000E+00  0.000E+00  0.000E+00  0.000E+00  0.000E+00  0.000E+00  0.000E+00  0.000E+00  0.000E+00  0.000E+00  0.000E+00  0.000E+00  0.000E+00  0.000E+00  0.000E+00  0.000E+00  0.000E+00  0.000E+00  0.000E+00  0.000E+00  0.000E+00  0.000E+00  0.000E+00  0.000E+00  0.000E+00  0.000E+00  0.000E+00  0.000E+00  0.000E+00  0.000E+00  0.000E+00  0.000E+00  0.000E+00  0.000E+00  0.000E+00  0.000E+00  0.000E+00  0.000E+00  0.000E+00  0.000E+00  0.000E+00  0.000E+00  0.000E+00  0.000E+00  0.000E+00  0.000E+00  0.000E+00  0.000E+00  0.000E+00  0.000E+00  0.000E+00  0.000E+00  0.000E+00  0.000E+00  0.000E+00  0.000E+00  0.000E+00  0.000E+00  0.000E+00  0.000E+00  0.000E+00  0.000E+00  0.000E+00  0.000E+00  0.000E+00  0.000E+00  0.000E+00  0.000E+00  0.000E+00  0.000E+00  0.000E+00  0.000E+00  0.000E+00  0.000E+00  0.000E+00  0.000E+00  0.000E+00  0.000E+00  0.000E+00  0.000E+00  0.000E+00  Z
 0.000E+00  0.000E+00  0.000E+00  0.000E+00  0.000E+00  0.000E+00  0.000E+00  0.000E+00  0.000E+00  0.000E+00  0.000E+00  0.000E+00  0.000E+00  0.000E+00  0.000E+00  0.000E+00  0.000E+00  0.000E+00  0.000E+00  0.000E+00  0.000E+00  0.000E+00  0.000E+00  0.000E+00  0.000E+00  0.000E+00  0.000E+00  0.000E+00  0.000E+00  0.000E+00  0.000E+00  0.000E+00  0.000E+00  0.000E+00  0.000E+00  0.000E+00  0.000E+00  0.000E+00  0.000E+00  0.000E+00  0.000E+00  0.000E+00  0.000E+00  0.000E+00  0.000E+00  0.000E+00  0.000E+00  0.000E+00  0.000E+00  0.000E+00  0.000E+00  0.000E+00  0.000E+00  0.000E+00  0.000E+00  0.000E+00  0.000E+00  0.000E+00  0.000E+00  0.000E+00  0.000E+00  0.000E+00  0.000E+00  0.000E+00  0.000E+00  0.000E+00  0.000E+00  0.000E+00  0.000E+00  0.000E+00  0.000E+00  0.000E+00  0.000E+00  0.000E+00  0.000E+00  0.000E+00  0.000E+00  0.000E+00  0.000E+00  0.000E+00  0.000E+00  0.000E+00  0.000E+00  0.000E+00  0.000E+00  0.000E+00  0.000E+00  0.000E+00  0.000E+00  0.000E+00  0.000E+00  0.000E+00  0.000E+00  0.000E+00  0.000E+00  0.000E+00  0.000E+00  0.000E+00  0.000E+00  0.000E+00  0.000E+00  0.000E+00  0.000E+00  0.000E+00  0.000E+00  0.000E+00  0.000E+00  0.000E+00  0.000E+00  0.000E+00  0.000E+00  0.000E+00  0.000E+00  0.000E+00  0.000E+00  0.000E+00  0.000E+00  0.000E+00  0.000E+00  0.000E+00  0.000E+00  0.000E+00  0.000E+00  0.000E+00  0.000E+00  0.000E+00  0.000E+00  0.000E+00  0.000E+00  0.000E+00  0.000E+00  0.000E+00  0.000E+00  0.000E+00  0.000E+00  0.000E+00  0.000E+00  0.000E+00  0.000E+00  0.000E+00  0.000E+00  0.000E+00  0.000E+00  0.000E+00  0.000E+00  0.000E+00  0.000E+00  0.000E+00  0.000E+00  0.000E+00  0.000E+00  0.000E+00  0.000E+00  0.000E+00  0.000E+00  0.000E+00  0.000E+00  0.000E+00  0.000E+00  0.000E+00  0.000E+00  0.000E+00  0.000E+00  0.000E+00  0.000E+00  0.000E+00  0.000E+00  0.000E+00  0.000E+00  0.000E+00  0.000E+00  0.000E+00  0.000E+00  0.000E+00  0.000E+00  0.000E+00  0.000E+00  0.000E+00  0.000E+00  0.000E+00  0.000E+00  0.000E+00  0.000E+00  0.000E+00  0.000E+00  0.000E+00  0.000E+00  0.000E+00  0.000E+00  0.000E+00  0.000E+00  0.000E+00  0.000E+00  0.000E+00  0.000E+00  0.000E+00  0.000E+00  0.000E+00  0.000E+00  0.000E+00  0.000E+00  0.000E+00  0.000E+00  0.000E+00  0.000E+00  0.000E+00  0.000E+00  0.000E+00  0.000E+00  0.000E+00  0.000E+00  0.000E+00  0.000E+00  0.000E+00  0.000E+00  0.000E+00  0.000E+00  0.000E+00  0.000E+00  0.000E+00  0.000E+00  0.000E+00  0.000E+00  0.000E+00  0.000E+00  0.000E+00  0.000E+00  0.000E+00  0.000E+00  0.000E+00  0.000E+00  0.000E+00  0.000E+00  0.000E+00  0.000E+00  0.000E+00  0.000E+00  0.000E+00  0.000E+00  0.000E+00  0.000E+00  0.000E+00  0.000E+00  0.000E+00  0.000E+00  0.000E+00  0.000E+00  0.000E+00  0.000E+00  Z
 0.000E+00  0.000E+00  0.000E+00  0.000E+00  0.000E+00  0.000E+00  0.000E+00  0.000E+00  0.000E+00  0.000E+00  0.000E+00  0.000E+00  0.000E+00  0.000E+00  0.000E+00  0.000E+00  0.000E+00  0.000E+00  0.000E+00  0.000E+00  0.000E+00  0.000E+00  0.000E+00  0.000E+00  0.000E+00  0.000E+00  0.000E+00  0.000E+00  0.000E+00  0.000E+00  0.000E+00  0.000E+00  1.412E-05  0.000E+00  0.000E+00  0.000E+00  0.000E+00  0.000E+00  0.000E+00  0.000E+00  1.268E-05  0.000E+00  0.000E+00  0.000E+00  0.000E+00  0.000E+00  0.000E+00  0.000E+00  0.000E+00  0.000E+00  0.000E+00  0.000E+00  0.000E+00  0.000E+00  1.098E-05  0.000E+00  0.000E+00  0.000E+00  0.000E+00  0.000E+00  0.000E+00  0.000E+00  0.000E+00  0.000E+00  0.000E+00  0.000E+00  0.000E+00  0.000E+00  9.741E-06  0.000E+00  0.000E+00  0.000E+00  0.000E+00  0.000E+00  0.000E+00  0.000E+00  0.000E+00  0.000E+00  9.232E-06  0.000E+00  8.876E-06  0.000E+00  0.000E+00  0.000E+00  0.000E+00  0.000E+00  0.000E+00  0.000E+00  0.000E+00  0.000E+00  0.000E+00  0.000E+00  0.000E+00  0.000E+00  0.000E+00  0.000E+00  0.000E+00  0.000E+00  0.000E+00  8.179E-06  0.000E+00  0.000E+00  7.897E-06  0.000E+00  0.000E+00  0.000E+00  0.000E+00  0.000E+00  0.000E+00  0.000E+00  0.000E+00  0.000E+00  0.000E+00  0.000E+00  0.000E+00  0.000E+00  0.000E+00  0.000E+00  0.000E+00  0.000E+00  0.000E+00  0.000E+00  0.000E+00  0.000E+00  0.000E+00  0.000E+00  0.000E+00  0.000E+00  0.000E+00  0.000E+00  0.000E+00  0.000E+00  0.000E+00  0.000E+00  0.000E+00  0.000E+00  0.000E+00  0.000E+00  0.000E+00  0.000E+00  0.000E+00  0.000E+00  0.000E+00  0.000E+00  0.000E+00  0.000E+00  0.000E+00  0.000E+00  0.000E+00  0.000E+00  0.000E+00  0.000E+00  0.000E+00  0.000E+00  0.000E+00  0.000E+00  0.000E+00  0.000E+00  0.000E+00  0.000E+00  0.000E+00  0.000E+00  0.000E+00  0.000E+00  0.000E+00  0.000E+00  0.000E+00  0.000E+00  0.000E+00  0.000E+00  0.000E+00  0.000E+00  0.000E+00  0.000E+00  0.000E+00  0.000E+00  0.000E+00  0.000E+00  0.000E+00  0.000E+00  0.000E+00  0.000E+00  0.000E+00  0.000E+00  0.000E+00  0.000E+00  0.000E+00  0.000E+00  0.000E+00  0.000E+00  0.000E+00  0.000E+00  0.000E+00  0.000E+00  0.000E+00  0.000E+00  0.000E+00  0.000E+00  0.000E+00  0.000E+00  0.000E+00  0.000E+00  0.000E+00  0.000E+00  0.000E+00  0.000E+00  0.000E+00  0.000E+00  0.000E+00  0.000E+00  0.000E+00  0.000E+00  0.000E+00  0.000E+00  0.000E+00  0.000E+00  0.000E+00  0.000E+00  0.000E+00  0.000E+00  0.000E+00  0.000E+00  0.000E+00  0.000E+00  0.000E+00  0.000E+00  0.000E+00  0.000E+00  0.000E+00  0.000E+00  0.000E+00  0.000E+00  0.000E+00  0.000E+00  0.000E+00  0.000E+00  0.000E+00  0.000E+00  0.000E+00  0.000E+00  0.000E+00  0.000E+00  0.000E+00  0.000E+00  0.000E+00  0.000E+00  0.000E+00  0.000E+00  0.000E+00  Z
 0.000E+00  0.000E+00  0.000E+00  0.000E+00  0.000E+00  0.000E+00  0.000E+00  0.000E+00  0.000E+00  0.000E+00  0.000E+00  0.000E+00  0.000E+00  0.000E+00  0.000E+00  0.000E+00  0.000E+00  0.000E+00  0.000E+00  0.000E+00  0.000E+00  0.000E+00  0.000E+00  0.000E+00  0.000E+00  0.000E+00  0.000E+00  0.000E+00  0.000E+00  0.000E+00  0.000E+00  0.000E+00  0.000E+00  0.000E+00  0.000E+00  0.000E+00  1.370E-05  0.000E+00  0.000E+00  0.000E+00  0.000E+00  1.280E-05  0.000E+00  0.000E+00  1.226E-05  0.000E+00  0.000E+00  1.197E-05  0.000E+00  0.000E+00  0.000E+00  1.120E-05  1.125E-05  0.000E+00  2.189E-05  2.225E-05  0.000E+00  2.128E-05  3.183E-05  1.082E-05  1.064E-05  0.000E+00  2.102E-05  0.000E+00  0.000E+00  0.000E+00  9.953E-06  1.015E-05  2.977E-05  2.924E-05  9.830E-06  9.632E-06  9.844E-06  9.490E-06  1.917E-05  1.868E-05  1.868E-05  9.167E-06  9.392E-06  1.876E-05  1.838E-05  1.832E-05  1.769E-05  3.586E-05  0.000E+00  9.087E-06  8.732E-06  8.915E-06  8.550E-06  3.435E-05  1.735E-05  4.277E-05  1.727E-05  4.258E-05  8.656E-06  1.677E-05  0.000E+00  3.276E-05  1.649E-05  3.257E-05  8.385E-06  3.258E-05  1.596E-05  3.227E-05  1.594E-05  0.000E+00  7.799E-06  7.725E-06  7.742E-06  7.975E-06  0.000E+00  0.000E+00  7.468E-06  0.000E+00  0.000E+00  0.000E+00  0.000E+00  0.000E+00  0.000E+00  0.000E+00  0.000E+00  0.000E+00  0.000E+00  0.000E+00  0.000E+00  0.000E+00  0.000E+00  0.000E+00  0.000E+00  0.000E+00  0.000E+00  0.000E+00  0.000E+00  0.000E+00  0.000E+00  0.000E+00  0.000E+00  0.000E+00  0.000E+00  0.000E+00  0.000E+00  0.000E+00  0.000E+00  0.000E+00  0.000E+00  0.000E+00  0.000E+00  0.000E+00  0.000E+00  0.000E+00  0.000E+00  0.000E+00  0.000E+00  0.000E+00  0.000E+00  0.000E+00  0.000E+00  0.000E+00  0.000E+00  0.000E+00  0.000E+00  0.000E+00  0.000E+00  0.000E+00  0.000E+00  0.000E+00  0.000E+00  0.000E+00  0.000E+00  0.000E+00  0.000E+00  0.000E+00  0.000E+00  0.000E+00  0.000E+00  0.000E+00  0.000E+00  0.000E+00  0.000E+00  0.000E+00  0.000E+00  0.000E+00  0.000E+00  0.000E+00  0.000E+00  0.000E+00  0.000E+00  0.000E+00  0.000E+00  0.000E+00  0.000E+00  0.000E+00  0.000E+00  0.000E+00  0.000E+00  0.000E+00  0.000E+00  0.000E+00  0.000E+00  0.000E+00  0.000E+00  0.000E+00  0.000E+00  0.000E+00  0.000E+00  0.000E+00  0.000E+00  0.000E+00  0.000E+00  0.000E+00  0.000E+00  0.000E+00  0.000E+00  0.000E+00  0.000E+00  0.000E+00  0.000E+00  0.000E+00  0.000E+00  0.000E+00  0.000E+00  0.000E+00  0.000E+00  0.000E+00  0.000E+00  0.000E+00  0.000E+00  0.000E+00  0.000E+00  0.000E+00  0.000E+00  0.000E+00  0.000E+00  0.000E+00  0.000E+00  0.000E+00  0.000E+00  0.000E+00  0.000E+00  0.000E+00  0.000E+00  0.000E+00  0.000E+00  0.000E+00  0.000E+00  0.000E+00  0.000E+00  0.000E+00  0.000E+00  Z
 0.000E+00  0.000E+00  0.000E+00  0.000E+00  0.000E+00  0.000E+00  0.000E+00  0.000E+00  0.000E+00  0.000E+00  0.000E+00  0.000E+00  0.000E+00  0.000E+00  0.000E+00  0.000E+00  0.000E+00  0.000E+00  0.000E+00  0.000E+00  0.000E+00  0.000E+00  0.000E+00  0.000E+00  0.000E+00  0.000E+00  0.000E+00  0.000E+00  0.000E+00  0.000E+00  0.000E+00  0.000E+00  0.000E+00  0.000E+00  0.000E+00  0.000E+00  0.000E+00  0.000E+00  1.306E-05  0.000E+00  0.000E+00  1.253E-05  0.000E+00  0.000E+00  0.000E+00  0.000E+00  1.208E-05  1.166E-05  2.338E-05  1.137E-05  1.147E-05  0.000E+00  1.109E-05  1.141E-05  0.000E+00  0.000E+00  1.101E-05  4.286E-05  4.243E-05  2.127E-05  4.210E-05  5.245E-05  3.054E-05  3.085E-05  3.042E-05  2.004E-05  4.012E-05  4.967E-05  4.949E-05  2.922E-05  7.768E-05  1.063E-04  6.706E-05  3.828E-05  2.827E-05  5.580E-05  1.020E-04  1.469E-04  6.474E-05  9.152E-05  9.053E-05  1.090E-04  8.953E-05  1.068E-04  1.341E-04  8.808E-05  1.052E-04  1.127E-04  4.318E-05  1.292E-04  1.025E-04  1.536E-04  1.366E-04  1.187E-04  8.512E-05  1.422E-04  1.417E-04  8.335E-05  1.069E-04  1.394E-04  1.625E-04  1.462E-04  9.679E-05  8.807E-05  3.958E-05  6.476E-05  3.143E-05  6.338E-05  7.106E-05  4.656E-05  7.016E-05  6.972E-05  7.062E-05  6.905E-05  6.087E-05  3.799E-05  4.578E-05  7.685E-06  2.983E-05  4.494E-05  2.228E-05  1.475E-05  7.312E-06  2.188E-05  2.157E-05  2.904E-05  1.478E-05  0.000E+00  Z
 0.000E+00  0.000E+00  0.000E+00  0.000E+00  0.000E+00  0.000E+00  0.000E+00  0.000E+00  0.000E+00  0.000E+00  0.000E+00  0.000E+00  0.000E+00  0.000E+00  0.000E+00  0.000E+00  0.000E+00  0.000E+00  0.000E+00  0.000E+00  0.000E+00  0.000E+00  0.000E+00  0.000E+00  0.000E+00  0.000E+00  0.000E+00  0.000E+00  0.000E+00  0.000E+00  0.000E+00  0.000E+00  0.000E+00  0.000E+00  0.000E+00  0.000E+00  0.000E+00  0.000E+00  0.000E+00  0.000E+00  0.000E+00  0.000E+00  0.000E+00  0.000E+00  0.000E+00  0.000E+00  0.000E+00  0.000E+00  3.542E-05  2.314E-05  2.293E-05  0.000E+00  1.145E-05  4.442E-05  1.095E-05  6.573E-05  0.000E+00  2.159E-05  3.186E-05  3.185E-05  5.257E-05  4.204E-05  3.104E-05  6.174E-05  6.118E-05  1.317E-04  7.985E-05  7.886E-05  1.482E-04  1.082E-04  8.724E-05  1.740E-04  1.337E-04  1.627E-04  1.802E-04  1.974E-04  1.113E-04  1.951E-04  1.664E-04  1.834E-04  2.358E-04  2.085E-04  2.157E-04  3.301E-04  1.511E-04  2.925E-04  3.257E-04  2.101E-04  3.365E-04  2.257E-04  2.493E-04  3.245E-04  2.731E-04  4.070E-04  2.109E-04  3.511E-04  2.404E-04  3.228E-04  3.041E-04  2.783E-04  3.262E-04  4.056E-04  3.067E-04  2.899E-04  2.731E-04  2.944E-04  2.450E-04  3.608E-04  2.437E-04  1.784E-04  3.656E-04  1.848E-04  2.457E-04  2.520E-04  2.057E-04  1.374E-04  1.978E-04  1.814E-04  1.808E-04  1.425E-04  1.707E-04  1.342E-04  1.545E-04  1.095E-04  9.461E-05  7.319E-05  9.449E-05  7.951E-05  9.343E-05  3.588E-05  5.781E-05  7.050E-06  7.099E-05  2.116E-05  4.947E-05  1.400E-05  0.000E+00  Z
 0.000E+00  0.000E+00  0.000E+00  0.000E+00  0.000E+00  0.000E+00  0.000E+00  0.000E+00  0.000E+00  0.000E+00  0.000E+00  0.000E+00  0.000E+00  0.000E+00  0.000E+00  0.000E+00  0.000E+00  0.000E+00  0.000E+00  0.000E+00  0.000E+00  0.000E+00  0.000E+00  0.000E+00  0.000E+00  0.000E+00  0.000E+00  1.579E-05  0.000E+00  0.000E+00  0.000E+00  1.461E-05  0.000E+00  0.000E+00  0.000E+00  1.362E-05  0.000E+00  0.000E+00  0.000E+00  1.312E-05  1.281E-05  0.000E+00  1.235E-05  0.000E+00  0.000E+00  0.000E+00  1.218E-05  1.196E-05  0.000E+00  0.000E+00  1.163E-05  1.143E-05  5.642E-05  2.234E-05  2.235E-05  2.221E-05  3.248E-05  2.182E-05  1.058E-05  3.216E-05  5.254E-05  1.042E-04  8.298E-05  1.026E-04  1.319E-04  1.215E-04  1.194E-04  1.594E-04  1.381E-04  1.075E-04  2.327E-04  1.256E-04  2.209E-04  2.375E-04  1.794E-04  2.256E-04  2.149E-04  1.854E-04  3.426E-04  2.553E-04  2.908E-04  3.271E-04  3.343E-04  2.872E-04  4.352E-04  3.627E-04  4.489E-04  4.557E-04  3.909E-04  3.457E-04  4.040E-04  3.591E-04  4.843E-04  4.893E-04  5.363E-04  4.250E-04  3.820E-04  4.057E-04  4.833E-04  4.179E-04  4.084E-04  4.638E-04  5.089E-04  5.315E-04  4.399E-04  5.086E-04  5.375E-04  4.252E-04  4.387E-04  3.500E-04  4.260E-04  4.196E-04  4.377E-04  4.225E-04  2.756E-04  2.662E-04  3.184E-04  2.942E-04  2.551E-04  3.590E-04  2.747E-04  2.518E-04  3.118E-04  3.004E-04  2.265E-04  2.267E-04  1.243E-04  1.731E-04  1.716E-04  1.071E-04  2.197E-04  1.139E-04  1.630E-04  7.157E-05  1.340E-04  1.629E-04  9.803E-05  4.146E-05  8.957E-05  9.710E-05  6.873E-05  4.161E-05  4.054E-05  3.381E-05  5.432E-05  2.019E-05  1.343E-05  6.929E-06  2.005E-05  2.048E-05  1.347E-05  0.000E+00  Z
 0.000E+00  0.000E+00  0.000E+00  0.000E+00  0.000E+00  0.000E+00  0.000E+00  0.000E+00  0.000E+00  0.000E+00  0.000E+00  0.000E+00  0.000E+00  0.000E+00  0.000E+00  0.000E+00  0.000E+00  0.000E+00  0.000E+00  0.000E+00  0.000E+00  0.000E+00  0.000E+00  0.000E+00  0.000E+00  0.000E+00  0.000E+00  0.000E+00  0.000E+00  0.000E+00  0.000E+00  0.000E+00  0.000E+00  0.000E+00  0.000E+00  0.000E+00  0.000E+00  0.000E+00  0.000E+00  1.291E-05  0.000E+00  1.269E-05  2.535E-05  0.000E+00  0.000E+00  0.000E+00  1.199E-05  0.000E+00  0.000E+00  3.513E-05  2.286E-05  0.000E+00  2.299E-05  1.126E-05  0.000E+00  1.107E-05  2.156E-05  4.303E-05  3.202E-05  4.241E-05  1.268E-04  2.106E-05  4.133E-05  9.292E-05  9.131E-05  7.109E-05  6.989E-05  1.695E-04  1.382E-04  9.719E-05  1.168E-04  1.252E-04  1.723E-04  1.900E-04  1.523E-04  2.166E-04  2.422E-04  2.428E-04  2.119E-04  2.117E-04  3.276E-04  3.075E-04  3.245E-04  3.483E-04  4.083E-04  3.615E-04  4.052E-04  4.106E-04  4.968E-04  5.028E-04  4.059E-04  3.167E-04  5.543E-04  3.468E-04  4.875E-04  5.675E-04  5.155E-04  4.719E-04  3.700E-04  6.067E-04  5.043E-04  4.789E-04  5.685E-04  4.252E-04  6.004E-04  4.700E-04  4.934E-04  5.665E-04  5.326E-04  4.757E-04  5.441E-04  5.093E-04  4.790E-04  4.059E-04  4.966E-04  3.497E-04  4.297E-04  3.532E-04  4.051E-04  4.090E-04  3.515E-04  2.374E-04  2.360E-04  2.945E-04  2.852E-04  2.705E-04  2.035E-04  2.525E-04  2.013E-04  1.794E-04  1.937E-04  2.053E-04  1.640E-04  1.486E-04  1.620E-04  6.369E-05  1.332E-04  1.254E-04  1.103E-04  7.577E-05  7.639E-05  6.159E-05  6.201E-05  4.093E-05  2.084E-05  2.056E-05  1.342E-05  2.030E-05  4.007E-05  5.370E-05  6.573E-06  6.507E-06  0.000E+00  Z
 0.000E+00  0.000E+00  0.000E+00  0.000E+00  0.000E+00  0.000E+00  0.000E+00  0.000E+00  0.000E+00  0.000E+00  0.000E+00  0.000E+00  0.000E+00  0.000E+00  0.000E+00  0.000E+00  0.000E+00  0.000E+00  0.000E+00  0.000E+00  0.000E+00  0.000E+00  0.000E+00  0.000E+00  0.000E+00  0.000E+00  0.000E+00  0.000E+00  0.000E+00  0.000E+00  0.000E+00  0.000E+00  0.000E+00  0.000E+00  0.000E+00  0.000E+00  0.000E+00  0.000E+00  0.000E+00  0.000E+00  0.000E+00  0.000E+00  0.000E+00  0.000E+00  0.000E+00  0.000E+00  2.377E-05  1.202E-05  3.496E-05  0.000E+00  0.000E+00  2.248E-05  3.385E-05  4.447E-05  0.000E+00  1.114E-05  1.100E-05  3.238E-05  1.070E-05  1.064E-04  5.184E-05  8.378E-05  6.230E-05  6.133E-05  1.019E-04  1.711E-04  1.008E-04  6.014E-05  1.180E-04  1.170E-04  2.140E-04  1.449E-04  1.917E-04  2.478E-04  1.516E-04  2.159E-04  2.426E-04  2.409E-04  4.156E-04  2.936E-04  2.831E-04  2.351E-04  3.141E-04  3.485E-04  2.309E-04  3.706E-04  3.958E-04  4.285E-04  3.733E-04  4.311E-04  4.807E-04  4.945E-04  3.894E-04  4.827E-04  5.857E-04  6.187E-04  6.341E-04  4.641E-04  5.299E-04  5.552E-04  4.988E-04  6.236E-04  5.183E-04  5.215E-04  4.964E-04  6.265E-04  6.196E-04  4.886E-04  5.010E-04  6.171E-04  4.368E-04  5.250E-04  4.605E-04  3.063E-04  4.874E-04  5.796E-04  3.942E-04  4.449E-04  3.531E-04  3.438E-04  3.185E-04  2.896E-04  4.051E-04  2.807E-04  3.224E-04  2.920E-04  2.986E-04  2.543E-04  1.875E-04  3.508E-04  1.787E-04  1.427E-04  1.267E-04  9.202E-05  1.344E-04  1.809E-04  9.818E-05  1.249E-04  7.653E-05  4.839E-05  9.714E-05  3.450E-05  6.103E-05  6.112E-05  4.769E-05  4.123E-05  3.416E-05  6.851E-06  2.609E-05  1.309E-05  1.995E-05  1.342E-05  0.000E+00  Z
 0.000E+00  0.000E+00  0.000E+00  0.000E+00  0.000E+00  0.000E+00  0.000E+00  0.000E+00  0.000E+00  0.000E+00  0.000E+00  0.000E+00  0.000E+00  0.000E+00  0.000E+00  0.000E+00  0.000E+00  0.000E+00  0.000E+00  0.000E+00  0.000E+00  0.000E+00  0.000E+00  0.000E+00  0.000E+00  0.000E+00  0.000E+00  1.539E-05  0.000E+00  0.000E+00  0.000E+00  0.000E+00  0.000E+00  0.000E+00  0.000E+00  0.000E+00  0.000E+00  0.000E+00  0.000E+00  2.569E-05  0.000E+00  0.000E+00  2.481E-05  4.993E-05  1.223E-05  0.000E+00  2.375E-05  1.169E-05  0.000E+00  0.000E+00  1.175E-05  2.288E-05  0.000E+00  3.356E-05  5.513E-05  1.076E-05  3.247E-05  7.557E-05  2.132E-05  6.387E-05  5.281E-05  7.335E-05  5.134E-05  8.143E-05  5.045E-05  1.106E-04  1.595E-04  8.057E-05  1.285E-04  1.667E-04  1.660E-04  2.129E-04  8.678E-05  1.615E-04  1.616E-04  1.796E-04  2.336E-04  2.328E-04  2.851E-04  2.021E-04  3.541E-04  2.806E-04  3.068E-04  3.131E-04  4.448E-04  4.950E-04  3.334E-04  4.281E-04  4.076E-04  4.340E-04  4.551E-04  4.267E-04  4.270E-04  3.723E-04  5.209E-04  5.441E-04  4.323E-04  5.063E-04  5.780E-04  5.336E-04  6.933E-04  5.917E-04  5.308E-04  5.539E-04  4.549E-04  4.234E-04  5.704E-04  5.379E-04  4.870E-04  5.841E-04  5.512E-04  4.194E-04  4.702E-04  4.832E-04  5.188E-04  3.945E-04  3.795E-04  4.071E-04  3.373E-04  4.782E-04  4.013E-04  3.625E-04  3.307E-04  3.590E-04  3.594E-04  2.552E-04  2.472E-04  2.544E-04  1.661E-04  2.794E-04  1.706E-04  1.786E-04  1.205E-04  1.909E-04  8.477E-05  1.196E-04  6.377E-05  1.185E-04  9.096E-05  1.111E-04  9.661E-05  0.000E+00  Z
 0.000E+00  0.000E+00  0.000E+00  0.000E+00  0.000E+00  0.000E+00  0.000E+00  0.000E+00  0.000E+00  0.000E+00  0.000E+00  0.000E+00  0.000E+00  0.000E+00  0.000E+00  0.000E+00  0.000E+00  0.000E+00  0.000E+00  0.000E+00  0.000E+00  0.000E+00  0.000E+00  0.000E+00  0.000E+00  0.000E+00  0.000E+00  0.000E+00  0.000E+00  0.000E+00  0.000E+00  0.000E+00  0.000E+00  1.403E-05  0.000E+00  0.000E+00  0.000E+00  0.000E+00  1.332E-05  0.000E+00  0.000E+00  0.000E+00  0.000E+00  1.236E-05  0.000E+00  0.000E+00  0.000E+00  0.000E+00  2.318E-05  0.000E+00  1.154E-05  3.432E-05  3.415E-05  3.315E-05  4.405E-05  3.314E-05  0.000E+00  7.566E-05  4.251E-05  3.191E-05  2.087E-05  9.350E-05  8.261E-05  6.170E-05  9.109E-05  1.208E-04  1.715E-04  1.689E-04  1.090E-04  1.174E-04  1.754E-04  1.842E-04  2.112E-04  9.570E-05  2.557E-04  2.912E-04  3.923E-04  2.045E-04  3.602E-04  3.489E-04  3.008E-04  3.178E-04  3.049E-04  3.581E-04  3.634E-04  3.980E-04  4.928E-04  4.184E-04  5.039E-04  4.049E-04  4.883E-04  4.267E-04  4.410E-04  6.183E-04  5.032E-04  5.683E-04  4.567E-04  4.806E-04  6.511E-04  4.988E-04  5.562E-04  6.395E-04  5.423E-04  6.994E-04  5.612E-04  4.933E-04  4.598E-04  5.523E-04  5.207E-04  5.810E-04  5.750E-04  4.636E-04  5.235E-04  4.138E-04  4.578E-04  4.647E-04  4.992E-04  3.322E-04  3.679E-04  4.120E-04  4.174E-04  3.644E-04  2.804E-04  4.194E-04  2.770E-04  2.415E-04  3.274E-04  1.888E-04  2.596E-04  2.679E-04  2.429E-04  1.581E-04  1.345E-04  1.411E-04  1.777E-04  1.405E-04  1.257E-04  1.113E-04  8.357E-05  6.248E-05  8.959E-05  9.643E-05  4.806E-05  5.478E-05  2.045E-05  6.585E-06  5.412E-05  4.031E-05  3.335E-05  6.817E-06  1.979E-05  1.973E-05  1.305E-05  1.363E-05  6.637E-06  6.400E-06  1.341E-05  0.000E+00  Z
 0.000E+00  0.000E+00  0.000E+00  0.000E+00  0.000E+00  0.000E+00  0.000E+00  0.000E+00  0.000E+00  0.000E+00  0.000E+00  0.000E+00  0.000E+00  0.000E+00  0.000E+00  0.000E+00  0.000E+00  0.000E+00  0.000E+00  0.000E+00  0.000E+00  0.000E+00  0.000E+00  0.000E+00  0.000E+00  0.000E+00  0.000E+00  0.000E+00  0.000E+00  0.000E+00  0.000E+00  0.000E+00  0.000E+00  0.000E+00  0.000E+00  0.000E+00  0.000E+00  1.340E-05  0.000E+00  0.000E+00  0.000E+00  0.000E+00  0.000E+00  0.000E+00  2.447E-05  1.198E-05  1.212E-05  1.204E-05  2.332E-05  1.153E-05  0.000E+00  1.153E-05  0.000E+00  2.230E-05  2.207E-05  1.114E-05  2.172E-05  1.072E-05  6.364E-05  4.160E-05  4.242E-05  3.157E-05  1.344E-04  9.266E-05  1.122E-04  1.212E-04  4.025E-05  1.197E-04  1.183E-04  1.074E-04  1.946E-04  1.641E-04  1.626E-04  2.384E-04  2.465E-04  2.058E-04  2.804E-04  2.403E-04  2.775E-04  3.221E-04  2.828E-04  2.987E-04  4.044E-04  4.214E-04  3.380E-04  4.770E-04  5.271E-04  3.932E-04  4.609E-04  4.145E-04  4.625E-04  5.290E-04  4.087E-04  6.076E-04  6.061E-04  6.024E-04  6.237E-04  5.470E-04  4.782E-04  6.068E-04  5.868E-04  6.840E-04  6.141E-04  7.153E-04  7.521E-04  4.619E-04  6.165E-04  6.094E-04  5.801E-04  6.952E-04  4.674E-04  5.657E-04  4.547E-04  6.131E-04  5.657E-04  6.554E-04  4.466E-04  4.087E-04  4.278E-04  4.946E-04  4.866E-04  3.567E-04  4.112E-04  3.612E-04  3.517E-04  2.629E-04  3.422E-04  3.393E-04  2.824E-04  2.647E-04  3.205E-04  2.433E-04  1.485E-04  1.479E-04  2.113E-04  1.610E-04  1.263E-04  1.965E-04  1.181E-04  1.934E-04  9.643E-05  9.555E-05  7.579E-05  6.778E-05  2.703E-05  6.766E-05  2.008E-05  8.087E-05  2.705E-05  1.338E-05  1.993E-05  6.850E-06  1.367E-05  0.000E+00  Z
 0.000E+00  0.000E+00  0.000E+00  0.000E+00  0.000E+00  0.000E+00  0.000E+00  0.000E+00  0.000E+00  0.000E+00  0.000E+00  0.000E+00  0.000E+00  0.000E+00  0.000E+00  0.000E+00  0.000E+00  0.000E+00  0.000E+00  0.000E+00  0.000E+00  0.000E+00  0.000E+00  0.000E+00  0.000E+00  0.000E+00  0.000E+00  0.000E+00  0.000E+00  0.000E+00  1.496E-05  0.000E+00  0.000E+00  0.000E+00  0.000E+00  0.000E+00  0.000E+00  1.322E-05  0.000E+00  1.308E-05  0.000E+00  0.000E+00  0.000E+00  0.000E+00  2.452E-05  1.207E-05  1.187E-05  0.000E+00  1.153E-05  2.323E-05  1.133E-05  2.265E-05  4.577E-05  2.227E-05  0.000E+00  1.082E-05  3.282E-05  7.493E-05  9.655E-05  4.269E-05  8.397E-05  7.363E-05  6.250E-05  9.139E-05  1.123E-04  9.054E-05  1.101E-04  1.398E-04  1.574E-04  6.907E-05  2.146E-04  2.329E-04  1.908E-04  2.196E-04  1.418E-04  2.086E-04  2.438E-04  3.150E-04  3.326E-04  2.481E-04  3.747E-04  3.082E-04  4.667E-04  3.933E-04  4.086E-04  4.589E-04  4.835E-04  4.457E-04  4.962E-04  6.475E-04  5.663E-04  5.725E-04  4.768E-04  5.655E-04  6.139E-04  4.113E-04  5.896E-04  7.113E-04  7.244E-04  7.052E-04  5.550E-04  6.392E-04  6.780E-04  7.076E-04  5.915E-04  5.096E-04  6.546E-04  5.919E-04  6.263E-04  6.831E-04  6.440E-04  6.350E-04  6.158E-04  5.697E-04  5.131E-04  5.539E-04  4.871E-04  4.921E-04  5.196E-04  4.785E-04  4.387E-04  4.639E-04  5.020E-04  4.559E-04  4.031E-04  3.140E-04  3.792E-04  3.626E-04  2.681E-04  3.300E-04  2.933E-04  2.288E-04  1.503E-04  1.986E-04  2.337E-04  1.887E-04  1.611E-04  1.884E-04  1.175E-04  1.238E-04  1.110E-04  1.186E-04  1.161E-04  1.020E-04  6.120E-05  7.445E-05  3.331E-05  3.350E-05  4.713E-05  2.072E-05  6.664E-06  4.004E-05  1.970E-05  0.000E+00  Z
 0.000E+00  0.000E+00  0.000E+00  0.000E+00  0.000E+00  0.000E+00  0.000E+00  0.000E+00  0.000E+00  0.000E+00  0.000E+00  0.000E+00  0.000E+00  0.000E+00  0.000E+00  0.000E+00  0.000E+00  0.000E+00  0.000E+00  0.000E+00  0.000E+00  0.000E+00  0.000E+00  0.000E+00  0.000E+00  0.000E+00  0.000E+00  0.000E+00  0.000E+00  0.000E+00  0.000E+00  0.000E+00  0.000E+00  0.000E+00  0.000E+00  0.000E+00  0.000E+00  1.320E-05  0.000E+00  0.000E+00  1.269E-05  0.000E+00  0.000E+00  1.224E-05  1.217E-05  1.232E-05  1.211E-05  0.000E+00  1.155E-05  1.139E-05  2.311E-05  2.258E-05  5.655E-05  2.210E-05  5.492E-05  2.196E-05  4.417E-05  4.310E-05  5.341E-05  2.134E-05  7.305E-05  4.227E-05  1.139E-04  1.338E-04  3.054E-05  4.995E-05  1.201E-04  1.302E-04  1.280E-04  1.278E-04  1.550E-04  2.784E-04  1.449E-04  1.432E-04  2.268E-04  3.491E-04  2.158E-04  2.869E-04  2.487E-04  3.396E-04  3.281E-04  2.814E-04  2.887E-04  2.848E-04  4.349E-04  6.106E-04  4.566E-04  4.717E-04  4.787E-04  5.284E-04  5.669E-04  5.904E-04  5.875E-04  5.827E-04  6.581E-04  5.357E-04  5.558E-04  6.284E-04  6.743E-04  6.057E-04  7.588E-04  6.035E-04  6.866E-04  6.179E-04  6.535E-04  6.373E-04  6.490E-04  8.295E-04  6.923E-04  6.013E-04  6.454E-04  6.982E-04  5.712E-04  6.673E-04  6.550E-04  4.495E-04  6.665E-04  5.708E-04  5.313E-04  6.043E-04  5.382E-04  6.009E-04  4.942E-04  5.388E-04  4.680E-04  4.285E-04  3.332E-04  3.851E-04  2.881E-04  3.676E-04  3.010E-04  3.415E-04  2.344E-04  2.344E-04  2.472E-04  2.050E-04  1.474E-04  1.464E-04  1.745E-04  1.244E-04  1.036E-04  1.033E-04  1.234E-04  7.496E-05  1.021E-04  8.176E-05  7.405E-05  6.780E-05  8.100E-05  3.312E-05  6.714E-05  2.646E-05  2.617E-05  1.300E-05  1.333E-05  1.314E-05  6.449E-06  1.302E-05  6.603E-06  6.567E-06  0.000E+00  Z
 0.000E+00  0.000E+00  0.000E+00  0.000E+00  0.000E+00  0.000E+00  0.000E+00  0.000E+00  0.000E+00  0.000E+00  0.000E+00  0.000E+00  0.000E+00  0.000E+00  0.000E+00  0.000E+00  0.000E+00  0.000E+00  0.000E+00  0.000E+00  0.000E+00  0.000E+00  0.000E+00  0.000E+00  0.000E+00  0.000E+00  0.000E+00  0.000E+00  0.000E+00  0.000E+00  0.000E+00  0.000E+00  0.000E+00  0.000E+00  0.000E+00  0.000E+00  0.000E+00  1.344E-05  0.000E+00  0.000E+00  1.291E-05  0.000E+00  2.490E-05  0.000E+00  0.000E+00  1.213E-05  0.000E+00  1.206E-05  2.351E-05  1.174E-05  0.000E+00  2.297E-05  5.664E-05  2.236E-05  5.528E-05  3.263E-05  3.253E-05  4.285E-05  5.339E-05  6.367E-05  9.484E-05  7.248E-05  7.327E-05  1.335E-04  8.136E-05  1.520E-04  1.601E-04  1.499E-04  1.472E-04  1.557E-04  2.050E-04  2.326E-04  2.107E-04  2.582E-04  1.903E-04  2.639E-04  2.785E-04  2.124E-04  2.675E-04  4.498E-04  2.836E-04  4.614E-04  4.952E-04  3.693E-04  3.922E-04  4.942E-04  4.222E-04  5.242E-04  4.405E-04  5.358E-04  5.751E-04  5.724E-04  5.246E-04  6.698E-04  5.876E-04  6.033E-04  6.490E-04  6.215E-04  6.012E-04  5.909E-04  6.772E-04  6.981E-04  7.096E-04  6.429E-04  7.827E-04  8.600E-04  8.153E-04  8.280E-04  7.673E-04  8.046E-04  6.934E-04  5.348E-04  6.075E-04  6.681E-04  5.970E-04  6.474E-04  4.910E-04  7.018E-04  5.934E-04  5.605E-04  4.607E-04  4.361E-04  4.799E-04  4.364E-04  4.184E-04  3.949E-04  4.065E-04  3.555E-04  4.115E-04  3.537E-04  3.514E-04  2.999E-04  3.566E-04  2.386E-04  1.753E-04  2.045E-04  2.665E-04  1.679E-04  2.368E-04  1.739E-04  1.795E-04  8.892E-05  1.506E-04  8.859E-05  6.820E-05  4.128E-05  8.218E-05  5.382E-05  6.760E-05  5.977E-05  5.348E-05  2.636E-05  2.636E-05  2.567E-05  1.982E-05  6.454E-06  6.762E-06  1.920E-05  1.333E-05  0.000E+00  Z
 0.000E+00  0.000E+00  0.000E+00  0.000E+00  0.000E+00  0.000E+00  0.000E+00  0.000E+00  0.000E+00  0.000E+00  0.000E+00  0.000E+00  0.000E+00  0.000E+00  0.000E+00  0.000E+00  0.000E+00  0.000E+00  0.000E+00  0.000E+00  0.000E+00  0.000E+00  0.000E+00  0.000E+00  0.000E+00  0.000E+00  0.000E+00  0.000E+00  0.000E+00  0.000E+00  0.000E+00  0.000E+00  0.000E+00  1.425E-05  0.000E+00  0.000E+00  0.000E+00  0.000E+00  0.000E+00  0.000E+00  0.000E+00  1.261E-05  0.000E+00  0.000E+00  2.447E-05  0.000E+00  2.361E-05  1.185E-05  0.000E+00  0.000E+00  1.127E-05  1.152E-05  1.131E-05  1.098E-05  5.545E-05  1.111E-05  1.099E-05  2.155E-05  5.378E-05  6.301E-05  6.318E-05  6.232E-05  6.176E-05  7.253E-05  1.519E-04  8.050E-05  6.997E-05  1.099E-04  1.672E-04  1.079E-04  2.521E-04  1.932E-04  2.485E-04  3.060E-04  1.892E-04  2.443E-04  3.182E-04  2.705E-04  2.679E-04  4.682E-04  3.730E-04  2.912E-04  3.409E-04  4.574E-04  3.196E-04  4.679E-04  4.294E-04  5.162E-04  4.950E-04  5.875E-04  6.094E-04  4.791E-04  5.780E-04  6.429E-04  6.224E-04  6.942E-04  7.739E-04  6.461E-04  7.556E-04  6.042E-04  7.416E-04  6.655E-04  7.183E-04  7.151E-04  8.148E-04  7.792E-04  7.358E-04  7.808E-04  7.621E-04  6.334E-04  7.002E-04  7.834E-04  7.333E-04  6.068E-04  6.342E-04  7.544E-04  7.790E-04  5.962E-04  6.824E-04  5.679E-04  5.287E-04  6.742E-04  5.086E-04  4.185E-04  3.888E-04  4.227E-04  4.360E-04  3.702E-04  3.161E-04  4.035E-04  3.913E-04  3.937E-04  1.996E-04  2.974E-04  3.038E-04  2.184E-04  1.888E-04  1.681E-04  1.521E-04  1.584E-04  8.227E-05  2.058E-04  9.525E-05  9.640E-05  1.016E-04  6.096E-05  6.091E-05  3.351E-05  4.723E-05  4.637E-05  7.333E-05  0.000E+00  Z
 0.000E+00  0.000E+00  0.000E+00  0.000E+00  0.000E+00  0.000E+00  0.000E+00  0.000E+00  0.000E+00  0.000E+00  0.000E+00  0.000E+00  0.000E+00  0.000E+00  0.000E+00  0.000E+00  0.000E+00  0.000E+00  0.000E+00  0.000E+00  0.000E+00  0.000E+00  0.000E+00  0.000E+00  0.000E+00  0.000E+00  0.000E+00  0.000E+00  0.000E+00  0.000E+00  0.000E+00  0.000E+00  0.000E+00  0.000E+00  0.000E+00  0.000E+00  0.000E+00  1.313E-05  0.000E+00  0.000E+00  0.000E+00  0.000E+00  0.000E+00  0.000E+00  0.000E+00  1.188E-05  1.203E-05  1.197E-05  1.157E-05  4.656E-05  0.000E+00  2.311E-05  4.516E-05  1.110E-05  2.190E-05  7.671E-05  1.078E-05  3.244E-05  6.419E-05  6.340E-05  6.221E-05  4.197E-05  8.339E-05  4.131E-05  9.164E-05  1.105E-04  1.606E-04  1.491E-04  1.283E-04  2.653E-04  1.658E-04  2.416E-04  2.116E-04  2.577E-04  3.035E-04  2.715E-04  1.876E-04  3.894E-04  2.875E-04  4.221E-04  2.642E-04  3.982E-04  3.505E-04  3.853E-04  5.606E-04  5.202E-04  5.100E-04  5.857E-04  5.211E-04  5.341E-04  4.894E-04  5.731E-04  6.297E-04  6.187E-04  5.792E-04  7.113E-04  7.312E-04  6.870E-04  7.260E-04  7.275E-04  6.840E-04  7.041E-04  8.610E-04  7.151E-04  7.056E-04  6.457E-04  6.985E-04  7.580E-04  8.483E-04  8.084E-04  7.929E-04  8.030E-04  5.933E-04  7.829E-04  6.853E-04  7.375E-04  7.882E-04  6.261E-04  6.596E-04  6.329E-04  5.972E-04  6.396E-04  5.900E-04  5.521E-04  5.405E-04  4.964E-04  3.547E-04  3.764E-04  4.454E-04  3.443E-04  3.727E-04  3.937E-04  3.051E-04  2.419E-04  3.236E-04  2.451E-04  2.305E-04  2.222E-04  2.015E-04  1.578E-04  2.060E-04  1.104E-04  1.439E-04  1.506E-04  8.783E-05  1.423E-04  1.018E-04  4.786E-05  1.073E-04  4.014E-05  1.337E-05  4.682E-05  3.282E-05  3.963E-05  1.302E-05  1.291E-05  0.000E+00  Z
 0.000E+00  0.000E+00  0.000E+00  0.000E+00  0.000E+00  0.000E+00  0.000E+00  0.000E+00  0.000E+00  0.000E+00  0.000E+00  0.000E+00  0.000E+00  0.000E+00  0.000E+00  0.000E+00  0.000E+00  0.000E+00  0.000E+00  0.000E+00  0.000E+00  0.000E+00  0.000E+00  0.000E+00  0.000E+00  0.000E+00  0.000E+00  0.000E+00  0.000E+00  0.000E+00  0.000E+00  0.000E+00  0.000E+00  0.000E+00  0.000E+00  0.000E+00  0.000E+00  0.000E+00  0.000E+00  0.000E+00  0.000E+00  0.000E+00  1.241E-05  0.000E+00  0.000E+00  1.188E-05  1.224E-05  0.000E+00  0.000E+00  1.146E-05  1.143E-05  3.402E-05  3.353E-05  1.138E-05  7.708E-05  2.224E-05  2.163E-05  8.557E-05  4.228E-05  4.255E-05  4.223E-05  7.330E-05  9.264E-05  7.172E-05  1.325E-04  1.717E-04  1.703E-04  1.991E-04  1.486E-04  2.080E-04  2.133E-04  2.600E-04  2.688E-04  2.096E-04  2.747E-04  2.446E-04  3.373E-04  3.433E-04  3.687E-04  4.589E-04  3.827E-04  3.884E-04  3.863E-04  5.081E-04  4.703E-04  5.903E-04  6.225E-04  5.247E-04  7.031E-04  5.125E-04  5.908E-04  6.883E-04  7.068E-04  6.945E-04  6.972E-04  5.779E-04  7.741E-04  7.287E-04  7.429E-04  8.361E-04  8.640E-04  7.209E-04  8.629E-04  8.023E-04  9.437E-04  7.745E-04  7.133E-04  7.581E-04  7.323E-04  8.238E-04  7.166E-04  7.260E-04  6.554E-04  7.357E-04  7.903E-04  7.140E-04  8.859E-04  7.911E-04  7.804E-04  6.214E-04  6.936E-04  6.429E-04  6.299E-04  6.853E-04  6.130E-04  5.318E-04  5.099E-04  5.560E-04  5.137E-04  4.806E-04  3.718E-04  4.500E-04  4.317E-04  3.467E-04  3.269E-04  2.818E-04  2.937E-04  2.218E-04  2.826E-04  2.692E-04  1.242E-04  2.135E-04  1.839E-04  1.696E-04  1.359E-04  1.165E-04  8.785E-05  9.450E-05  9.389E-05  6.618E-05  5.265E-05  3.334E-05  5.985E-05  6.647E-05  1.328E-05  1.328E-05  2.609E-05  1.926E-05  2.605E-05  1.293E-05  0.000E+00  Z
 0.000E+00  0.000E+00  0.000E+00  0.000E+00  0.000E+00  0.000E+00  0.000E+00  0.000E+00  0.000E+00  0.000E+00  0.000E+00  0.000E+00  0.000E+00  0.000E+00  0.000E+00  0.000E+00  0.000E+00  0.000E+00  0.000E+00  0.000E+00  0.000E+00  0.000E+00  0.000E+00  0.000E+00  0.000E+00  0.000E+00  0.000E+00  0.000E+00  0.000E+00  0.000E+00  0.000E+00  0.000E+00  0.000E+00  0.000E+00  0.000E+00  0.000E+00  0.000E+00  0.000E+00  0.000E+00  0.000E+00  0.000E+00  0.000E+00  0.000E+00  0.000E+00  1.207E-05  1.227E-05  1.184E-05  2.404E-05  1.176E-05  0.000E+00  1.135E-05  3.448E-05  3.372E-05  3.343E-05  3.308E-05  5.463E-05  6.548E-05  5.363E-05  1.069E-05  5.298E-05  6.345E-05  1.260E-04  7.223E-05  8.237E-05  9.192E-05  1.118E-04  1.597E-04  1.395E-04  1.580E-04  2.935E-04  1.564E-04  2.132E-04  2.685E-04  2.672E-04  2.929E-04  3.201E-04  2.434E-04  3.349E-04  2.488E-04  4.118E-04  3.376E-04  4.424E-04  3.337E-04  4.914E-04  4.902E-04  3.989E-04  5.814E-04  5.432E-04  5.990E-04  6.898E-04  5.164E-04  6.683E-04  6.722E-04  6.424E-04  6.804E-04  6.276E-04  7.902E-04  8.603E-04  7.914E-04  7.791E-04  9.132E-04  9.670E-04  8.727E-04  9.340E-04  8.010E-04  8.455E-04  8.347E-04  9.488E-04  8.801E-04  8.999E-04  7.778E-04  9.442E-04  8.436E-04  8.133E-04  8.931E-04  8.603E-04  8.384E-04  8.529E-04  7.820E-04  7.685E-04  6.943E-04  7.121E-04  7.823E-04  7.059E-04  6.814E-04  7.642E-04  6.093E-04  6.885E-04  5.695E-04  5.328E-04  4.799E-04  5.363E-04  5.057E-04  3.316E-04  3.716E-04  4.332E-04  4.215E-04  2.378E-04  2.560E-04  2.618E-04  2.407E-04  2.742E-04  2.610E-04  1.501E-04  1.902E-04  1.150E-04  1.424E-04  1.348E-04  1.344E-04  9.277E-05  6.686E-05  9.429E-05  5.299E-05  6.541E-05  4.619E-05  2.002E-05  4.625E-05  2.621E-05  1.972E-05  2.569E-05  3.917E-05  1.310E-05  1.306E-05  1.298E-05  0.000E+00  Z
 0.000E+00  0.000E+00  0.000E+00  0.000E+00  0.000E+00  0.000E+00  0.000E+00  0.000E+00  0.000E+00  0.000E+00  0.000E+00  0.000E+00  0.000E+00  0.000E+00  0.000E+00  0.000E+00  0.000E+00  0.000E+00  0.000E+00  0.000E+00  0.000E+00  0.000E+00  0.000E+00  0.000E+00  0.000E+00  0.000E+00  0.000E+00  0.000E+00  0.000E+00  0.000E+00  0.000E+00  0.000E+00  0.000E+00  0.000E+00  0.000E+00  0.000E+00  0.000E+00  2.641E-05  0.000E+00  0.000E+00  1.265E-05  0.000E+00  0.000E+00  0.000E+00  0.000E+00  1.201E-05  1.209E-05  1.204E-05  3.470E-05  1.180E-05  1.167E-05  3.394E-05  1.127E-05  3.364E-05  3.283E-05  4.387E-05  4.338E-05  1.284E-04  1.069E-04  4.213E-05  4.233E-05  1.039E-04  1.140E-04  5.162E-05  8.122E-05  1.726E-04  5.044E-05  1.281E-04  1.679E-04  2.262E-04  2.146E-04  2.030E-04  1.624E-04  2.293E-04  2.838E-04  3.094E-04  3.649E-04  3.512E-04  3.584E-04  4.879E-04  4.733E-04  4.908E-04  4.608E-04  5.180E-04  5.600E-04  4.771E-04  6.142E-04  5.343E-04  6.063E-04  5.724E-04  6.448E-04  8.974E-04  7.243E-04  6.837E-04  7.405E-04  7.954E-04  8.002E-04  1.020E-03  9.556E-04  8.030E-04  9.296E-04  7.591E-04  9.283E-04  8.927E-04  8.857E-04  1.006E-03  1.014E-03  9.620E-04  8.719E-04  8.745E-04  1.013E-03  9.413E-04  8.852E-04  9.668E-04  9.858E-04  1.010E-03  8.788E-04  9.668E-04  7.739E-04  7.561E-04  7.151E-04  8.370E-04  7.848E-04  7.085E-04  8.716E-04  7.675E-04  5.736E-04  7.126E-04  6.281E-04  5.525E-04  5.869E-04  6.511E-04  5.656E-04  4.869E-04  5.504E-04  4.629E-04  5.461E-04  4.482E-04  3.264E-04  4.015E-04  3.669E-04  2.279E-04  3.151E-04  2.049E-04  2.435E-04  1.080E-04  2.237E-04  1.625E-04  1.132E-04  8.605E-05  1.009E-04  5.882E-05  8.729E-05  4.648E-05  3.933E-05  7.173E-05  7.195E-05  9.112E-05  2.607E-05  4.484E-05  3.231E-05  1.300E-05  3.877E-05  1.921E-05  1.290E-05  1.882E-05  1.276E-05  6.229E-06  6.539E-06  1.928E-05  0.000E+00  Z
 0.000E+00  0.000E+00  0.000E+00  0.000E+00  0.000E+00  0.000E+00  0.000E+00  0.000E+00  0.000E+00  0.000E+00  0.000E+00  0.000E+00  0.000E+00  0.000E+00  0.000E+00  0.000E+00  0.000E+00  0.000E+00  0.000E+00  0.000E+00  0.000E+00  0.000E+00  0.000E+00  0.000E+00  0.000E+00  0.000E+00  0.000E+00  0.000E+00  0.000E+00  0.000E+00  0.000E+00  0.000E+00  0.000E+00  0.000E+00  1.373E-05  0.000E+00  0.000E+00  0.000E+00  0.000E+00  0.000E+00  0.000E+00  0.000E+00  1.274E-05  1.216E-05  2.454E-05  0.000E+00  2.368E-05  1.163E-05  0.000E+00  1.175E-05  3.405E-05  0.000E+00  2.253E-05  1.097E-05  0.000E+00  3.288E-05  2.178E-05  1.055E-05  6.438E-05  7.422E-05  8.367E-05  1.039E-04  4.083E-05  1.027E-04  9.138E-05  1.712E-04  1.006E-04  2.188E-04  1.584E-04  1.668E-04  1.850E-04  2.218E-04  2.104E-04  4.173E-04  2.851E-04  3.015E-04  3.452E-04  3.816E-04  3.789E-04  4.767E-04  4.908E-04  3.909E-04  4.949E-04  4.371E-04  6.047E-04  5.670E-04  6.146E-04  7.339E-04  5.572E-04  8.028E-04  7.121E-04  7.938E-04  9.597E-04  8.190E-04  8.831E-04  7.765E-04  8.609E-04  9.682E-04  9.644E-04  1.014E-03  1.029E-03  1.071E-03  9.899E-04  1.106E-03  1.135E-03  1.067E-03  1.085E-03  1.207E-03  1.044E-03  8.883E-04  1.234E-03  1.178E-03  1.130E-03  1.212E-03  1.214E-03  9.297E-04  1.167E-03  1.154E-03  1.163E-03  9.582E-04  1.102E-03  9.628E-04  8.758E-04  1.066E-03  1.103E-03  8.755E-04  7.261E-04  9.261E-04  8.575E-04  6.956E-04  8.408E-04  9.477E-04  5.684E-04  6.989E-04  6.421E-04  6.261E-04  6.160E-04  5.094E-04  5.731E-04  4.351E-04  4.483E-04  4.205E-04  3.786E-04  3.488E-04  3.875E-04  2.983E-04  2.376E-04  2.708E-04  2.150E-04  2.067E-04  1.131E-04  1.724E-04  1.728E-04  1.532E-04  1.112E-04  1.381E-04  1.046E-04  7.834E-05  4.551E-05  3.259E-05  3.892E-05  3.189E-05  3.236E-05  5.098E-05  3.796E-05  6.369E-05  1.261E-05  3.143E-05  1.295E-05  6.164E-06  6.306E-06  2.524E-05  0.000E+00  Z
 0.000E+00  0.000E+00  0.000E+00  0.000E+00  0.000E+00  0.000E+00  0.000E+00  0.000E+00  0.000E+00  0.000E+00  0.000E+00  0.000E+00  0.000E+00  0.000E+00  0.000E+00  0.000E+00  0.000E+00  0.000E+00  0.000E+00  0.000E+00  0.000E+00  0.000E+00  0.000E+00  0.000E+00  0.000E+00  0.000E+00  0.000E+00  0.000E+00  0.000E+00  0.000E+00  0.000E+00  0.000E+00  0.000E+00  0.000E+00  0.000E+00  0.000E+00  0.000E+00  0.000E+00  0.000E+00  0.000E+00  0.000E+00  0.000E+00  0.000E+00  0.000E+00  2.409E-05  0.000E+00  0.000E+00  1.196E-05  1.156E-05  1.148E-05  1.172E-05  3.397E-05  2.242E-05  3.308E-05  6.617E-05  5.415E-05  4.358E-05  4.323E-05  1.282E-04  8.391E-05  4.223E-05  6.292E-05  1.543E-04  1.127E-04  1.621E-04  1.821E-04  1.802E-04  1.894E-04  1.867E-04  1.672E-04  1.367E-04  1.350E-04  2.399E-04  2.489E-04  3.124E-04  2.738E-04  3.824E-04  4.165E-04  3.231E-04  4.123E-04  4.947E-04  4.814E-04  5.938E-04  5.905E-04  6.668E-04  6.780E-04  6.695E-04  7.071E-04  8.507E-04  8.323E-04  9.857E-04  6.684E-04  8.574E-04  9.142E-04  1.035E-03  1.012E-03  1.016E-03  9.141E-04  1.123E-03  1.282E-03  1.002E-03  1.215E-03  1.234E-03  1.407E-03  1.214E-03  1.337E-03  1.205E-03  1.333E-03  1.485E-03  1.245E-03  1.451E-03  1.246E-03  1.424E-03  1.347E-03  1.478E-03  1.346E-03  1.378E-03  1.340E-03  1.185E-03  1.247E-03  1.363E-03  1.144E-03  1.371E-03  1.135E-03  1.334E-03  1.224E-03  1.310E-03  1.231E-03  1.113E-03  1.108E-03  8.970E-04  1.024E-03  9.852E-04  8.416E-04  1.073E-03  8.912E-04  8.747E-04  7.647E-04  7.427E-04  5.612E-04  7.265E-04  6.115E-04  5.743E-04  4.021E-04  5.771E-04  4.263E-04  5.415E-04  3.826E-04  3.492E-04  3.084E-04  3.188E-04  3.043E-04  2.665E-04  2.626E-04  2.287E-04  2.502E-04  1.501E-04  1.896E-04  1.427E-04  9.056E-05  1.351E-04  8.378E-05  6.994E-05  9.008E-05  7.692E-05  8.215E-05  6.992E-05  5.633E-05  3.827E-05  2.533E-05  4.445E-05  1.847E-05  6.234E-06  6.033E-06  1.267E-05  1.888E-05  5.948E-06  0.000E+00  Z
 0.000E+00  0.000E+00  0.000E+00  0.000E+00  0.000E+00  0.000E+00  0.000E+00  0.000E+00  0.000E+00  0.000E+00  0.000E+00  0.000E+00  0.000E+00  0.000E+00  0.000E+00  0.000E+00  0.000E+00  0.000E+00  0.000E+00  0.000E+00  0.000E+00  0.000E+00  0.000E+00  0.000E+00  0.000E+00  0.000E+00  0.000E+00  0.000E+00  0.000E+00  0.000E+00  0.000E+00  0.000E+00  0.000E+00  0.000E+00  0.000E+00  0.000E+00  0.000E+00  1.358E-05  1.322E-05  0.000E+00  1.271E-05  1.290E-05  0.000E+00  0.000E+00  0.000E+00  1.215E-05  1.199E-05  0.000E+00  0.000E+00  1.176E-05  2.315E-05  1.119E-05  3.393E-05  2.255E-05  5.567E-05  4.390E-05  3.244E-05  8.689E-05  5.346E-05  6.378E-05  6.325E-05  1.155E-04  8.281E-05  7.186E-05  1.522E-04  1.815E-04  7.002E-05  1.390E-04  2.472E-04  2.942E-04  1.945E-04  3.390E-04  2.990E-04  2.870E-04  3.596E-04  3.781E-04  3.629E-04  4.172E-04  3.979E-04  4.314E-04  5.194E-04  4.902E-04  6.228E-04  4.924E-04  6.479E-04  7.866E-04  6.770E-04  7.767E-04  7.464E-04  9.585E-04  8.421E-04  8.013E-04  9.093E-04  1.109E-03  9.661E-04  1.129E-03  1.078E-03  1.247E-03  9.967E-04  1.195E-03  1.279E-03  1.179E-03  1.573E-03  1.361E-03  1.559E-03  1.485E-03  1.615E-03  1.451E-03  1.593E-03  1.493E-03  1.545E-03  1.694E-03  1.434E-03  1.645E-03  1.707E-03  1.507E-03  1.774E-03  1.794E-03  1.690E-03  1.741E-03  1.721E-03  1.625E-03  1.619E-03  1.238E-03  1.375E-03  1.627E-03  1.382E-03  1.421E-03  1.378E-03  1.409E-03  1.505E-03  1.377E-03  1.258E-03  1.306E-03  1.360E-03  1.096E-03  1.224E-03  1.297E-03  1.037E-03  9.273E-04  9.451E-04  8.243E-04  7.751E-04  7.513E-04  7.889E-04  7.603E-04  6.601E-04  6.561E-04  5.990E-04  4.680E-04  4.986E-04  5.187E-04  3.845E-04  4.369E-04  4.995E-04  3.599E-04  3.666E-04  3.250E-04  2.131E-04  2.275E-04  2.377E-04  1.797E-04  1.275E-04  1.024E-04  1.808E-04  1.087E-04  1.017E-04  9.468E-05  6.936E-05  6.878E-05  5.074E-05  6.300E-05  6.288E-05  2.443E-05  3.131E-05  2.449E-05  1.227E-05  2.448E-05  2.442E-05  1.777E-05  0.000E+00  Z
 0.000E+00  0.000E+00  0.000E+00  0.000E+00  0.000E+00  0.000E+00  0.000E+00  0.000E+00  0.000E+00  0.000E+00  0.000E+00  0.000E+00  0.000E+00  0.000E+00  0.000E+00  0.000E+00  0.000E+00  0.000E+00  0.000E+00  0.000E+00  0.000E+00  0.000E+00  0.000E+00  0.000E+00  0.000E+00  0.000E+00  0.000E+00  0.000E+00  0.000E+00  0.000E+00  0.000E+00  0.000E+00  0.000E+00  0.000E+00  0.000E+00  0.000E+00  0.000E+00  0.000E+00  0.000E+00  1.309E-05  0.000E+00  0.000E+00  0.000E+00  0.000E+00  0.000E+00  1.234E-05  0.000E+00  1.193E-05  3.515E-05  0.000E+00  0.000E+00  1.127E-05  2.254E-05  4.455E-05  4.455E-05  4.442E-05  4.317E-05  8.529E-05  9.643E-05  7.428E-05  9.466E-05  7.351E-05  1.237E-04  1.539E-04  1.226E-04  1.105E-04  2.321E-04  2.277E-04  2.574E-04  2.651E-04  3.801E-04  3.276E-04  4.136E-04  3.339E-04  4.263E-04  4.228E-04  4.841E-04  3.349E-04  5.075E-04  4.686E-04  6.028E-04  6.069E-04  6.206E-04  7.616E-04  6.313E-04  8.049E-04  7.271E-04  9.078E-04  9.488E-04  1.019E-03  9.894E-04  1.042E-03  1.215E-03  1.120E-03  1.263E-03  1.339E-03  1.181E-03  1.316E-03  1.311E-03  1.327E-03  1.629E-03  1.492E-03  1.591E-03  1.794E-03  1.592E-03  1.792E-03  1.719E-03  1.802E-03  1.951E-03  1.851E-03  1.855E-03  1.841E-03  1.862E-03  1.849E-03  1.805E-03  2.008E-03  1.952E-03  2.046E-03  1.966E-03  1.871E-03  1.874E-03  2.140E-03  1.904E-03  1.964E-03  1.885E-03  1.885E-03  1.845E-03  1.811E-03  1.688E-03  1.723E-03  1.757E-03  1.617E-03  1.712E-03  1.607E-03  1.614E-03  1.739E-03  1.558E-03  1.326E-03  1.457E-03  1.372E-03  1.460E-03  1.430E-03  1.181E-03  1.051E-03  1.198E-03  9.838E-04  9.945E-04  8.194E-04  9.511E-04  9.364E-04  7.337E-04  7.771E-04  7.990E-04  6.871E-04  6.639E-04  5.207E-04  5.177E-04  4.285E-04  4.285E-04  4.919E-04  3.418E-04  3.535E-04  3.909E-04  2.691E-04  1.852E-04  2.487E-04  1.833E-04  1.325E-04  1.195E-04  1.442E-04  1.378E-04  1.123E-04  8.789E-05  6.884E-05  1.110E-04  5.490E-05  8.614E-05  3.089E-05  4.314E-05  4.277E-05  3.043E-05  2.485E-05  1.200E-05  4.862E-05  2.379E-05  2.953E-05  0.000E+00  Z
 0.000E+00  0.000E+00  0.000E+00  0.000E+00  0.000E+00  0.000E+00  0.000E+00  0.000E+00  0.000E+00  0.000E+00  0.000E+00  0.000E+00  0.000E+00  0.000E+00  0.000E+00  0.000E+00  0.000E+00  0.000E+00  0.000E+00  0.000E+00  0.000E+00  0.000E+00  0.000E+00  0.000E+00  0.000E+00  0.000E+00  1.564E-05  0.000E+00  0.000E+00  0.000E+00  0.000E+00  0.000E+00  0.000E+00  0.000E+00  0.000E+00  0.000E+00  0.000E+00  0.000E+00  0.000E+00  2.584E-05  0.000E+00  1.253E-05  1.264E-05  1.219E-05  0.000E+00  1.196E-05  2.422E-05  0.000E+00  2.335E-05  1.185E-05  0.000E+00  4.561E-05  1.109E-05  3.384E-05  8.884E-05  4.332E-05  9.808E-05  3.219E-05  5.359E-05  8.452E-05  9.531E-05  1.565E-04  1.244E-04  6.127E-05  1.429E-04  1.608E-04  1.909E-04  2.690E-04  2.657E-04  2.254E-04  2.634E-04  3.279E-04  2.406E-04  3.820E-04  3.686E-04  5.267E-04  4.474E-04  6.590E-04  4.889E-04  6.250E-04  6.003E-04  7.697E-04  6.402E-04  6.713E-04  8.783E-04  7.165E-04  7.760E-04  8.456E-04  1.016E-03  1.142E-03  1.115E-03  1.151E-03  1.336E-03  1.368E-03  1.395E-03  1.457E-03  1.579E-03  1.497E-03  1.454E-03  1.406E-03  1.690E-03  1.475E-03  1.730E-03  1.588E-03  1.870E-03  1.877E-03  1.847E-03  1.937E-03  1.829E-03  2.021E-03  2.205E-03  2.084E-03  2.186E-03  2.031E-03  2.444E-03  2.053E-03  2.060E-03  2.079E-03  2.305E-03  2.443E-03  2.412E-03  2.252E-03  2.360E-03  2.354E-03  2.299E-03  1.950E-03  2.147E-03  2.348E-03  2.224E-03  2.271E-03  2.048E-03  2.035E-03  1.956E-03  2.148E-03  1.832E-03  1.912E-03  1.880E-03  1.778E-03  1.625E-03  1.646E-03  1.778E-03  1.744E-03  1.513E-03  1.582E-03  1.432E-03  1.439E-03  1.348E-03  1.306E-03  1.153E-03  1.257E-03  1.167E-03  8.311E-04  8.264E-04  9.527E-04  8.430E-04  7.217E-04  6.991E-04  7.623E-04  6.366E-04  5.379E-04  5.423E-04  5.733E-04  5.771E-04  4.546E-04  4.853E-04  3.046E-04  3.861E-04  2.033E-04  2.977E-04  2.263E-04  2.576E-04  2.309E-04  1.624E-04  1.374E-04  1.565E-04  8.615E-05  1.236E-04  9.713E-05  7.293E-05  5.516E-05  6.103E-05  8.476E-05  7.292E-05  2.460E-05  3.039E-05  2.999E-05  1.766E-05  1.203E-05  4.194E-05  1.814E-05  0.000E+00  Z
 0.000E+00  0.000E+00  0.000E+00  0.000E+00  0.000E+00  0.000E+00  0.000E+00  0.000E+00  0.000E+00  0.000E+00  0.000E+00  0.000E+00  0.000E+00  0.000E+00  0.000E+00  0.000E+00  0.000E+00  0.000E+00  0.000E+00  0.000E+00  0.000E+00  0.000E+00  0.000E+00  0.000E+00  0.000E+00  0.000E+00  0.000E+00  0.000E+00  0.000E+00  0.000E+00  0.000E+00  0.000E+00  0.000E+00  1.406E-05  0.000E+00  0.000E+00  0.000E+00  0.000E+00  0.000E+00  0.000E+00  1.303E-05  0.000E+00  0.000E+00  0.000E+00  1.220E-05  0.000E+00  1.198E-05  1.185E-05  1.167E-05  3.461E-05  1.158E-05  1.131E-05  4.468E-05  5.565E-05  5.516E-05  1.091E-04  3.263E-05  5.423E-05  9.601E-05  1.061E-04  1.155E-04  1.772E-04  1.759E-04  1.649E-04  1.825E-04  1.811E-04  2.613E-04  1.786E-04  2.868E-04  2.259E-04  3.308E-04  3.574E-04  4.319E-04  4.855E-04  4.834E-04  4.869E-04  5.145E-04  6.015E-04  5.991E-04  5.785E-04  8.105E-04  8.141E-04  7.382E-04  7.778E-04  8.170E-04  9.122E-04  9.830E-04  9.683E-04  1.044E-03  1.107E-03  1.143E-03  1.157E-03  1.481E-03  1.287E-03  1.431E-03  1.464E-03  1.612E-03  1.611E-03  1.632E-03  1.589E-03  1.811E-03  1.613E-03  1.549E-03  1.986E-03  1.968E-03  2.227E-03  2.213E-03  2.097E-03  2.379E-03  2.381E-03  2.383E-03  2.338E-03  2.360E-03  2.368E-03  2.609E-03  2.257E-03  2.504E-03  2.660E-03  2.532E-03  2.815E-03  2.874E-03  2.706E-03  2.469E-03  2.684E-03  2.747E-03  2.591E-03  2.470E-03  2.940E-03  2.869E-03  2.578E-03  2.663E-03  2.808E-03  2.401E-03  2.498E-03  2.386E-03  2.263E-03  2.355E-03  2.367E-03  2.211E-03  2.241E-03  2.306E-03  2.104E-03  1.930E-03  1.821E-03  2.142E-03  1.819E-03  1.796E-03  1.932E-03  1.817E-03  1.431E-03  1.596E-03  1.241E-03  1.360E-03  1.151E-03  1.230E-03  1.146E-03  1.019E-03  7.971E-04  8.749E-04  1.043E-03  8.836E-04  9.168E-04  7.583E-04  6.589E-04  5.181E-04  6.304E-04  4.776E-04  4.550E-04  4.661E-04  5.713E-04  4.184E-04  3.191E-04  3.478E-04  2.608E-04  2.592E-04  2.221E-04  2.215E-04  2.088E-04  1.784E-04  9.698E-05  1.271E-04  1.206E-04  7.863E-05  7.835E-05  6.080E-05  2.968E-05  5.963E-05  5.996E-05  1.804E-05  2.971E-05  4.107E-05  2.388E-05  1.723E-05  5.634E-06  0.000E+00  Z
 0.000E+00  0.000E+00  0.000E+00  0.000E+00  0.000E+00  0.000E+00  0.000E+00  0.000E+00  0.000E+00  0.000E+00  0.000E+00  0.000E+00  0.000E+00  0.000E+00  0.000E+00  0.000E+00  0.000E+00  0.000E+00  0.000E+00  0.000E+00  0.000E+00  0.000E+00  0.000E+00  0.000E+00  0.000E+00  0.000E+00  0.000E+00  0.000E+00  0.000E+00  0.000E+00  0.000E+00  0.000E+00  0.000E+00  0.000E+00  0.000E+00  0.000E+00  0.000E+00  0.000E+00  0.000E+00  1.324E-05  1.291E-05  0.000E+00  0.000E+00  3.721E-05  2.465E-05  1.200E-05  0.000E+00  1.177E-05  1.183E-05  3.513E-05  4.589E-05  3.399E-05  2.299E-05  3.329E-05  6.582E-05  3.277E-05  3.223E-05  4.339E-05  8.523E-05  1.172E-04  1.676E-04  9.425E-05  1.349E-04  1.849E-04  1.931E-04  1.523E-04  1.912E-04  2.287E-04  2.273E-04  3.040E-04  2.534E-04  3.000E-04  5.783E-04  3.054E-04  6.444E-04  3.959E-04  5.613E-04  5.662E-04  6.450E-04  6.501E-04  7.008E-04  6.785E-04  7.568E-04  8.769E-04  7.566E-04  9.374E-04  1.052E-03  1.208E-03  1.139E-03  1.215E-03  1.204E-03  1.085E-03  1.285E-03  1.404E-03  1.538E-03  1.560E-03  1.580E-03  1.637E-03  1.810E-03  1.791E-03  1.929E-03  1.871E-03  2.040E-03  2.310E-03  2.065E-03  2.155E-03  2.332E-03  2.451E-03  2.598E-03  2.651E-03  2.699E-03  2.633E-03  2.638E-03  2.575E-03  2.826E-03  2.768E-03  2.885E-03  2.848E-03  2.684E-03  2.761E-03  2.809E-03  2.792E-03  3.171E-03  2.939E-03  3.051E-03  2.688E-03  2.789E-03  2.906E-03  2.935E-03  2.880E-03  3.099E-03  2.847E-03  3.109E-03  2.862E-03  2.713E-03  2.988E-03  2.725E-03  2.713E-03  2.673E-03  2.643E-03  2.634E-03  2.516E-03  2.291E-03  2.557E-03  2.214E-03  2.263E-03  2.007E-03  2.315E-03  1.919E-03  2.058E-03  2.020E-03  1.997E-03  1.860E-03  1.772E-03  1.408E-03  1.661E-03  1.541E-03  1.449E-03  1.298E-03  1.276E-03  1.225E-03  9.854E-04  9.423E-04  9.383E-04  9.360E-04  7.390E-04  6.851E-04  7.542E-04  7.330E-04  5.654E-04  4.014E-04  5.067E-04  5.210E-04  4.217E-04  3.463E-04  3.763E-04  2.962E-04  3.125E-04  3.232E-04  3.031E-04  1.040E-04  2.069E-04  1.640E-04  1.260E-04  1.680E-04  1.258E-04  1.192E-04  7.119E-05  1.071E-04  4.158E-05  6.515E-05  5.337E-05  3.497E-05  2.974E-05  2.913E-05  2.962E-05  4.095E-05  5.912E-06  1.790E-05  2.341E-05  2.266E-05  1.140E-05  5.853E-06  0.000E+00  Z
 0.000E+00  0.000E+00  0.000E+00  0.000E+00  0.000E+00  0.000E+00  0.000E+00  0.000E+00  0.000E+00  0.000E+00  0.000E+00  0.000E+00  0.000E+00  0.000E+00  0.000E+00  0.000E+00  0.000E+00  0.000E+00  0.000E+00  0.000E+00  0.000E+00  0.000E+00  0.000E+00  0.000E+00  0.000E+00  0.000E+00  0.000E+00  0.000E+00  0.000E+00  0.000E+00  0.000E+00  0.000E+00  0.000E+00  0.000E+00  0.000E+00  0.000E+00  0.000E+00  0.000E+00  1.341E-05  0.000E+00  0.000E+00  0.000E+00  1.263E-05  1.261E-05  2.442E-05  0.000E+00  0.000E+00  0.000E+00  1.175E-05  1.152E-05  2.310E-05  1.160E-05  1.119E-05  8.978E-05  4.417E-05  3.331E-05  6.505E-05  7.574E-05  5.397E-05  9.559E-05  1.463E-04  1.039E-04  9.318E-05  1.636E-04  1.422E-04  1.921E-04  1.895E-04  2.191E-04  1.968E-04  3.915E-04  2.911E-04  4.059E-04  3.450E-04  3.904E-04  4.560E-04  5.355E-04  5.132E-04  5.475E-04  6.204E-04  5.130E-04  7.392E-04  7.248E-04  8.722E-04  9.301E-04  9.325E-04  1.006E-03  1.053E-03  1.154E-03  1.086E-03  1.270E-03  1.158E-03  1.343E-03  1.543E-03  1.596E-03  1.535E-03  1.659E-03  1.634E-03  2.038E-03  2.017E-03  1.975E-03  2.033E-03  1.932E-03  2.120E-03  2.385E-03  2.468E-03  2.288E-03  2.534E-03  2.461E-03  2.440E-03  2.713E-03  2.829E-03  2.536E-03  2.885E-03  2.763E-03  3.206E-03  2.986E-03  3.130E-03  2.834E-03  3.210E-03  3.085E-03  3.154E-03  3.495E-03  3.240E-03  3.275E-03  3.682E-03  3.045E-03  3.491E-03  3.194E-03  3.329E-03  3.429E-03  3.557E-03  3.524E-03  3.526E-03  3.124E-03  3.331E-03  3.216E-03  3.362E-03  3.366E-03  3.214E-03  3.342E-03  3.013E-03  2.875E-03  3.101E-03  2.938E-03  3.001E-03  2.953E-03  3.105E-03  2.812E-03  2.569E-03  2.528E-03  2.506E-03  2.521E-03  2.508E-03  2.171E-03  2.290E-03  2.352E-03  1.935E-03  1.938E-03  1.734E-03  1.867E-03  1.816E-03  1.620E-03  1.561E-03  1.423E-03  1.376E-03  1.457E-03  1.232E-03  1.204E-03  1.007E-03  1.061E-03  1.009E-03  8.299E-04  7.718E-04  5.284E-04  6.188E-04  5.500E-04  6.327E-04  5.265E-04  5.563E-04  5.135E-04  4.252E-04  2.669E-04  2.795E-04  2.470E-04  2.223E-04  2.219E-04  1.987E-04  1.614E-04  1.250E-04  1.492E-04  1.481E-04  1.234E-04  1.176E-04  6.493E-05  8.778E-05  8.228E-05  7.019E-05  4.104E-05  5.812E-05  3.461E-05  2.306E-05  1.156E-05  1.115E-05  2.339E-05  2.302E-05  0.000E+00  Z
 0.000E+00  0.000E+00  0.000E+00  0.000E+00  0.000E+00  0.000E+00  0.000E+00  0.000E+00  0.000E+00  0.000E+00  0.000E+00  0.000E+00  0.000E+00  0.000E+00  0.000E+00  0.000E+00  0.000E+00  0.000E+00  0.000E+00  0.000E+00  0.000E+00  0.000E+00  0.000E+00  0.000E+00  0.000E+00  0.000E+00  0.000E+00  0.000E+00  0.000E+00  0.000E+00  0.000E+00  0.000E+00  0.000E+00  0.000E+00  0.000E+00  0.000E+00  0.000E+00  0.000E+00  1.301E-05  0.000E+00  0.000E+00  0.000E+00  0.000E+00  0.000E+00  2.455E-05  1.193E-05  2.400E-05  5.977E-05  1.198E-05  1.160E-05  4.614E-05  2.250E-05  4.460E-05  7.835E-05  6.558E-05  7.769E-05  6.478E-05  2.157E-05  7.542E-05  1.277E-04  1.363E-04  1.046E-04  1.229E-04  1.741E-04  1.331E-04  1.617E-04  1.791E-04  3.078E-04  3.541E-04  3.229E-04  2.546E-04  3.470E-04  3.922E-04  4.955E-04  5.027E-04  5.732E-04  6.627E-04  6.114E-04  7.383E-04  7.889E-04  9.379E-04  8.512E-04  8.721E-04  9.292E-04  8.346E-04  1.070E-03  1.072E-03  1.214E-03  1.181E-03  1.062E-03  1.123E-03  1.573E-03  1.430E-03  1.742E-03  1.769E-03  1.916E-03  2.106E-03  2.009E-03  2.078E-03  2.016E-03  2.169E-03  2.030E-03  2.471E-03  2.587E-03  2.707E-03  2.906E-03  2.784E-03  2.983E-03  2.936E-03  2.859E-03  3.039E-03  3.166E-03  3.080E-03  3.251E-03  3.298E-03  3.187E-03  3.735E-03  3.418E-03  3.512E-03  3.730E-03  3.743E-03  3.775E-03  3.794E-03  4.044E-03  3.664E-03  3.784E-03  3.788E-03  4.067E-03  3.852E-03  3.928E-03  4.060E-03  4.137E-03  3.825E-03  3.984E-03  3.759E-03  3.814E-03  4.119E-03  4.151E-03  3.995E-03  3.860E-03  3.808E-03  3.883E-03  4.092E-03  3.893E-03  3.739E-03  3.815E-03  3.382E-03  3.534E-03  3.442E-03  3.311E-03  3.282E-03  3.177E-03  3.278E-03  3.322E-03  3.217E-03  2.889E-03  3.017E-03  2.661E-03  2.642E-03  2.613E-03  2.352E-03  2.458E-03  2.326E-03  2.200E-03  1.986E-03  1.932E-03  2.029E-03  1.900E-03  1.785E-03  1.714E-03  1.621E-03  1.357E-03  1.292E-03  1.290E-03  1.138E-03  1.064E-03  1.007E-03  9.178E-04  9.453E-04  8.228E-04  7.817E-04  7.963E-04  6.191E-04  5.986E-04  5.070E-04  4.513E-04  3.957E-04  3.772E-04  4.285E-04  2.978E-04  3.144E-04  2.832E-04  2.070E-04  1.829E-04  1.469E-04  1.768E-04  1.453E-04  1.284E-04  9.922E-05  1.451E-04  8.733E-05  5.239E-05  7.496E-05  4.467E-05  2.870E-05  2.916E-05  3.974E-05  1.713E-05  1.735E-05  1.677E-05  1.682E-05  3.345E-05  0.000E+00  Z
