nu_l
Z
Z
Z
 0.000E+00  0.000E+00  0.000E+00  0.000E+00  0.000E+00  0.000E+00  0.000E+00  0.000E+00  0.000E+00  0.000E+00  0.000E+00  0.000E+00  0.000E+00  0.000E+00  0.000E+00  0.000E+00  0.000E+00  0.000E+00  0.000E+00  0.000E+00  0.000E+00  0.000E+00  0.000E+00  0.000E+00  0.000E+00  0.000E+00  0.000E+00  0.000E+00  0.000E+00  0.000E+00  0.000E+00  0.000E+00  0.000E+00  0.000E+00  0.000E+00  0.000E+00  0.000E+00  0.000E+00  0.000E+00  0.000E+00  0.000E+00  0.000E+00  0.000E+00  0.000E+00  0.000E+00  0.000E+00  0.000E+00  0.000E+00  0.000E+00  0.000E+00  0.000E+00  0.000E+00  0.000E+00  0.000E+00  0.000E+00  0.000E+00  0.000E+00  0.000E+00  0.000E+00  0.000E+00  0.000E+00  0.000E+00  0.000E+00  0.000E+00  0.000E+00  0.000E+00  0.000E+00  0.000E+00  0.000E+00  0.000E+00  0.000E+00  0.000E+00  0.000E+00  0.000E+00  0.000E+00  0.000E+00  0.000E+00  0.000E+00  0.000E+00  0.000E+00  0.000E+00  0.000E+00  0.000E+00  0.000E+00  0.000E+00  0.000E+00  0.000E+00  0.000E+00  0.000E+00  0.000E+00  0.000E+00  0.000E+00  0.000E+00  0.000E+00  0.000E+00  0.000E+00  0.000E+00  0.000E+00  0.000E+00  0.000E+00  0.000E+00  0.000E+00  0.000E+00  0.000E+00  0.000E+00  0.000E+00  0.000E+00  0.000E+00  0.000E+00  0.000E+00  0.000E+00  0.000E+00  0.000E+00  0.000E+00  0.000E+00  0.000E+00  0.000E+00  0.000E+00  0.000E+00  0.000E+00  0.000E+00  0.000E+00  0.000E+00  0.000E+00  0.000E+00  0.000E+00  0.000E+00  0.000E+00  0.000E+00  0.000E+00  0.000E+00  0.000E+00  0.000E+00  0.000E+00  0.000E+00  0.000E+00  0.000E+00  0.000E+00  0.000E+00  0.000E+00  0.000E+00  0.000E+00  0.000E+00  0.000E+00  0.000E+00  0.000E+00  0.000E+00  0.000E+00  0.000E+00  0.000E+00  0.000E+00  0.000E+00  0.000E+00  0.000E+00  0.000E+00  0.000E+00  0.000E+00  0.000E+00  0.000E+00  0.000E+00  0.000E+00  0.000E+00  0.000E+00  0.000E+00  0.000E+00  0.000E+00  0.000E+00  0.000E+00  0.000E+00  0.000E+00  0.000E+00  0.000E+00  0.000E+00  0.000E+00  0.000E+00  0.000E+00  0.000E+00  0.000E+00  0.000E+00  0.000E+00  0.000E+00  0.000E+00  0.000E+00  0.000E+00  0.000E+00  0.000E+00  0.000E+00  0.000E+00  0.000E+00  0.000E+00  0.000E+00  0.000E+00  0.000E+00  0.000E+00  0.000E+00  0.000E+00  0.000E+00  0.000E+00  0.000E+00  0.000E+00  0.000E+00  0.000E+00  0.000E+00  0.000E+00  0.000E+00  0.000E+00  0.000E+00  0.000E+00  0.000E+00  0.000E+00  0.000E+00  0.000E+00  0.000E+00  0.000E+00  0.000E+00  0.000E+00  0.000E+00  0.000E+00  0.000E+00  0.000E+00  0.000E+00  0.000E+00  0.000E+00  0.000E+00  0.000E+00  0.000E+00  0.000E+00  0.000E+00  0.000E+00  0.000E+00  0.000E+00  0.000E+00  0.000E+00  0.000E+00  0.000E+00  0.000E+00  0.000E+00  0.000E+00  0.000E+00  0.000E+00  0.000E+00  0.000E+00  0.000E+00  0.000E+00  0.000E+00  0.000E+00  0.000E+00  0.000E+00  0.000E+00  Z
 0.000E+00  0.000E+00  0.000E+00  0.000E+00  0.000E+00  0.000E+00  0.000E+00  0.000E+00  0.000E+00  0.000E+00  0.000E+00  0.000E+00  0.000E+00  0.000E+00  0.000E+00  0.000E+00  0.000E+00  0.000E+00  0.000E+00  0.000E+00  0.000E+00  0.000E+00  0.000E+00  0.000E+00  0.000E+00  0.000E+00  0.000E+00  0.000E+00  0.000E+00  0.000E+00  0.000E+00  0.000E+00  0.000E+00  0.000E+00  0.000E+00  0.000E+00  0.000E+00  0.000E+00  0.000E+00  0.000E+00  0.000E+00  0.000E+00  0.000E+00  0.000E+00  0.000E+00  0.000E+00  0.000E+00  0.000E+00  0.000E+00  0.000E+00  0.000E+00  0.000E+00  0.000E+00  0.000E+00  0.000E+00  0.000E+00  0.000E+00  0.000E+00  0.000E+00  0.000E+00  0.000E+00  0.000E+00  0.000E+00  0.000E+00  0.000E+00  0.000E+00  0.000E+00  0.000E+00  0.000E+00  0.000E+00  0.000E+00  0.000E+00  0.000E+00  0.000E+00  0.000E+00  0.000E+00  0.000E+00  0.000E+00  0.000E+00  0.000E+00  0.000E+00  0.000E+00  0.000E+00  0.000E+00  0.000E+00  0.000E+00  0.000E+00  0.000E+00  0.000E+00  0.000E+00  0.000E+00  0.000E+00  0.000E+00  0.000E+00  0.000E+00  0.000E+00  0.000E+00  0.000E+00  0.000E+00  0.000E+00  0.000E+00  0.000E+00  0.000E+00  0.000E+00  0.000E+00  0.000E+00  0.000E+00  0.000E+00  0.000E+00  0.000E+00  0.000E+00  0.000E+00  0.000E+00  0.000E+00  0.000E+00  0.000E+00  0.000E+00  0.000E+00  0.000E+00  0.000E+00  0.000E+00  0.000E+00  0.000E+00  0.000E+00  0.000E+00  0.000E+00  0.000E+00  0.000E+00  0.000E+00  0.000E+00  0.000E+00  0.000E+00  0.000E+00  0.000E+00  0.000E+00  0.000E+00  0.000E+00  0.000E+00  0.000E+00  0.000E+00  0.000E+00  0.000E+00  0.000E+00  0.000E+00  0.000E+00  0.000E+00  0.000E+00  0.000E+00  0.000E+00  0.000E+00  0.000E+00  0.000E+00  0.000E+00  0.000E+00  0.000E+00  0.000E+00  0.000E+00  0.000E+00  0.000E+00  0.000E+00  0.000E+00  0.000E+00  0.000E+00  0.000E+00  0.000E+00  0.000E+00  0.000E+00  0.000E+00  0.000E+00  0.000E+00  0.000E+00  0.000E+00  0.000E+00  0.000E+00  0.000E+00  0.000E+00  0.000E+00  0.000E+00  0.000E+00  0.000E+00  0.000E+00  0.000E+00  0.000E+00  0.000E+00  0.000E+00  0.000E+00  0.000E+00  0.000E+00  0.000E+00  0.000E+00  0.000E+00  0.000E+00  0.000E+00  0.000E+00  0.000E+00  0.000E+00  0.000E+00  0.000E+00  0.000E+00  0.000E+00  0.000E+00  0.000E+00  0.000E+00  0.000E+00  0.000E+00  0.000E+00  0.000E+00  0.000E+00  0.000E+00  0.000E+00  0.000E+00  0.000E+00  0.000E+00  0.000E+00  0.000E+00  0.000E+00  0.000E+00  0.000E+00  0.000E+00  0.000E+00  0.000E+00  0.000E+00  0.000E+00  0.000E+00  0.000E+00  0.000E+00  0.000E+00  0.000E+00  0.000E+00  0.000E+00  0.000E+00  0.000E+00  0.000E+00  0.000E+00  0.000E+00  0.000E+00  0.000E+00  0.000E+00  0.000E+00  0.000E+00  0.000E+00  0.000E+00  0.000E+00  0.000E+00  0.000E+00  0.000E+00  0.000E+00  0.000E+00  0.000E+00  Z
 0.000E+00  0.000E+00  0.000E+00  0.000E+00  0.000E+00  0.000E+00  0.000E+00  0.000E+00  0.000E+00  0.000E+00  0.000E+00  0.000E+00  0.000E+00  0.000E+00  0.000E+00  0.000E+00  0.000E+00  0.000E+00  0.000E+00  0.000E+00  0.000E+00  0.000E+00  0.000E+00  0.000E+00  0.000E+00  0.000E+00  0.000E+00  0.000E+00  0.000E+00  0.000E+00  0.000E+00  0.000E+00  0.000E+00  0.000E+00  0.000E+00  0.000E+00  0.000E+00  0.000E+00  0.000E+00  0.000E+00  0.000E+00  0.000E+00  0.000E+00  0.000E+00  0.000E+00  0.000E+00  0.000E+00  0.000E+00  0.000E+00  0.000E+00  0.000E+00  0.000E+00  0.000E+00  0.000E+00  0.000E+00  0.000E+00  0.000E+00  0.000E+00  0.000E+00  0.000E+00  0.000E+00  0.000E+00  0.000E+00  0.000E+00  0.000E+00  0.000E+00  0.000E+00  0.000E+00  0.000E+00  0.000E+00  0.000E+00  0.000E+00  0.000E+00  0.000E+00  0.000E+00  0.000E+00  0.000E+00  0.000E+00  0.000E+00  0.000E+00  0.000E+00  0.000E+00  0.000E+00  0.000E+00  0.000E+00  0.000E+00  0.000E+00  0.000E+00  0.000E+00  0.000E+00  0.000E+00  0.000E+00  0.000E+00  0.000E+00  0.000E+00  0.000E+00  0.000E+00  0.000E+00  0.000E+00  0.000E+00  0.000E+00  0.000E+00  0.000E+00  0.000E+00  0.000E+00  0.000E+00  0.000E+00  0.000E+00  0.000E+00  0.000E+00  0.000E+00  0.000E+00  0.000E+00  0.000E+00  0.000E+00  0.000E+00  0.000E+00  0.000E+00  0.000E+00  0.000E+00  0.000E+00  0.000E+00  0.000E+00  0.000E+00  0.000E+00  0.000E+00  0.000E+00  0.000E+00  0.000E+00  0.000E+00  0.000E+00  0.000E+00  0.000E+00  0.000E+00  0.000E+00  0.000E+00  0.000E+00  0.000E+00  0.000E+00  0.000E+00  0.000E+00  0.000E+00  0.000E+00  0.000E+00  0.000E+00  0.000E+00  0.000E+00  0.000E+00  0.000E+00  0.000E+00  0.000E+00  0.000E+00  0.000E+00  0.000E+00  0.000E+00  0.000E+00  0.000E+00  0.000E+00  0.000E+00  0.000E+00  0.000E+00  0.000E+00  0.000E+00  0.000E+00  0.000E+00  0.000E+00  0.000E+00  0.000E+00  0.000E+00  0.000E+00  0.000E+00  0.000E+00  0.000E+00  0.000E+00  0.000E+00  0.000E+00  0.000E+00  0.000E+00  0.000E+00  0.000E+00  0.000E+00  0.000E+00  0.000E+00  0.000E+00  0.000E+00  0.000E+00  0.000E+00  0.000E+00  0.000E+00  0.000E+00  0.000E+00  0.000E+00  0.000E+00  0.000E+00  0.000E+00  0.000E+00  0.000E+00  0.000E+00  0.000E+00  0.000E+00  0.000E+00  0.000E+00  0.000E+00  0.000E+00  0.000E+00  0.000E+00  0.000E+00  0.000E+00  0.000E+00  0.000E+00  0.000E+00  0.000E+00  0.000E+00  0.000E+00  0.000E+00  0.000E+00  0.000E+00  0.000E+00  0.000E+00  0.000E+00  0.000E+00  0.000E+00  0.000E+00  0.000E+00  0.000E+00  0.000E+00  0.000E+00  0.000E+00  0.000E+00  0.000E+00  0.000E+00  0.000E+00  0.000E+00  0.000E+00  0.000E+00  0.000E+00  0.000E+00  0.000E+00  0.000E+00  0.000E+00  0.000E+00  0.000E+00  0.000E+00  0.000E+00  0.000E+00  0.000E+00  0.000E+00  0.000E+00  0.000E+00  Z
 0.000E+00  0.000E+00  0.000E+00  0.000E+00  0.000E+00  0.000E+00  0.000E+00  0.000E+00  0.000E+00  0.000E+00  0.000E+00  0.000E+00  0.000E+00  0.000E+00  0.000E+00  0.000E+00  0.000E+00  0.000E+00  0.000E+00  0.000E+00  0.000E+00  0.000E+00  0.000E+00  0.000E+00  0.000E+00  0.000E+00  0.000E+00  0.000E+00  0.000E+00  0.000E+00  0.000E+00  0.000E+00  0.000E+00  0.000E+00  0.000E+00  0.000E+00  0.000E+00  0.000E+00  0.000E+00  0.000E+00  0.000E+00  0.000E+00  0.000E+00  0.000E+00  0.000E+00  0.000E+00  0.000E+00  0.000E+00  0.000E+00  0.000E+00  0.000E+00  0.000E+00  0.000E+00  0.000E+00  0.000E+00  0.000E+00  0.000E+00  0.000E+00  0.000E+00  0.000E+00  0.000E+00  0.000E+00  0.000E+00  0.000E+00  0.000E+00  0.000E+00  0.000E+00  0.000E+00  0.000E+00  0.000E+00  0.000E+00  0.000E+00  0.000E+00  0.000E+00  0.000E+00  0.000E+00  0.000E+00  0.000E+00  0.000E+00  0.000E+00  0.000E+00  0.000E+00  0.000E+00  0.000E+00  0.000E+00  0.000E+00  0.000E+00  0.000E+00  0.000E+00  0.000E+00  0.000E+00  0.000E+00  0.000E+00  0.000E+00  0.000E+00  0.000E+00  0.000E+00  0.000E+00  0.000E+00  0.000E+00  0.000E+00  0.000E+00  0.000E+00  0.000E+00  0.000E+00  0.000E+00  0.000E+00  0.000E+00  0.000E+00  0.000E+00  0.000E+00  0.000E+00  0.000E+00  0.000E+00  0.000E+00  0.000E+00  0.000E+00  0.000E+00  0.000E+00  0.000E+00  0.000E+00  0.000E+00  0.000E+00  0.000E+00  0.000E+00  0.000E+00  0.000E+00  0.000E+00  0.000E+00  0.000E+00  0.000E+00  0.000E+00  0.000E+00  0.000E+00  0.000E+00  0.000E+00  0.000E+00  0.000E+00  0.000E+00  0.000E+00  0.000E+00  0.000E+00  0.000E+00  0.000E+00  0.000E+00  0.000E+00  0.000E+00  0.000E+00  0.000E+00  0.000E+00  0.000E+00  0.000E+00  0.000E+00  0.000E+00  0.000E+00  0.000E+00  0.000E+00  0.000E+00  0.000E+00  0.000E+00  0.000E+00  0.000E+00  0.000E+00  0.000E+00  0.000E+00  0.000E+00  0.000E+00  0.000E+00  0.000E+00  0.000E+00  0.000E+00  0.000E+00  0.000E+00  0.000E+00  0.000E+00  0.000E+00  0.000E+00  0.000E+00  0.000E+00  0.000E+00  0.000E+00  0.000E+00  0.000E+00  0.000E+00  0.000E+00  0.000E+00  0.000E+00  0.000E+00  0.000E+00  0.000E+00  0.000E+00  0.000E+00  0.000E+00  0.000E+00  0.000E+00  0.000E+00  0.000E+00  0.000E+00  0.000E+00  0.000E+00  0.000E+00  0.000E+00  0.000E+00  0.000E+00  0.000E+00  0.000E+00  0.000E+00  0.000E+00  0.000E+00  0.000E+00  0.000E+00  0.000E+00  0.000E+00  0.000E+00  0.000E+00  0.000E+00  0.000E+00  0.000E+00  0.000E+00  0.000E+00  0.000E+00  0.000E+00  0.000E+00  0.000E+00  0.000E+00  0.000E+00  0.000E+00  0.000E+00  0.000E+00  0.000E+00  0.000E+00  0.000E+00  0.000E+00  0.000E+00  0.000E+00  0.000E+00  0.000E+00  0.000E+00  0.000E+00  0.000E+00  0.000E+00  0.000E+00  0.000E+00  0.000E+00  0.000E+00  0.000E+00  0.000E+00  0.000E+00  0.000E+00  Z
 0.000E+00  0.000E+00  0.000E+00  0.000E+00  0.000E+00  0.000E+00  0.000E+00  0.000E+00  0.000E+00  0.000E+00  0.000E+00  0.000E+00  0.000E+00  0.000E+00  0.000E+00  0.000E+00  0.000E+00  0.000E+00  0.000E+00  0.000E+00  0.000E+00  0.000E+00  0.000E+00  0.000E+00  0.000E+00  0.000E+00  0.000E+00  0.000E+00  0.000E+00  0.000E+00  0.000E+00  0.000E+00  0.000E+00  0.000E+00  0.000E+00  0.000E+00  0.000E+00  0.000E+00  0.000E+00  0.000E+00  0.000E+00  0.000E+00  0.000E+00  0.000E+00  0.000E+00  0.000E+00  0.000E+00  0.000E+00  0.000E+00  0.000E+00  0.000E+00  0.000E+00  0.000E+00  0.000E+00  0.000E+00  0.000E+00  0.000E+00  0.000E+00  0.000E+00  0.000E+00  0.000E+00  0.000E+00  0.000E+00  0.000E+00  0.000E+00  0.000E+00  0.000E+00  0.000E+00  0.000E+00  0.000E+00  0.000E+00  0.000E+00  0.000E+00  0.000E+00  0.000E+00  0.000E+00  0.000E+00  0.000E+00  0.000E+00  0.000E+00  0.000E+00  0.000E+00  0.000E+00  0.000E+00  0.000E+00  0.000E+00  0.000E+00  0.000E+00  0.000E+00  0.000E+00  0.000E+00  0.000E+00  0.000E+00  0.000E+00  0.000E+00  0.000E+00  0.000E+00  0.000E+00  0.000E+00  0.000E+00  0.000E+00  0.000E+00  0.000E+00  0.000E+00  0.000E+00  0.000E+00  0.000E+00  0.000E+00  0.000E+00  0.000E+00  0.000E+00  0.000E+00  0.000E+00  0.000E+00  0.000E+00  0.000E+00  0.000E+00  0.000E+00  0.000E+00  0.000E+00  0.000E+00  0.000E+00  0.000E+00  0.000E+00  0.000E+00  0.000E+00  0.000E+00  0.000E+00  0.000E+00  0.000E+00  0.000E+00  0.000E+00  0.000E+00  0.000E+00  0.000E+00  0.000E+00  0.000E+00  0.000E+00  0.000E+00  0.000E+00  0.000E+00  0.000E+00  0.000E+00  0.000E+00  0.000E+00  0.000E+00  0.000E+00  0.000E+00  0.000E+00  0.000E+00  0.000E+00  0.000E+00  0.000E+00  0.000E+00  0.000E+00  0.000E+00  0.000E+00  0.000E+00  0.000E+00  0.000E+00  0.000E+00  0.000E+00  0.000E+00  0.000E+00  0.000E+00  0.000E+00  0.000E+00  0.000E+00  0.000E+00  0.000E+00  0.000E+00  0.000E+00  0.000E+00  0.000E+00  0.000E+00  0.000E+00  0.000E+00  0.000E+00  0.000E+00  0.000E+00  0.000E+00  0.000E+00  0.000E+00  0.000E+00  0.000E+00  0.000E+00  0.000E+00  0.000E+00  0.000E+00  0.000E+00  0.000E+00  0.000E+00  0.000E+00  0.000E+00  0.000E+00  0.000E+00  0.000E+00  0.000E+00  0.000E+00  0.000E+00  0.000E+00  0.000E+00  0.000E+00  0.000E+00  0.000E+00  0.000E+00  0.000E+00  0.000E+00  0.000E+00  0.000E+00  0.000E+00  0.000E+00  0.000E+00  0.000E+00  0.000E+00  0.000E+00  0.000E+00  0.000E+00  0.000E+00  0.000E+00  0.000E+00  0.000E+00  0.000E+00  0.000E+00  0.000E+00  0.000E+00  0.000E+00  0.000E+00  0.000E+00  0.000E+00  0.000E+00  0.000E+00  0.000E+00  0.000E+00  0.000E+00  0.000E+00  0.000E+00  0.000E+00  0.000E+00  0.000E+00  0.000E+00  0.000E+00  0.000E+00  0.000E+00  0.000E+00  0.000E+00  0.000E+00  0.000E+00  0.000E+00  Z
 0.000E+00  0.000E+00  0.000E+00  0.000E+00  0.000E+00  0.000E+00  0.000E+00  0.000E+00  0.000E+00  0.000E+00  0.000E+00  0.000E+00  0.000E+00  0.000E+00  0.000E+00  0.000E+00  0.000E+00  0.000E+00  0.000E+00  0.000E+00  0.000E+00  0.000E+00  0.000E+00  0.000E+00  0.000E+00  0.000E+00  0.000E+00  0.000E+00  0.000E+00  0.000E+00  0.000E+00  0.000E+00  0.000E+00  0.000E+00  0.000E+00  0.000E+00  0.000E+00  0.000E+00  0.000E+00  0.000E+00  0.000E+00  0.000E+00  0.000E+00  0.000E+00  0.000E+00  0.000E+00  0.000E+00  0.000E+00  0.000E+00  0.000E+00  0.000E+00  0.000E+00  0.000E+00  0.000E+00  0.000E+00  0.000E+00  0.000E+00  0.000E+00  0.000E+00  0.000E+00  0.000E+00  0.000E+00  0.000E+00  0.000E+00  0.000E+00  0.000E+00  0.000E+00  0.000E+00  0.000E+00  0.000E+00  0.000E+00  0.000E+00  0.000E+00  0.000E+00  0.000E+00  0.000E+00  0.000E+00  0.000E+00  0.000E+00  0.000E+00  0.000E+00  0.000E+00  0.000E+00  0.000E+00  0.000E+00  0.000E+00  0.000E+00  0.000E+00  0.000E+00  0.000E+00  0.000E+00  0.000E+00  0.000E+00  0.000E+00  0.000E+00  0.000E+00  0.000E+00  0.000E+00  0.000E+00  0.000E+00  0.000E+00  0.000E+00  0.000E+00  0.000E+00  0.000E+00  0.000E+00  0.000E+00  0.000E+00  0.000E+00  0.000E+00  0.000E+00  0.000E+00  0.000E+00  0.000E+00  0.000E+00  0.000E+00  0.000E+00  0.000E+00  0.000E+00  0.000E+00  0.000E+00  0.000E+00  0.000E+00  0.000E+00  0.000E+00  0.000E+00  0.000E+00  0.000E+00  0.000E+00  0.000E+00  0.000E+00  0.000E+00  0.000E+00  0.000E+00  0.000E+00  0.000E+00  0.000E+00  0.000E+00  0.000E+00  0.000E+00  0.000E+00  0.000E+00  0.000E+00  0.000E+00  0.000E+00  0.000E+00  0.000E+00  0.000E+00  0.000E+00  0.000E+00  0.000E+00  0.000E+00  0.000E+00  0.000E+00  0.000E+00  0.000E+00  0.000E+00  0.000E+00  0.000E+00  0.000E+00  0.000E+00  0.000E+00  0.000E+00  0.000E+00  0.000E+00  0.000E+00  0.000E+00  0.000E+00  0.000E+00  0.000E+00  0.000E+00  0.000E+00  0.000E+00  0.000E+00  0.000E+00  0.000E+00  0.000E+00  0.000E+00  0.000E+00  0.000E+00  0.000E+00  0.000E+00  0.000E+00  0.000E+00  0.000E+00  0.000E+00  0.000E+00  0.000E+00  0.000E+00  0.000E+00  0.000E+00  0.000E+00  0.000E+00  0.000E+00  0.000E+00  0.000E+00  0.000E+00  0.000E+00  0.000E+00  0.000E+00  0.000E+00  0.000E+00  0.000E+00  0.000E+00  0.000E+00  0.000E+00  0.000E+00  0.000E+00  0.000E+00  0.000E+00  0.000E+00  0.000E+00  0.000E+00  0.000E+00  0.000E+00  0.000E+00  0.000E+00  0.000E+00  0.000E+00  0.000E+00  0.000E+00  0.000E+00  0.000E+00  0.000E+00  0.000E+00  0.000E+00  0.000E+00  0.000E+00  0.000E+00  0.000E+00  0.000E+00  0.000E+00  0.000E+00  0.000E+00  0.000E+00  0.000E+00  0.000E+00  0.000E+00  0.000E+00  0.000E+00  0.000E+00  0.000E+00  0.000E+00  0.000E+00  0.000E+00  0.000E+00  0.000E+00  0.000E+00  0.000E+00  Z
 0.000E+00  0.000E+00  0.000E+00  0.000E+00  0.000E+00  0.000E+00  0.000E+00  0.000E+00  0.000E+00  0.000E+00  0.000E+00  0.000E+00  0.000E+00  0.000E+00  0.000E+00  0.000E+00  0.000E+00  0.000E+00  0.000E+00  0.000E+00  0.000E+00  0.000E+00  0.000E+00  0.000E+00  0.000E+00  0.000E+00  0.000E+00  0.000E+00  0.000E+00  0.000E+00  0.000E+00  0.000E+00  0.000E+00  0.000E+00  0.000E+00  0.000E+00  0.000E+00  0.000E+00  0.000E+00  0.000E+00  0.000E+00  0.000E+00  0.000E+00  0.000E+00  1.205E-05  0.000E+00  1.175E-05  0.000E+00  0.000E+00  1.152E-05  0.000E+00  1.131E-05  0.000E+00  2.246E-05  1.103E-05  0.000E+00  1.104E-05  0.000E+00  0.000E+00  0.000E+00  0.000E+00  0.000E+00  0.000E+00  0.000E+00  0.000E+00  0.000E+00  0.000E+00  0.000E+00  0.000E+00  0.000E+00  0.000E+00  0.000E+00  1.937E-05  0.000E+00  0.000E+00  0.000E+00  0.000E+00  0.000E+00  0.000E+00  9.399E-06  9.279E-06  1.815E-05  8.862E-06  0.000E+00  0.000E+00  8.726E-06  1.725E-05  8.605E-06  0.000E+00  0.000E+00  0.000E+00  0.000E+00  8.337E-06  0.000E+00  0.000E+00  0.000E+00  0.000E+00  0.000E+00  0.000E+00  0.000E+00  0.000E+00  0.000E+00  0.000E+00  0.000E+00  0.000E+00  0.000E+00  0.000E+00  0.000E+00  0.000E+00  0.000E+00  0.000E+00  0.000E+00  0.000E+00  0.000E+00  0.000E+00  0.000E+00  0.000E+00  0.000E+00  0.000E+00  0.000E+00  0.000E+00  0.000E+00  0.000E+00  0.000E+00  0.000E+00  0.000E+00  0.000E+00  0.000E+00  0.000E+00  0.000E+00  0.000E+00  0.000E+00  0.000E+00  0.000E+00  0.000E+00  0.000E+00  0.000E+00  0.000E+00  0.000E+00  0.000E+00  0.000E+00  0.000E+00  0.000E+00  0.000E+00  0.000E+00  0.000E+00  0.000E+00  0.000E+00  0.000E+00  0.000E+00  0.000E+00  0.000E+00  0.000E+00  0.000E+00  0.000E+00  0.000E+00  0.000E+00  0.000E+00  0.000E+00  0.000E+00  0.000E+00  0.000E+00  0.000E+00  0.000E+00  0.000E+00  0.000E+00  0.000E+00  0.000E+00  0.000E+00  0.000E+00  0.000E+00  0.000E+00  0.000E+00  0.000E+00  0.000E+00  0.000E+00  0.000E+00  0.000E+00  0.000E+00  0.000E+00  0.000E+00  0.000E+00  0.000E+00  0.000E+00  0.000E+00  0.000E+00  0.000E+00  0.000E+00  0.000E+00  0.000E+00  0.000E+00  0.000E+00  0.000E+00  0.000E+00  0.000E+00  0.000E+00  0.000E+00  0.000E+00  0.000E+00  0.000E+00  0.000E+00  0.000E+00  0.000E+00  0.000E+00  0.000E+00  0.000E+00  0.000E+00  0.000E+00  0.000E+00  0.000E+00  0.000E+00  0.000E+00  0.000E+00  0.000E+00  0.000E+00  0.000E+00  0.000E+00  0.000E+00  0.000E+00  0.000E+00  0.000E+00  0.000E+00  0.000E+00  0.000E+00  0.000E+00  0.000E+00  0.000E+00  0.000E+00  0.000E+00  0.000E+00  0.000E+00  0.000E+00  0.000E+00  0.000E+00  0.000E+00  0.000E+00  0.000E+00  0.000E+00  0.000E+00  0.000E+00  0.000E+00  0.000E+00  0.000E+00  0.000E+00  0.000E+00  0.000E+00  0.000E+00  0.000E+00  0.000E+00  Z
 0.000E+00  0.000E+00  0.000E+00  0.000E+00  0.000E+00  0.000E+00  0.000E+00  0.000E+00  0.000E+00  0.000E+00  0.000E+00  0.000E+00  0.000E+00  0.000E+00  0.000E+00  0.000E+00  0.000E+00  0.000E+00  0.000E+00  0.000E+00  0.000E+00  0.000E+00  0.000E+00  0.000E+00  0.000E+00  0.000E+00  0.000E+00  0.000E+00  0.000E+00  0.000E+00  0.000E+00  0.000E+00  0.000E+00  0.000E+00  0.000E+00  0.000E+00  0.000E+00  0.000E+00  0.000E+00  0.000E+00  0.000E+00  0.000E+00  0.000E+00  0.000E+00  0.000E+00  0.000E+00  0.000E+00  0.000E+00  0.000E+00  1.173E-05  0.000E+00  0.000E+00  0.000E+00  1.099E-05  0.000E+00  2.201E-05  1.108E-05  1.081E-05  0.000E+00  0.000E+00  0.000E+00  1.055E-05  1.017E-05  0.000E+00  2.048E-05  2.046E-05  1.012E-05  0.000E+00  9.889E-06  9.704E-06  9.912E-06  1.934E-05  0.000E+00  1.883E-05  9.248E-06  2.873E-05  2.782E-05  1.863E-05  3.703E-05  1.800E-05  9.325E-06  0.000E+00  4.531E-05  8.813E-06  2.651E-05  3.483E-05  2.671E-05  0.000E+00  2.622E-05  3.478E-05  0.000E+00  2.603E-05  2.522E-05  8.224E-06  1.720E-05  2.500E-05  4.162E-05  2.472E-05  2.454E-05  0.000E+00  1.620E-05  2.462E-05  8.275E-06  0.000E+00  0.000E+00  7.977E-06  7.685E-06  8.022E-06  0.000E+00  0.000E+00  0.000E+00  0.000E+00  7.720E-06  7.441E-06  7.548E-06  0.000E+00  0.000E+00  0.000E+00  0.000E+00  0.000E+00  0.000E+00  0.000E+00  0.000E+00  0.000E+00  0.000E+00  0.000E+00  0.000E+00  0.000E+00  0.000E+00  0.000E+00  0.000E+00  0.000E+00  0.000E+00  0.000E+00  0.000E+00  0.000E+00  0.000E+00  0.000E+00  0.000E+00  0.000E+00  0.000E+00  0.000E+00  0.000E+00  0.000E+00  0.000E+00  0.000E+00  0.000E+00  0.000E+00  0.000E+00  0.000E+00  0.000E+00  0.000E+00  0.000E+00  0.000E+00  0.000E+00  0.000E+00  0.000E+00  0.000E+00  0.000E+00  0.000E+00  0.000E+00  0.000E+00  0.000E+00  0.000E+00  0.000E+00  0.000E+00  0.000E+00  0.000E+00  0.000E+00  0.000E+00  0.000E+00  0.000E+00  0.000E+00  0.000E+00  0.000E+00  0.000E+00  0.000E+00  0.000E+00  0.000E+00  0.000E+00  0.000E+00  0.000E+00  0.000E+00  0.000E+00  0.000E+00  0.000E+00  0.000E+00  0.000E+00  0.000E+00  0.000E+00  0.000E+00  0.000E+00  0.000E+00  0.000E+00  0.000E+00  0.000E+00  0.000E+00  0.000E+00  0.000E+00  0.000E+00  0.000E+00  0.000E+00  0.000E+00  0.000E+00  0.000E+00  0.000E+00  0.000E+00  0.000E+00  0.000E+00  0.000E+00  0.000E+00  0.000E+00  0.000E+00  0.000E+00  0.000E+00  0.000E+00  0.000E+00  0.000E+00  0.000E+00  0.000E+00  0.000E+00  0.000E+00  0.000E+00  0.000E+00  0.000E+00  0.000E+00  0.000E+00  0.000E+00  0.000E+00  0.000E+00  0.000E+00  0.000E+00  0.000E+00  0.000E+00  0.000E+00  0.000E+00  0.000E+00  0.000E+00  0.000E+00  0.000E+00  0.000E+00  0.000E+00  0.000E+00  0.000E+00  0.000E+00  0.000E+00  0.000E+00  0.000E+00  0.000E+00  Z
 0.000E+00  0.000E+00  0.000E+00  0.000E+00  0.000E+00  0.000E+00  0.000E+00  0.000E+00  0.000E+00  0.000E+00  0.000E+00  0.000E+00  0.000E+00  0.000E+00  0.000E+00  0.000E+00  0.000E+00  0.000E+00  0.000E+00  0.000E+00  0.000E+00  0.000E+00  0.000E+00  0.000E+00  0.000E+00  0.000E+00  0.000E+00  0.000E+00  0.000E+00  0.000E+00  0.000E+00  0.000E+00  0.000E+00  0.000E+00  0.000E+00  0.000E+00  0.000E+00  0.000E+00  0.000E+00  0.000E+00  0.000E+00  0.000E+00  0.000E+00  0.000E+00  0.000E+00  0.000E+00  3.626E-05  0.000E+00  2.345E-05  1.143E-05  1.170E-05  1.121E-05  1.120E-05  0.000E+00  1.089E-05  4.436E-05  1.070E-05  3.238E-05  3.212E-05  3.164E-05  3.152E-05  3.134E-05  7.208E-05  3.064E-05  7.124E-05  3.028E-05  4.055E-05  6.981E-05  4.885E-05  4.882E-05  6.835E-05  6.813E-05  8.669E-05  7.651E-05  8.575E-05  1.036E-04  1.114E-04  4.625E-05  8.315E-05  9.167E-05  1.181E-04  1.091E-04  1.169E-04  1.257E-04  7.122E-05  1.152E-04  6.172E-05  1.583E-04  1.037E-04  7.801E-05  1.463E-04  6.902E-05  1.537E-04  1.515E-04  1.011E-04  1.173E-04  1.257E-04  9.028E-05  4.905E-05  1.144E-04  6.496E-05  8.940E-05  1.202E-04  7.327E-05  1.281E-04  8.752E-05  9.436E-05  1.034E-04  8.698E-05  1.169E-04  7.784E-05  6.199E-05  5.331E-05  8.406E-05  7.592E-05  4.538E-05  3.785E-05  2.296E-05  5.279E-05  5.254E-05  1.488E-05  7.280E-06  3.708E-05  1.499E-05  1.458E-05  1.480E-05  7.430E-06  1.450E-05  0.000E+00  Z
 0.000E+00  0.000E+00  0.000E+00  0.000E+00  0.000E+00  0.000E+00  0.000E+00  0.000E+00  0.000E+00  0.000E+00  0.000E+00  0.000E+00  0.000E+00  0.000E+00  0.000E+00  0.000E+00  0.000E+00  0.000E+00  0.000E+00  0.000E+00  0.000E+00  0.000E+00  0.000E+00  0.000E+00  0.000E+00  0.000E+00  0.000E+00  0.000E+00  0.000E+00  0.000E+00  0.000E+00  0.000E+00  0.000E+00  0.000E+00  0.000E+00  1.354E-05  0.000E+00  0.000E+00  0.000E+00  0.000E+00  0.000E+00  0.000E+00  1.243E-05  0.000E+00  0.000E+00  0.000E+00  0.000E+00  1.174E-05  1.175E-05  1.153E-05  1.145E-05  3.422E-05  2.266E-05  1.094E-05  2.226E-05  3.310E-05  3.259E-05  3.244E-05  1.088E-05  5.324E-05  4.157E-05  7.308E-05  4.110E-05  4.121E-05  8.168E-05  6.026E-05  1.095E-04  9.920E-05  9.846E-05  1.760E-04  1.168E-04  9.721E-05  1.342E-04  6.720E-05  1.135E-04  1.322E-04  1.771E-04  1.491E-04  1.476E-04  2.660E-04  2.276E-04  2.080E-04  2.607E-04  2.963E-04  2.035E-04  2.291E-04  2.813E-04  1.820E-04  2.863E-04  2.855E-04  2.233E-04  2.718E-04  2.630E-04  2.869E-04  3.027E-04  3.274E-04  2.496E-04  3.147E-04  3.283E-04  2.446E-04  2.858E-04  2.917E-04  2.986E-04  3.859E-04  3.131E-04  3.177E-04  2.791E-04  3.390E-04  3.225E-04  2.732E-04  2.334E-04  1.862E-04  1.997E-04  2.150E-04  2.522E-04  1.835E-04  1.510E-04  1.881E-04  1.807E-04  1.878E-04  1.040E-04  1.796E-04  1.476E-04  1.033E-04  1.380E-04  1.029E-04  8.039E-05  7.936E-05  8.726E-05  7.129E-05  2.887E-05  4.941E-05  3.558E-05  4.993E-05  2.845E-05  6.271E-05  2.814E-05  7.209E-06  7.040E-06  1.381E-05  0.000E+00  Z
 0.000E+00  0.000E+00  0.000E+00  0.000E+00  0.000E+00  0.000E+00  0.000E+00  0.000E+00  0.000E+00  0.000E+00  0.000E+00  0.000E+00  0.000E+00  0.000E+00  0.000E+00  0.000E+00  0.000E+00  0.000E+00  0.000E+00  0.000E+00  0.000E+00  0.000E+00  0.000E+00  0.000E+00  0.000E+00  0.000E+00  0.000E+00  0.000E+00  0.000E+00  0.000E+00  0.000E+00  0.000E+00  0.000E+00  0.000E+00  0.000E+00  0.000E+00  0.000E+00  0.000E+00  0.000E+00  0.000E+00  0.000E+00  2.566E-05  0.000E+00  1.252E-05  1.237E-05  1.194E-05  0.000E+00  0.000E+00  0.000E+00  0.000E+00  1.126E-05  2.265E-05  1.120E-05  1.114E-05  2.201E-05  2.171E-05  4.304E-05  3.240E-05  4.266E-05  2.114E-05  4.185E-05  7.263E-05  3.093E-05  9.243E-05  1.013E-04  8.104E-05  1.102E-04  8.022E-05  1.583E-04  1.671E-04  9.708E-05  1.547E-04  2.204E-04  2.004E-04  1.426E-04  2.153E-04  2.339E-04  2.504E-04  3.137E-04  2.391E-04  2.377E-04  3.077E-04  3.428E-04  3.737E-04  2.761E-04  3.880E-04  3.342E-04  3.676E-04  3.988E-04  3.627E-04  5.090E-04  4.511E-04  4.256E-04  5.581E-04  3.527E-04  4.856E-04  3.990E-04  5.138E-04  5.281E-04  4.518E-04  4.171E-04  4.866E-04  4.689E-04  5.701E-04  4.934E-04  4.620E-04  5.155E-04  6.563E-04  4.074E-04  3.362E-04  4.142E-04  4.258E-04  4.424E-04  3.295E-04  4.269E-04  3.201E-04  3.496E-04  3.337E-04  2.946E-04  3.438E-04  2.444E-04  2.009E-04  2.650E-04  3.302E-04  1.622E-04  2.408E-04  2.322E-04  2.116E-04  1.297E-04  1.079E-04  2.279E-04  1.361E-04  1.140E-04  1.765E-04  1.051E-04  1.136E-04  7.692E-05  8.350E-05  6.264E-05  9.754E-05  7.004E-05  2.798E-05  6.123E-05  2.030E-05  4.096E-05  4.081E-05  0.000E+00  Z
 0.000E+00  0.000E+00  0.000E+00  0.000E+00  0.000E+00  0.000E+00  0.000E+00  0.000E+00  0.000E+00  0.000E+00  0.000E+00  0.000E+00  0.000E+00  0.000E+00  0.000E+00  0.000E+00  0.000E+00  0.000E+00  0.000E+00  0.000E+00  0.000E+00  0.000E+00  0.000E+00  0.000E+00  0.000E+00  0.000E+00  0.000E+00  0.000E+00  0.000E+00  0.000E+00  0.000E+00  0.000E+00  0.000E+00  1.429E-05  0.000E+00  0.000E+00  0.000E+00  1.355E-05  1.323E-05  0.000E+00  0.000E+00  1.268E-05  0.000E+00  0.000E+00  0.000E+00  1.237E-05  0.000E+00  3.544E-05  2.356E-05  0.000E+00  3.441E-05  1.141E-05  3.351E-05  1.100E-05  0.000E+00  4.374E-05  3.241E-05  4.269E-05  5.370E-05  8.471E-05  5.208E-05  1.043E-04  1.235E-04  9.289E-05  5.131E-05  1.009E-04  9.976E-05  4.944E-05  9.851E-05  7.811E-05  1.549E-04  1.261E-04  1.826E-04  1.913E-04  1.686E-04  1.421E-04  2.331E-04  2.594E-04  2.408E-04  3.412E-04  3.106E-04  3.547E-04  3.335E-04  4.186E-04  3.838E-04  2.486E-04  4.040E-04  4.555E-04  3.812E-04  3.892E-04  4.386E-04  4.274E-04  5.235E-04  3.541E-04  5.116E-04  5.598E-04  4.660E-04  4.550E-04  5.033E-04  5.325E-04  6.447E-04  4.800E-04  4.511E-04  6.732E-04  6.486E-04  4.931E-04  4.886E-04  4.718E-04  5.084E-04  4.856E-04  4.600E-04  5.262E-04  3.929E-04  4.383E-04  4.649E-04  3.653E-04  4.539E-04  4.750E-04  4.205E-04  4.194E-04  3.129E-04  2.949E-04  3.034E-04  3.015E-04  2.143E-04  3.004E-04  2.473E-04  2.169E-04  2.373E-04  1.658E-04  1.424E-04  1.501E-04  1.207E-04  1.626E-04  1.344E-04  1.194E-04  1.328E-04  7.730E-05  7.641E-05  6.219E-05  2.027E-05  4.104E-05  6.127E-05  2.695E-05  4.037E-05  3.335E-05  2.012E-05  2.686E-05  6.911E-06  1.370E-05  1.330E-05  2.647E-05  6.824E-06  1.310E-05  0.000E+00  Z
 0.000E+00  0.000E+00  0.000E+00  0.000E+00  0.000E+00  0.000E+00  0.000E+00  0.000E+00  0.000E+00  0.000E+00  0.000E+00  0.000E+00  0.000E+00  0.000E+00  0.000E+00  0.000E+00  0.000E+00  0.000E+00  0.000E+00  0.000E+00  0.000E+00  0.000E+00  0.000E+00  0.000E+00  0.000E+00  0.000E+00  0.000E+00  0.000E+00  0.000E+00  0.000E+00  0.000E+00  0.000E+00  0.000E+00  0.000E+00  1.413E-05  0.000E+00  1.375E-05  0.000E+00  0.000E+00  0.000E+00  0.000E+00  0.000E+00  0.000E+00  0.000E+00  0.000E+00  0.000E+00  1.185E-05  0.000E+00  0.000E+00  2.289E-05  4.586E-05  2.258E-05  5.631E-05  2.189E-05  2.211E-05  2.235E-05  3.246E-05  2.134E-05  6.456E-05  5.350E-05  4.217E-05  5.234E-05  0.000E+00  5.161E-05  7.086E-05  1.112E-04  1.207E-04  1.191E-04  7.890E-05  1.565E-04  1.068E-04  1.837E-04  1.828E-04  2.295E-04  2.265E-04  1.784E-04  1.582E-04  2.882E-04  2.489E-04  1.933E-04  2.463E-04  2.546E-04  3.329E-04  3.662E-04  3.450E-04  3.893E-04  4.122E-04  3.509E-04  4.340E-04  3.802E-04  4.195E-04  4.617E-04  4.576E-04  5.575E-04  5.130E-04  5.680E-04  4.315E-04  5.737E-04  6.201E-04  5.410E-04  4.876E-04  4.503E-04  6.478E-04  4.813E-04  5.499E-04  7.007E-04  6.089E-04  4.877E-04  6.140E-04  6.484E-04  4.518E-04  4.742E-04  5.111E-04  4.664E-04  4.730E-04  4.101E-04  4.223E-04  4.150E-04  5.078E-04  3.437E-04  3.872E-04  4.664E-04  3.918E-04  2.802E-04  2.340E-04  2.835E-04  2.853E-04  2.382E-04  1.893E-04  2.301E-04  1.924E-04  1.853E-04  1.857E-04  1.559E-04  1.194E-04  1.406E-04  1.121E-04  8.375E-05  9.735E-05  4.922E-05  7.658E-05  6.247E-05  6.851E-05  2.082E-05  4.096E-05  2.034E-05  2.730E-05  2.017E-05  6.927E-06  2.004E-05  1.345E-05  2.631E-05  1.324E-05  6.560E-06  0.000E+00  Z
 0.000E+00  0.000E+00  0.000E+00  0.000E+00  0.000E+00  0.000E+00  0.000E+00  0.000E+00  0.000E+00  0.000E+00  0.000E+00  0.000E+00  0.000E+00  0.000E+00  0.000E+00  0.000E+00  0.000E+00  0.000E+00  0.000E+00  0.000E+00  0.000E+00  0.000E+00  0.000E+00  0.000E+00  0.000E+00  0.000E+00  0.000E+00  0.000E+00  0.000E+00  0.000E+00  0.000E+00  0.000E+00  0.000E+00  0.000E+00  0.000E+00  0.000E+00  0.000E+00  0.000E+00  0.000E+00  1.313E-05  0.000E+00  0.000E+00  0.000E+00  1.251E-05  2.440E-05  0.000E+00  0.000E+00  4.774E-05  2.341E-05  1.165E-05  1.144E-05  4.549E-05  0.000E+00  6.745E-05  2.188E-05  3.267E-05  4.304E-05  8.605E-05  4.296E-05  2.097E-05  3.146E-05  4.163E-05  5.111E-05  8.300E-05  8.119E-05  1.516E-04  3.012E-05  1.188E-04  8.860E-05  1.573E-04  1.374E-04  1.446E-04  1.630E-04  2.094E-04  2.081E-04  2.455E-04  2.065E-04  3.051E-04  2.851E-04  2.385E-04  2.463E-04  3.430E-04  3.600E-04  3.320E-04  3.211E-04  4.521E-04  3.521E-04  3.501E-04  4.261E-04  4.478E-04  6.093E-04  4.949E-04  4.159E-04  4.575E-04  5.195E-04  5.499E-04  5.490E-04  4.548E-04  5.533E-04  4.996E-04  6.537E-04  5.214E-04  4.767E-04  5.885E-04  6.410E-04  5.111E-04  5.845E-04  4.267E-04  6.176E-04  4.606E-04  4.964E-04  5.498E-04  5.016E-04  4.773E-04  4.368E-04  4.019E-04  4.616E-04  3.458E-04  3.759E-04  3.962E-04  3.264E-04  3.485E-04  3.177E-04  2.737E-04  3.425E-04  2.331E-04  2.539E-04  2.015E-04  1.655E-04  2.880E-04  2.293E-04  1.847E-04  1.287E-04  1.567E-04  1.479E-04  1.129E-04  8.423E-05  1.252E-04  9.730E-05  5.468E-05  8.330E-05  5.437E-05  6.214E-05  4.074E-05  2.027E-05  2.689E-05  2.002E-05  1.384E-05  2.005E-05  2.693E-05  2.011E-05  1.339E-05  1.344E-05  1.328E-05  0.000E+00  Z
 0.000E+00  0.000E+00  0.000E+00  0.000E+00  0.000E+00  0.000E+00  0.000E+00  0.000E+00  0.000E+00  0.000E+00  0.000E+00  0.000E+00  0.000E+00  0.000E+00  0.000E+00  0.000E+00  0.000E+00  0.000E+00  0.000E+00  0.000E+00  0.000E+00  0.000E+00  0.000E+00  0.000E+00  0.000E+00  0.000E+00  0.000E+00  0.000E+00  0.000E+00  0.000E+00  0.000E+00  0.000E+00  1.432E-05  0.000E+00  0.000E+00  0.000E+00  0.000E+00  0.000E+00  1.297E-05  1.281E-05  0.000E+00  1.274E-05  1.243E-05  0.000E+00  0.000E+00  1.234E-05  0.000E+00  1.176E-05  0.000E+00  0.000E+00  2.312E-05  2.289E-05  1.140E-05  3.383E-05  2.216E-05  1.121E-05  3.222E-05  3.243E-05  6.371E-05  9.509E-05  9.461E-05  5.177E-05  8.324E-05  7.223E-05  8.124E-05  9.137E-05  1.402E-04  9.993E-05  1.384E-04  1.181E-04  8.724E-05  9.601E-05  1.535E-04  2.182E-04  1.606E-04  2.535E-04  2.801E-04  1.578E-04  3.600E-04  3.306E-04  3.649E-04  3.725E-04  3.401E-04  3.931E-04  4.170E-04  2.570E-04  4.124E-04  5.602E-04  5.120E-04  4.934E-04  4.640E-04  5.072E-04  6.889E-04  6.265E-04  3.696E-04  4.044E-04  6.413E-04  5.776E-04  5.451E-04  5.820E-04  6.051E-04  6.148E-04  5.411E-04  5.854E-04  4.543E-04  5.326E-04  7.298E-04  6.159E-04  6.829E-04  6.334E-04  4.903E-04  5.171E-04  6.157E-04  5.508E-04  5.211E-04  4.966E-04  4.618E-04  3.995E-04  3.386E-04  3.525E-04  4.458E-04  4.237E-04  3.015E-04  2.645E-04  3.091E-04  3.226E-04  3.199E-04  3.258E-04  2.151E-04  2.440E-04  2.517E-04  1.148E-04  1.569E-04  1.559E-04  1.469E-04  1.607E-04  1.407E-04  7.583E-05  1.328E-04  6.243E-05  1.106E-04  9.661E-05  7.580E-05  4.813E-05  6.103E-05  2.737E-05  5.419E-05  4.693E-05  3.334E-05  2.039E-05  2.005E-05  6.443E-06  2.654E-05  1.303E-05  1.327E-05  1.333E-05  0.000E+00  Z
 0.000E+00  0.000E+00  0.000E+00  0.000E+00  0.000E+00  0.000E+00  0.000E+00  0.000E+00  0.000E+00  0.000E+00  0.000E+00  0.000E+00  0.000E+00  0.000E+00  0.000E+00  0.000E+00  0.000E+00  0.000E+00  0.000E+00  0.000E+00  0.000E+00  0.000E+00  0.000E+00  0.000E+00  0.000E+00  0.000E+00  0.000E+00  0.000E+00  0.000E+00  0.000E+00  0.000E+00  0.000E+00  0.000E+00  0.000E+00  0.000E+00  1.352E-05  1.334E-05  0.000E+00  0.000E+00  1.306E-05  0.000E+00  0.000E+00  0.000E+00  1.232E-05  1.203E-05  0.000E+00  1.204E-05  1.208E-05  1.168E-05  0.000E+00  0.000E+00  3.445E-05  1.138E-05  4.444E-05  3.341E-05  1.111E-05  3.249E-05  4.271E-05  6.421E-05  3.137E-05  7.341E-05  1.147E-04  7.250E-05  1.126E-04  1.010E-04  1.412E-04  1.494E-04  1.194E-04  1.876E-04  9.782E-05  1.946E-04  1.630E-04  1.438E-04  2.855E-04  2.086E-04  2.075E-04  2.900E-04  3.076E-04  2.937E-04  2.749E-04  3.735E-04  3.721E-04  4.489E-04  3.478E-04  4.273E-04  3.987E-04  3.787E-04  4.367E-04  3.905E-04  5.787E-04  5.150E-04  5.295E-04  6.197E-04  5.404E-04  6.051E-04  5.758E-04  5.089E-04  6.647E-04  4.836E-04  7.052E-04  6.583E-04  5.277E-04  6.048E-04  5.867E-04  6.484E-04  5.709E-04  6.024E-04  7.322E-04  7.598E-04  5.545E-04  6.126E-04  6.030E-04  6.350E-04  5.203E-04  4.749E-04  4.587E-04  5.594E-04  5.202E-04  4.185E-04  3.289E-04  5.154E-04  3.566E-04  3.165E-04  4.334E-04  3.668E-04  2.990E-04  3.793E-04  2.318E-04  3.311E-04  2.863E-04  2.210E-04  2.057E-04  1.775E-04  2.065E-04  1.621E-04  9.100E-05  1.411E-04  9.837E-05  1.469E-04  8.239E-05  7.587E-05  5.502E-05  8.274E-05  4.013E-05  6.109E-05  5.377E-05  5.402E-05  3.365E-05  2.667E-05  4.753E-05  2.009E-05  2.697E-05  0.000E+00  Z
 0.000E+00  0.000E+00  0.000E+00  0.000E+00  0.000E+00  0.000E+00  0.000E+00  0.000E+00  0.000E+00  0.000E+00  0.000E+00  0.000E+00  0.000E+00  0.000E+00  0.000E+00  0.000E+00  0.000E+00  0.000E+00  0.000E+00  0.000E+00  0.000E+00  0.000E+00  0.000E+00  0.000E+00  0.000E+00  0.000E+00  0.000E+00  0.000E+00  0.000E+00  0.000E+00  0.000E+00  0.000E+00  0.000E+00  0.000E+00  0.000E+00  0.000E+00  0.000E+00  1.346E-05  0.000E+00  1.286E-05  1.275E-05  0.000E+00  0.000E+00  0.000E+00  1.211E-05  1.199E-05  0.000E+00  0.000E+00  0.000E+00  2.350E-05  2.327E-05  1.160E-05  0.000E+00  2.238E-05  0.000E+00  3.314E-05  5.475E-05  3.234E-05  5.375E-05  5.257E-05  6.295E-05  1.356E-04  7.281E-05  8.196E-05  9.171E-05  7.128E-05  7.951E-05  1.493E-04  1.079E-04  1.570E-04  1.657E-04  1.345E-04  1.152E-04  2.188E-04  1.987E-04  2.908E-04  2.615E-04  1.948E-04  4.148E-04  3.212E-04  2.747E-04  3.434E-04  2.709E-04  3.490E-04  3.279E-04  3.719E-04  4.127E-04  5.502E-04  5.649E-04  5.691E-04  5.065E-04  4.692E-04  5.094E-04  3.466E-04  4.361E-04  6.040E-04  5.057E-04  5.625E-04  6.256E-04  5.976E-04  6.044E-04  5.530E-04  4.946E-04  4.980E-04  7.626E-04  6.061E-04  6.257E-04  4.798E-04  7.179E-04  8.097E-04  5.286E-04  6.981E-04  5.922E-04  5.046E-04  5.281E-04  5.188E-04  6.287E-04  5.590E-04  4.940E-04  4.035E-04  4.391E-04  4.605E-04  3.857E-04  4.734E-04  4.034E-04  3.642E-04  3.064E-04  4.195E-04  3.395E-04  2.805E-04  2.646E-04  2.015E-04  2.470E-04  1.699E-04  2.475E-04  1.191E-04  1.532E-04  7.666E-05  1.248E-04  1.448E-04  1.047E-04  7.562E-05  8.205E-05  1.095E-04  6.839E-05  4.069E-05  4.047E-05  3.373E-05  6.666E-05  4.695E-05  3.964E-05  3.292E-05  6.387E-06  2.035E-05  3.913E-05  1.284E-05  1.333E-05  1.979E-05  1.959E-05  0.000E+00  Z
 0.000E+00  0.000E+00  0.000E+00  0.000E+00  0.000E+00  0.000E+00  0.000E+00  0.000E+00  0.000E+00  0.000E+00  0.000E+00  0.000E+00  0.000E+00  0.000E+00  0.000E+00  0.000E+00  0.000E+00  0.000E+00  0.000E+00  0.000E+00  0.000E+00  0.000E+00  0.000E+00  0.000E+00  0.000E+00  0.000E+00  0.000E+00  0.000E+00  0.000E+00  0.000E+00  0.000E+00  0.000E+00  0.000E+00  0.000E+00  0.000E+00  0.000E+00  0.000E+00  0.000E+00  0.000E+00  2.591E-05  1.293E-05  0.000E+00  1.242E-05  1.243E-05  0.000E+00  1.214E-05  0.000E+00  1.172E-05  2.312E-05  2.323E-05  0.000E+00  3.455E-05  3.392E-05  5.621E-05  4.435E-05  3.274E-05  4.365E-05  9.709E-05  4.258E-05  9.544E-05  4.156E-05  6.296E-05  7.274E-05  7.124E-05  8.063E-05  6.102E-05  1.602E-04  5.989E-05  9.868E-05  1.854E-04  1.656E-04  1.934E-04  1.921E-04  2.478E-04  2.740E-04  1.682E-04  2.529E-04  3.528E-04  2.686E-04  3.285E-04  2.920E-04  2.813E-04  3.424E-04  2.943E-04  3.655E-04  3.709E-04  4.644E-04  4.631E-04  3.296E-04  5.090E-04  5.591E-04  6.159E-04  6.114E-04  5.428E-04  5.452E-04  6.442E-04  6.080E-04  7.061E-04  6.739E-04  6.974E-04  6.784E-04  7.054E-04  6.459E-04  6.511E-04  6.869E-04  7.306E-04  6.248E-04  6.565E-04  6.210E-04  6.960E-04  6.449E-04  7.023E-04  6.239E-04  6.068E-04  5.961E-04  6.092E-04  5.071E-04  5.193E-04  6.448E-04  5.820E-04  5.656E-04  4.543E-04  5.112E-04  4.865E-04  5.049E-04  3.502E-04  3.716E-04  3.275E-04  3.668E-04  3.099E-04  2.299E-04  2.218E-04  2.359E-04  2.827E-04  2.196E-04  2.531E-04  1.876E-04  1.738E-04  1.534E-04  1.533E-04  1.031E-04  1.031E-04  1.371E-04  4.809E-05  6.754E-05  1.144E-04  7.486E-05  2.684E-05  6.040E-05  2.681E-05  5.949E-05  1.976E-05  0.000E+00  Z
 0.000E+00  0.000E+00  0.000E+00  0.000E+00  0.000E+00  0.000E+00  0.000E+00  0.000E+00  0.000E+00  0.000E+00  0.000E+00  0.000E+00  0.000E+00  0.000E+00  0.000E+00  0.000E+00  0.000E+00  0.000E+00  0.000E+00  0.000E+00  0.000E+00  0.000E+00  0.000E+00  0.000E+00  0.000E+00  0.000E+00  0.000E+00  0.000E+00  0.000E+00  0.000E+00  0.000E+00  0.000E+00  0.000E+00  0.000E+00  1.411E-05  0.000E+00  0.000E+00  0.000E+00  0.000E+00  0.000E+00  0.000E+00  0.000E+00  5.015E-05  0.000E+00  0.000E+00  0.000E+00  1.189E-05  1.174E-05  1.184E-05  0.000E+00  1.132E-05  1.120E-05  0.000E+00  3.372E-05  0.000E+00  3.292E-05  3.292E-05  8.564E-05  1.067E-04  3.214E-05  5.223E-05  1.036E-04  5.167E-05  8.167E-05  9.108E-05  1.012E-04  1.005E-04  1.289E-04  9.843E-05  1.283E-04  1.557E-04  1.833E-04  1.822E-04  1.820E-04  2.458E-04  3.298E-04  2.614E-04  2.787E-04  3.602E-04  3.390E-04  3.280E-04  3.175E-04  3.680E-04  3.844E-04  4.975E-04  3.713E-04  4.371E-04  5.143E-04  5.308E-04  4.918E-04  5.919E-04  7.100E-04  5.941E-04  5.154E-04  4.808E-04  6.941E-04  6.498E-04  7.536E-04  6.580E-04  7.175E-04  7.654E-04  6.656E-04  4.611E-04  6.411E-04  4.777E-04  6.620E-04  6.895E-04  6.227E-04  6.499E-04  7.264E-04  6.773E-04  6.590E-04  8.231E-04  6.534E-04  6.817E-04  6.460E-04  6.505E-04  5.425E-04  5.180E-04  5.739E-04  6.713E-04  5.704E-04  5.168E-04  4.194E-04  4.392E-04  3.726E-04  4.138E-04  4.924E-04  4.023E-04  4.232E-04  3.224E-04  3.219E-04  2.487E-04  2.254E-04  2.337E-04  1.767E-04  1.825E-04  2.377E-04  1.809E-04  1.454E-04  1.440E-04  8.926E-05  8.965E-05  8.195E-05  5.420E-05  9.506E-05  1.286E-04  4.810E-05  4.651E-05  8.079E-05  6.671E-05  3.306E-05  2.671E-05  0.000E+00  Z
 0.000E+00  0.000E+00  0.000E+00  0.000E+00  0.000E+00  0.000E+00  0.000E+00  0.000E+00  0.000E+00  0.000E+00  0.000E+00  0.000E+00  0.000E+00  0.000E+00  0.000E+00  0.000E+00  0.000E+00  0.000E+00  0.000E+00  0.000E+00  0.000E+00  0.000E+00  0.000E+00  0.000E+00  0.000E+00  0.000E+00  0.000E+00  0.000E+00  0.000E+00  0.000E+00  0.000E+00  0.000E+00  0.000E+00  0.000E+00  0.000E+00  0.000E+00  0.000E+00  0.000E+00  1.315E-05  0.000E+00  0.000E+00  0.000E+00  0.000E+00  0.000E+00  2.461E-05  0.000E+00  0.000E+00  0.000E+00  1.158E-05  0.000E+00  2.299E-05  1.142E-05  1.134E-05  1.106E-05  3.306E-05  1.097E-05  9.799E-05  3.238E-05  7.492E-05  4.245E-05  9.509E-05  6.282E-05  7.245E-05  1.338E-04  1.114E-04  1.420E-04  1.301E-04  1.094E-04  1.383E-04  1.286E-04  1.854E-04  1.932E-04  2.318E-04  2.381E-04  2.567E-04  2.065E-04  2.978E-04  3.257E-04  3.589E-04  4.134E-04  3.186E-04  3.356E-04  4.311E-04  3.760E-04  4.352E-04  3.344E-04  6.271E-04  5.332E-04  4.428E-04  5.283E-04  5.499E-04  6.827E-04  5.614E-04  6.160E-04  6.388E-04  6.266E-04  6.564E-04  7.106E-04  7.574E-04  6.541E-04  6.544E-04  7.056E-04  6.770E-04  8.042E-04  8.482E-04  6.299E-04  6.717E-04  7.414E-04  6.027E-04  7.411E-04  7.404E-04  7.375E-04  7.150E-04  7.452E-04  6.267E-04  6.779E-04  7.129E-04  6.938E-04  6.299E-04  6.740E-04  5.345E-04  5.135E-04  5.174E-04  5.099E-04  4.467E-04  5.121E-04  4.001E-04  4.129E-04  4.098E-04  3.229E-04  2.519E-04  2.917E-04  2.270E-04  3.399E-04  2.325E-04  2.462E-04  2.308E-04  1.750E-04  3.002E-04  1.590E-04  1.380E-04  1.442E-04  1.097E-04  6.801E-05  8.185E-05  8.915E-05  8.086E-05  6.129E-05  4.012E-05  6.580E-05  5.351E-05  5.277E-05  3.295E-05  6.415E-06  3.918E-05  2.659E-05  1.980E-05  3.921E-05  1.965E-05  1.288E-05  1.294E-05  1.285E-05  6.617E-06  0.000E+00  Z
 0.000E+00  0.000E+00  0.000E+00  0.000E+00  0.000E+00  0.000E+00  0.000E+00  0.000E+00  0.000E+00  0.000E+00  0.000E+00  0.000E+00  0.000E+00  0.000E+00  0.000E+00  0.000E+00  0.000E+00  0.000E+00  0.000E+00  0.000E+00  0.000E+00  0.000E+00  0.000E+00  0.000E+00  0.000E+00  0.000E+00  0.000E+00  0.000E+00  0.000E+00  0.000E+00  0.000E+00  0.000E+00  0.000E+00  0.000E+00  0.000E+00  0.000E+00  0.000E+00  0.000E+00  0.000E+00  0.000E+00  0.000E+00  0.000E+00  0.000E+00  1.251E-05  1.223E-05  1.223E-05  0.000E+00  1.200E-05  1.186E-05  1.167E-05  1.166E-05  4.549E-05  2.264E-05  1.110E-05  1.100E-05  4.406E-05  2.192E-05  2.158E-05  6.377E-05  4.221E-05  3.176E-05  4.188E-05  8.269E-05  7.108E-05  1.120E-04  8.047E-05  1.392E-04  1.092E-04  1.279E-04  1.469E-04  1.646E-04  1.851E-04  1.625E-04  2.388E-04  2.363E-04  1.697E-04  2.425E-04  2.224E-04  2.942E-04  3.488E-04  3.556E-04  2.264E-04  3.958E-04  4.646E-04  4.194E-04  4.867E-04  4.836E-04  4.208E-04  6.258E-04  5.892E-04  5.484E-04  5.487E-04  6.119E-04  5.934E-04  7.481E-04  5.871E-04  7.002E-04  7.765E-04  7.247E-04  7.141E-04  8.096E-04  7.112E-04  7.100E-04  7.317E-04  7.609E-04  6.665E-04  7.037E-04  7.323E-04  8.087E-04  7.277E-04  8.212E-04  9.369E-04  8.257E-04  7.425E-04  7.362E-04  6.779E-04  5.701E-04  7.326E-04  6.296E-04  6.656E-04  7.024E-04  6.242E-04  6.567E-04  5.159E-04  5.201E-04  6.282E-04  4.291E-04  3.472E-04  3.670E-04  3.446E-04  4.144E-04  4.184E-04  3.030E-04  3.538E-04  2.196E-04  3.512E-04  2.454E-04  2.032E-04  2.421E-04  1.592E-04  1.232E-04  1.435E-04  2.047E-04  1.644E-04  1.636E-04  1.634E-04  6.752E-05  8.152E-05  6.752E-05  8.687E-05  5.339E-05  1.054E-04  5.322E-05  4.621E-05  4.603E-05  1.335E-05  3.304E-05  0.000E+00  Z
 0.000E+00  0.000E+00  0.000E+00  0.000E+00  0.000E+00  0.000E+00  0.000E+00  0.000E+00  0.000E+00  0.000E+00  0.000E+00  0.000E+00  0.000E+00  0.000E+00  0.000E+00  0.000E+00  0.000E+00  0.000E+00  0.000E+00  0.000E+00  0.000E+00  0.000E+00  0.000E+00  0.000E+00  0.000E+00  0.000E+00  0.000E+00  0.000E+00  0.000E+00  0.000E+00  0.000E+00  0.000E+00  0.000E+00  0.000E+00  0.000E+00  0.000E+00  0.000E+00  0.000E+00  1.333E-05  0.000E+00  0.000E+00  0.000E+00  0.000E+00  1.227E-05  0.000E+00  1.209E-05  3.583E-05  1.205E-05  1.188E-05  2.289E-05  1.130E-05  4.537E-05  1.133E-05  1.106E-05  4.449E-05  1.110E-05  3.294E-05  3.253E-05  7.491E-05  1.155E-04  6.353E-05  4.132E-05  8.210E-05  7.200E-05  1.622E-04  1.005E-04  1.007E-04  1.101E-04  8.791E-05  1.370E-04  2.142E-04  2.322E-04  1.533E-04  2.777E-04  2.456E-04  2.820E-04  2.714E-04  3.519E-04  2.857E-04  2.945E-04  4.365E-04  3.901E-04  4.225E-04  4.742E-04  3.842E-04  5.037E-04  4.757E-04  4.892E-04  6.102E-04  6.902E-04  6.965E-04  6.633E-04  6.396E-04  6.239E-04  5.543E-04  7.116E-04  7.538E-04  7.636E-04  7.489E-04  7.198E-04  9.555E-04  8.432E-04  7.991E-04  8.273E-04  8.553E-04  7.348E-04  7.804E-04  8.751E-04  7.620E-04  7.947E-04  7.637E-04  8.516E-04  8.465E-04  7.586E-04  8.409E-04  6.323E-04  7.625E-04  5.371E-04  6.362E-04  7.143E-04  6.020E-04  6.305E-04  7.081E-04  5.305E-04  5.859E-04  5.494E-04  5.082E-04  4.409E-04  5.030E-04  4.895E-04  3.651E-04  3.491E-04  4.130E-04  3.896E-04  3.312E-04  2.945E-04  2.720E-04  2.712E-04  1.991E-04  2.290E-04  1.994E-04  1.377E-04  1.649E-04  1.633E-04  1.440E-04  1.015E-04  1.015E-04  5.393E-05  8.044E-05  6.642E-05  7.967E-05  5.974E-05  3.950E-05  4.635E-05  1.980E-05  3.233E-05  4.622E-05  3.217E-05  1.298E-05  2.623E-05  2.605E-05  1.303E-05  1.258E-05  6.382E-06  0.000E+00  Z
 0.000E+00  0.000E+00  0.000E+00  0.000E+00  0.000E+00  0.000E+00  0.000E+00  0.000E+00  0.000E+00  0.000E+00  0.000E+00  0.000E+00  0.000E+00  0.000E+00  0.000E+00  0.000E+00  0.000E+00  0.000E+00  0.000E+00  0.000E+00  0.000E+00  0.000E+00  0.000E+00  0.000E+00  0.000E+00  0.000E+00  0.000E+00  0.000E+00  0.000E+00  0.000E+00  0.000E+00  0.000E+00  0.000E+00  0.000E+00  0.000E+00  0.000E+00  0.000E+00  0.000E+00  0.000E+00  0.000E+00  0.000E+00  0.000E+00  0.000E+00  0.000E+00  0.000E+00  1.220E-05  2.398E-05  2.399E-05  0.000E+00  4.594E-05  2.299E-05  0.000E+00  2.237E-05  2.219E-05  2.206E-05  0.000E+00  4.333E-05  6.462E-05  6.444E-05  3.168E-05  8.421E-05  5.281E-05  1.147E-04  1.944E-04  1.421E-04  1.215E-04  1.606E-04  1.396E-04  1.495E-04  2.157E-04  2.542E-04  1.647E-04  2.114E-04  2.284E-04  2.656E-04  2.533E-04  3.450E-04  2.506E-04  3.592E-04  4.407E-04  4.923E-04  5.154E-04  4.508E-04  4.384E-04  4.607E-04  4.617E-04  6.344E-04  5.511E-04  5.395E-04  5.115E-04  6.882E-04  5.904E-04  7.739E-04  8.697E-04  6.618E-04  6.606E-04  6.881E-04  8.112E-04  7.982E-04  8.261E-04  9.049E-04  9.525E-04  8.145E-04  8.659E-04  7.755E-04  9.014E-04  9.659E-04  9.857E-04  1.147E-03  9.923E-04  7.469E-04  8.063E-04  8.788E-04  8.898E-04  9.082E-04  9.544E-04  8.109E-04  9.105E-04  8.416E-04  7.989E-04  8.428E-04  7.475E-04  6.342E-04  6.605E-04  6.658E-04  6.845E-04  5.745E-04  5.423E-04  6.124E-04  6.125E-04  6.504E-04  5.836E-04  4.476E-04  4.170E-04  4.016E-04  3.603E-04  3.346E-04  3.357E-04  2.920E-04  2.569E-04  2.757E-04  2.903E-04  2.737E-04  1.564E-04  1.632E-04  1.639E-04  1.010E-04  1.146E-04  1.010E-04  9.918E-05  6.032E-05  6.655E-05  7.147E-05  7.279E-05  7.890E-05  3.988E-05  7.254E-05  3.918E-05  3.214E-05  1.948E-05  1.279E-05  2.536E-05  6.294E-06  6.316E-06  3.148E-05  0.000E+00  Z
 0.000E+00  0.000E+00  0.000E+00  0.000E+00  0.000E+00  0.000E+00  0.000E+00  0.000E+00  0.000E+00  0.000E+00  0.000E+00  0.000E+00  0.000E+00  0.000E+00  0.000E+00  0.000E+00  0.000E+00  0.000E+00  0.000E+00  0.000E+00  0.000E+00  0.000E+00  0.000E+00  0.000E+00  0.000E+00  0.000E+00  0.000E+00  0.000E+00  0.000E+00  0.000E+00  0.000E+00  0.000E+00  0.000E+00  0.000E+00  0.000E+00  0.000E+00  0.000E+00  0.000E+00  0.000E+00  0.000E+00  1.277E-05  0.000E+00  1.264E-05  0.000E+00  0.000E+00  1.219E-05  1.176E-05  2.373E-05  1.195E-05  1.159E-05  1.130E-05  2.268E-05  2.242E-05  2.247E-05  1.100E-05  3.276E-05  1.104E-05  5.344E-05  9.630E-05  9.507E-05  3.125E-05  4.175E-05  1.445E-04  7.171E-05  9.200E-05  9.091E-05  1.302E-04  1.897E-04  1.774E-04  1.648E-04  2.729E-04  2.898E-04  4.032E-04  2.664E-04  2.562E-04  2.911E-04  3.638E-04  3.256E-04  3.798E-04  3.390E-04  3.999E-04  4.690E-04  4.765E-04  5.429E-04  4.894E-04  6.256E-04  6.146E-04  6.019E-04  5.493E-04  7.254E-04  6.437E-04  8.287E-04  6.884E-04  8.212E-04  7.067E-04  6.782E-04  8.254E-04  1.202E-03  9.553E-04  8.367E-04  9.194E-04  1.136E-03  1.015E-03  1.115E-03  9.348E-04  9.225E-04  8.091E-04  9.859E-04  1.117E-03  1.134E-03  1.043E-03  1.117E-03  9.845E-04  9.293E-04  1.010E-03  1.058E-03  9.029E-04  1.005E-03  9.170E-04  7.415E-04  8.991E-04  8.284E-04  7.687E-04  7.858E-04  8.512E-04  8.296E-04  7.577E-04  5.935E-04  6.197E-04  7.022E-04  7.363E-04  5.700E-04  5.682E-04  6.100E-04  4.451E-04  5.693E-04  3.991E-04  5.230E-04  4.182E-04  3.471E-04  2.631E-04  2.533E-04  3.162E-04  3.296E-04  2.179E-04  2.794E-04  1.498E-04  1.351E-04  1.336E-04  1.473E-04  8.642E-05  1.202E-04  1.397E-04  4.589E-05  7.356E-05  3.937E-05  4.547E-05  5.866E-05  6.467E-05  3.313E-05  1.953E-05  2.559E-05  1.286E-05  6.178E-06  1.295E-05  0.000E+00  Z
 0.000E+00  0.000E+00  0.000E+00  0.000E+00  0.000E+00  0.000E+00  0.000E+00  0.000E+00  0.000E+00  0.000E+00  0.000E+00  0.000E+00  0.000E+00  0.000E+00  0.000E+00  0.000E+00  0.000E+00  0.000E+00  0.000E+00  0.000E+00  0.000E+00  0.000E+00  0.000E+00  0.000E+00  0.000E+00  0.000E+00  0.000E+00  0.000E+00  0.000E+00  0.000E+00  0.000E+00  0.000E+00  0.000E+00  0.000E+00  0.000E+00  0.000E+00  1.359E-05  0.000E+00  0.000E+00  0.000E+00  1.265E-05  0.000E+00  0.000E+00  0.000E+00  0.000E+00  1.228E-05  0.000E+00  2.415E-05  1.162E-05  1.161E-05  3.449E-05  5.694E-05  1.113E-05  1.142E-05  6.677E-05  2.169E-05  5.438E-05  4.279E-05  2.133E-05  1.058E-04  7.336E-05  1.035E-04  1.551E-04  1.128E-04  1.627E-04  1.304E-04  1.214E-04  1.397E-04  2.279E-04  1.470E-04  2.155E-04  2.404E-04  2.015E-04  2.190E-04  2.648E-04  3.033E-04  3.921E-04  4.451E-04  4.152E-04  3.401E-04  4.723E-04  4.325E-04  4.671E-04  6.608E-04  6.058E-04  5.495E-04  5.981E-04  7.348E-04  5.999E-04  6.282E-04  8.173E-04  8.310E-04  9.085E-04  9.883E-04  9.255E-04  6.943E-04  8.822E-04  8.275E-04  8.981E-04  1.163E-03  1.108E-03  1.013E-03  8.877E-04  1.143E-03  1.168E-03  1.089E-03  1.092E-03  9.687E-04  1.138E-03  1.196E-03  1.112E-03  1.123E-03  1.056E-03  1.149E-03  8.781E-04  1.225E-03  1.042E-03  1.098E-03  1.092E-03  1.183E-03  1.001E-03  1.011E-03  1.100E-03  7.562E-04  9.269E-04  9.509E-04  9.243E-04  9.789E-04  7.790E-04  6.980E-04  7.729E-04  6.674E-04  6.938E-04  5.513E-04  6.391E-04  5.112E-04  5.115E-04  4.537E-04  4.856E-04  3.688E-04  4.134E-04  2.843E-04  3.346E-04  2.940E-04  2.723E-04  1.959E-04  2.638E-04  2.290E-04  2.293E-04  2.284E-04  2.061E-04  1.591E-04  1.664E-04  1.126E-04  1.054E-04  1.055E-04  1.241E-04  7.195E-05  8.514E-05  9.714E-05  4.526E-05  4.478E-05  6.425E-05  3.858E-05  4.518E-05  1.851E-05  1.888E-05  6.085E-06  6.529E-06  6.048E-06  6.160E-06  6.212E-06  0.000E+00  Z
 0.000E+00  0.000E+00  0.000E+00  0.000E+00  0.000E+00  0.000E+00  0.000E+00  0.000E+00  0.000E+00  0.000E+00  0.000E+00  0.000E+00  0.000E+00  0.000E+00  0.000E+00  0.000E+00  0.000E+00  0.000E+00  0.000E+00  0.000E+00  0.000E+00  0.000E+00  0.000E+00  0.000E+00  0.000E+00  0.000E+00  0.000E+00  0.000E+00  0.000E+00  0.000E+00  0.000E+00  0.000E+00  0.000E+00  0.000E+00  0.000E+00  0.000E+00  0.000E+00  1.322E-05  0.000E+00  1.292E-05  0.000E+00  3.855E-05  0.000E+00  0.000E+00  0.000E+00  0.000E+00  1.178E-05  1.166E-05  2.381E-05  2.345E-05  4.642E-05  4.534E-05  3.392E-05  1.104E-05  5.491E-05  5.463E-05  3.270E-05  3.243E-05  5.390E-05  7.434E-05  8.284E-05  1.044E-04  1.340E-04  9.293E-05  1.735E-04  1.307E-04  1.703E-04  1.895E-04  2.065E-04  2.843E-04  1.851E-04  3.200E-04  2.678E-04  2.674E-04  3.325E-04  2.810E-04  3.724E-04  3.715E-04  4.059E-04  4.479E-04  5.191E-04  5.973E-04  5.848E-04  5.301E-04  6.284E-04  6.118E-04  4.748E-04  6.880E-04  7.120E-04  6.276E-04  9.465E-04  9.415E-04  9.018E-04  8.648E-04  8.898E-04  1.145E-03  1.014E-03  1.107E-03  1.030E-03  1.020E-03  1.225E-03  1.113E-03  1.330E-03  1.268E-03  1.330E-03  1.256E-03  1.291E-03  1.176E-03  1.371E-03  1.271E-03  1.472E-03  1.303E-03  1.293E-03  1.456E-03  1.199E-03  1.414E-03  1.357E-03  1.413E-03  1.336E-03  1.390E-03  1.424E-03  1.445E-03  1.227E-03  1.443E-03  1.262E-03  1.306E-03  1.159E-03  1.261E-03  9.728E-04  1.035E-03  1.040E-03  9.396E-04  7.050E-04  7.931E-04  1.005E-03  7.372E-04  9.163E-04  7.570E-04  6.189E-04  7.344E-04  6.404E-04  6.045E-04  4.942E-04  6.073E-04  4.304E-04  3.313E-04  4.598E-04  4.580E-04  4.030E-04  3.421E-04  3.323E-04  3.843E-04  2.244E-04  2.434E-04  1.901E-04  1.964E-04  2.167E-04  1.247E-04  1.557E-04  1.493E-04  8.368E-05  1.029E-04  3.825E-05  1.276E-04  8.861E-05  2.516E-05  3.130E-05  2.532E-05  2.534E-05  3.745E-05  2.493E-05  3.148E-05  2.475E-05  1.264E-05  2.479E-05  1.238E-05  6.173E-06  6.280E-06  1.254E-05  0.000E+00  Z
 0.000E+00  0.000E+00  0.000E+00  0.000E+00  0.000E+00  0.000E+00  0.000E+00  0.000E+00  0.000E+00  0.000E+00  0.000E+00  0.000E+00  0.000E+00  0.000E+00  0.000E+00  0.000E+00  0.000E+00  0.000E+00  0.000E+00  0.000E+00  0.000E+00  0.000E+00  0.000E+00  0.000E+00  0.000E+00  0.000E+00  0.000E+00  0.000E+00  0.000E+00  0.000E+00  0.000E+00  0.000E+00  0.000E+00  0.000E+00  0.000E+00  0.000E+00  0.000E+00  0.000E+00  1.321E-05  0.000E+00  1.278E-05  0.000E+00  0.000E+00  0.000E+00  1.218E-05  1.195E-05  4.779E-05  0.000E+00  1.160E-05  2.297E-05  3.504E-05  1.145E-05  3.385E-05  2.236E-05  1.114E-05  5.476E-05  6.527E-05  5.366E-05  7.472E-05  4.195E-05  8.420E-05  7.315E-05  8.228E-05  1.334E-04  1.625E-04  9.084E-05  2.199E-04  1.697E-04  2.669E-04  2.060E-04  1.943E-04  2.705E-04  2.203E-04  3.823E-04  2.850E-04  4.333E-04  4.023E-04  4.907E-04  4.046E-04  5.029E-04  4.559E-04  5.711E-04  5.584E-04  5.549E-04  5.082E-04  5.885E-04  7.017E-04  8.368E-04  9.816E-04  8.380E-04  1.013E-03  1.077E-03  1.052E-03  9.387E-04  8.382E-04  1.140E-03  1.106E-03  1.224E-03  1.285E-03  1.181E-03  1.370E-03  1.247E-03  1.293E-03  1.512E-03  1.451E-03  1.459E-03  1.488E-03  1.514E-03  1.567E-03  1.489E-03  1.531E-03  1.607E-03  1.894E-03  1.743E-03  1.580E-03  1.666E-03  1.696E-03  1.553E-03  1.578E-03  1.521E-03  1.482E-03  1.548E-03  1.535E-03  1.383E-03  1.651E-03  1.507E-03  1.525E-03  1.436E-03  1.564E-03  1.398E-03  1.424E-03  1.246E-03  1.264E-03  1.172E-03  1.112E-03  1.270E-03  1.260E-03  9.312E-04  1.085E-03  1.093E-03  9.460E-04  9.562E-04  7.893E-04  7.922E-04  7.492E-04  8.406E-04  7.346E-04  6.547E-04  5.503E-04  5.489E-04  4.801E-04  4.084E-04  4.354E-04  3.767E-04  3.359E-04  3.269E-04  3.141E-04  2.873E-04  2.000E-04  2.273E-04  1.599E-04  2.137E-04  1.548E-04  1.597E-04  1.285E-04  1.143E-04  1.206E-04  3.771E-05  1.079E-04  7.553E-05  6.759E-05  3.768E-05  3.665E-05  4.999E-05  3.043E-05  1.265E-05  1.863E-05  1.199E-05  3.125E-05  1.835E-05  1.819E-05  1.786E-05  0.000E+00  Z
 0.000E+00  0.000E+00  0.000E+00  0.000E+00  0.000E+00  0.000E+00  0.000E+00  0.000E+00  0.000E+00  0.000E+00  0.000E+00  0.000E+00  0.000E+00  0.000E+00  0.000E+00  0.000E+00  0.000E+00  0.000E+00  0.000E+00  0.000E+00  0.000E+00  0.000E+00  0.000E+00  0.000E+00  0.000E+00  0.000E+00  0.000E+00  0.000E+00  0.000E+00  0.000E+00  0.000E+00  0.000E+00  0.000E+00  0.000E+00  1.393E-05  0.000E+00  0.000E+00  0.000E+00  1.296E-05  0.000E+00  0.000E+00  1.282E-05  0.000E+00  0.000E+00  0.000E+00  0.000E+00  0.000E+00  0.000E+00  0.000E+00  0.000E+00  4.537E-05  2.275E-05  3.389E-05  2.230E-05  4.418E-05  1.073E-05  0.000E+00  1.061E-05  7.534E-05  7.418E-05  7.397E-05  1.250E-04  1.245E-04  1.845E-04  1.729E-04  2.112E-04  1.600E-04  2.478E-04  1.477E-04  2.732E-04  2.918E-04  2.705E-04  2.792E-04  3.329E-04  3.687E-04  4.221E-04  6.071E-04  5.384E-04  6.082E-04  6.052E-04  4.471E-04  5.588E-04  7.280E-04  7.431E-04  7.114E-04  8.754E-04  9.590E-04  8.381E-04  8.243E-04  8.889E-04  9.700E-04  1.044E-03  1.265E-03  1.065E-03  1.149E-03  1.321E-03  1.156E-03  1.183E-03  1.634E-03  1.464E-03  1.321E-03  1.325E-03  1.677E-03  1.652E-03  1.679E-03  1.609E-03  1.721E-03  1.872E-03  1.918E-03  1.611E-03  1.836E-03  1.998E-03  2.031E-03  1.963E-03  1.787E-03  2.129E-03  1.883E-03  1.728E-03  1.891E-03  1.795E-03  1.904E-03  1.878E-03  2.009E-03  1.696E-03  2.100E-03  1.886E-03  1.749E-03  1.769E-03  1.966E-03  2.000E-03  1.773E-03  1.766E-03  1.876E-03  1.764E-03  1.782E-03  1.485E-03  1.506E-03  1.491E-03  1.259E-03  1.312E-03  1.423E-03  1.201E-03  1.335E-03  1.237E-03  1.050E-03  1.086E-03  1.031E-03  8.202E-04  7.981E-04  9.762E-04  9.029E-04  8.296E-04  7.560E-04  6.191E-04  5.655E-04  5.370E-04  5.391E-04  6.139E-04  4.495E-04  4.333E-04  3.420E-04  3.480E-04  3.523E-04  2.684E-04  2.359E-04  2.481E-04  2.281E-04  1.950E-04  1.712E-04  1.198E-04  1.572E-04  1.745E-04  9.405E-05  1.250E-04  7.477E-05  6.232E-05  8.615E-05  7.365E-05  4.905E-05  3.617E-05  3.677E-05  0.000E+00  Z
 0.000E+00  0.000E+00  0.000E+00  0.000E+00  0.000E+00  0.000E+00  0.000E+00  0.000E+00  0.000E+00  0.000E+00  0.000E+00  0.000E+00  0.000E+00  0.000E+00  0.000E+00  0.000E+00  0.000E+00  0.000E+00  0.000E+00  0.000E+00  0.000E+00  0.000E+00  0.000E+00  0.000E+00  0.000E+00  0.000E+00  0.000E+00  0.000E+00  0.000E+00  0.000E+00  0.000E+00  0.000E+00  0.000E+00  0.000E+00  0.000E+00  0.000E+00  0.000E+00  0.000E+00  0.000E+00  0.000E+00  0.000E+00  0.000E+00  0.000E+00  1.250E-05  1.203E-05  0.000E+00  1.203E-05  1.161E-05  1.168E-05  2.338E-05  1.154E-05  2.279E-05  2.283E-05  3.322E-05  3.291E-05  4.397E-05  4.330E-05  9.729E-05  4.278E-05  1.068E-04  1.360E-04  1.355E-04  1.134E-04  9.195E-05  1.217E-04  1.715E-04  2.018E-04  2.797E-04  2.268E-04  3.138E-04  1.943E-04  2.602E-04  3.360E-04  3.614E-04  3.228E-04  4.418E-04  4.783E-04  3.991E-04  5.166E-04  5.773E-04  7.382E-04  5.795E-04  6.213E-04  8.055E-04  7.045E-04  7.882E-04  8.521E-04  8.400E-04  9.126E-04  8.024E-04  1.027E-03  1.060E-03  1.175E-03  1.234E-03  1.179E-03  1.415E-03  1.322E-03  1.432E-03  1.504E-03  1.454E-03  1.464E-03  1.492E-03  1.508E-03  1.784E-03  1.630E-03  1.767E-03  2.066E-03  1.953E-03  1.955E-03  1.972E-03  1.943E-03  2.064E-03  2.020E-03  2.260E-03  2.283E-03  2.134E-03  2.089E-03  1.971E-03  2.098E-03  2.366E-03  2.024E-03  2.305E-03  2.153E-03  2.419E-03  2.002E-03  2.109E-03  2.214E-03  2.102E-03  1.980E-03  2.062E-03  2.010E-03  2.056E-03  2.001E-03  1.992E-03  2.252E-03  1.727E-03  1.892E-03  1.618E-03  1.647E-03  1.851E-03  1.532E-03  1.425E-03  1.721E-03  1.327E-03  1.389E-03  1.416E-03  1.308E-03  1.056E-03  1.194E-03  1.228E-03  1.047E-03  9.433E-04  8.947E-04  1.093E-03  8.105E-04  7.798E-04  8.222E-04  5.811E-04  7.585E-04  5.969E-04  5.373E-04  4.267E-04  4.935E-04  4.341E-04  4.403E-04  4.331E-04  3.431E-04  2.844E-04  2.010E-04  1.700E-04  1.619E-04  2.125E-04  1.506E-04  1.731E-04  1.561E-04  1.686E-04  1.167E-04  5.555E-05  5.473E-05  6.130E-05  7.983E-05  4.190E-05  4.785E-05  1.825E-05  4.221E-05  4.202E-05  2.987E-05  3.580E-05  5.801E-06  1.746E-05  1.200E-05  1.776E-05  0.000E+00  Z
 0.000E+00  0.000E+00  0.000E+00  0.000E+00  0.000E+00  0.000E+00  0.000E+00  0.000E+00  0.000E+00  0.000E+00  0.000E+00  0.000E+00  0.000E+00  0.000E+00  0.000E+00  0.000E+00  0.000E+00  0.000E+00  0.000E+00  0.000E+00  0.000E+00  0.000E+00  0.000E+00  0.000E+00  0.000E+00  0.000E+00  0.000E+00  0.000E+00  0.000E+00  0.000E+00  1.464E-05  0.000E+00  0.000E+00  0.000E+00  0.000E+00  0.000E+00  0.000E+00  0.000E+00  0.000E+00  0.000E+00  0.000E+00  0.000E+00  0.000E+00  1.232E-05  6.149E-05  0.000E+00  2.396E-05  1.181E-05  1.151E-05  1.174E-05  3.441E-05  2.283E-05  6.842E-05  2.220E-05  5.561E-05  5.489E-05  8.675E-05  3.222E-05  1.177E-04  9.562E-05  1.685E-04  7.286E-05  9.309E-05  1.627E-04  2.550E-04  1.006E-04  2.908E-04  2.089E-04  2.177E-04  2.162E-04  2.634E-04  3.587E-04  3.159E-04  3.736E-04  3.215E-04  5.179E-04  4.016E-04  4.648E-04  6.741E-04  6.434E-04  7.105E-04  6.897E-04  7.206E-04  7.062E-04  6.218E-04  1.032E-03  1.007E-03  1.015E-03  1.172E-03  1.019E-03  1.262E-03  1.106E-03  1.338E-03  1.418E-03  1.527E-03  1.446E-03  1.515E-03  1.432E-03  1.548E-03  1.674E-03  1.707E-03  1.654E-03  1.913E-03  1.728E-03  1.828E-03  2.101E-03  2.235E-03  2.080E-03  2.382E-03  2.223E-03  2.186E-03  2.333E-03  2.521E-03  2.579E-03  2.629E-03  2.584E-03  2.364E-03  2.643E-03  2.373E-03  2.462E-03  2.759E-03  2.742E-03  2.805E-03  2.723E-03  2.588E-03  2.341E-03  2.802E-03  2.657E-03  2.826E-03  2.385E-03  2.841E-03  2.537E-03  2.595E-03  2.591E-03  2.409E-03  2.348E-03  2.402E-03  2.211E-03  2.501E-03  2.067E-03  2.229E-03  2.125E-03  2.098E-03  2.047E-03  2.012E-03  1.894E-03  1.783E-03  1.576E-03  1.654E-03  1.679E-03  1.547E-03  1.473E-03  1.442E-03  1.369E-03  1.337E-03  1.084E-03  1.406E-03  1.162E-03  9.620E-04  1.000E-03  9.375E-04  7.852E-04  8.484E-04  8.323E-04  5.542E-04  5.474E-04  6.129E-04  5.368E-04  4.532E-04  3.807E-04  3.932E-04  3.739E-04  3.299E-04  3.163E-04  2.912E-04  2.153E-04  2.276E-04  1.608E-04  1.950E-04  1.281E-04  1.766E-04  1.217E-04  8.455E-05  1.089E-04  5.445E-05  5.483E-05  7.111E-05  5.375E-05  5.427E-05  3.602E-05  2.978E-05  2.927E-05  2.362E-05  1.751E-05  2.354E-05  1.768E-05  5.684E-06  5.855E-06  5.601E-06  5.781E-06  5.651E-06  1.723E-05  0.000E+00  Z
 0.000E+00  0.000E+00  0.000E+00  0.000E+00  0.000E+00  0.000E+00  0.000E+00  0.000E+00  0.000E+00  0.000E+00  0.000E+00  0.000E+00  0.000E+00  0.000E+00  0.000E+00  0.000E+00  0.000E+00  0.000E+00  0.000E+00  0.000E+00  0.000E+00  0.000E+00  0.000E+00  0.000E+00  0.000E+00  0.000E+00  0.000E+00  0.000E+00  0.000E+00  0.000E+00  0.000E+00  0.000E+00  0.000E+00  0.000E+00  0.000E+00  0.000E+00  0.000E+00  0.000E+00  1.328E-05  0.000E+00  1.296E-05  2.515E-05  0.000E+00  1.224E-05  0.000E+00  2.404E-05  1.216E-05  0.000E+00  1.185E-05  1.142E-05  2.275E-05  2.273E-05  3.349E-05  4.423E-05  3.271E-05  4.336E-05  6.576E-05  8.573E-05  7.427E-05  7.399E-05  1.472E-04  1.463E-04  2.060E-04  2.067E-04  1.520E-04  1.412E-04  2.804E-04  1.694E-04  2.573E-04  3.138E-04  3.905E-04  3.283E-04  4.024E-04  3.348E-04  5.390E-04  4.901E-04  7.109E-04  5.851E-04  6.003E-04  6.514E-04  6.646E-04  7.690E-04  6.948E-04  8.661E-04  8.455E-04  9.001E-04  9.053E-04  1.159E-03  1.183E-03  1.305E-03  1.290E-03  1.281E-03  1.276E-03  1.283E-03  1.387E-03  1.617E-03  1.367E-03  1.630E-03  1.818E-03  1.667E-03  1.766E-03  1.732E-03  1.939E-03  2.260E-03  2.123E-03  2.180E-03  2.194E-03  2.093E-03  2.084E-03  2.388E-03  2.428E-03  2.150E-03  2.674E-03  2.578E-03  2.934E-03  2.686E-03  2.666E-03  2.745E-03  2.547E-03  2.568E-03  2.785E-03  2.889E-03  3.301E-03  2.734E-03  2.978E-03  2.927E-03  3.205E-03  2.803E-03  3.029E-03  2.900E-03  2.842E-03  2.654E-03  2.748E-03  2.811E-03  2.813E-03  2.726E-03  2.692E-03  2.513E-03  2.591E-03  2.640E-03  2.589E-03  2.439E-03  2.527E-03  2.205E-03  2.348E-03  2.289E-03  2.163E-03  1.955E-03  1.990E-03  1.971E-03  1.865E-03  1.682E-03  1.804E-03  1.745E-03  1.514E-03  1.495E-03  1.527E-03  1.466E-03  1.435E-03  1.323E-03  1.262E-03  1.163E-03  1.055E-03  9.057E-04  7.965E-04  8.559E-04  8.430E-04  7.087E-04  5.926E-04  6.159E-04  6.058E-04  5.946E-04  4.606E-04  4.341E-04  4.647E-04  3.412E-04  3.337E-04  3.439E-04  3.192E-04  1.890E-04  2.298E-04  1.630E-04  2.244E-04  1.866E-04  1.253E-04  1.014E-04  1.332E-04  9.029E-05  1.204E-04  5.835E-05  7.140E-05  5.334E-05  2.941E-05  7.110E-05  4.689E-05  1.183E-05  3.504E-05  2.873E-05  1.162E-05  1.166E-05  1.163E-05  0.000E+00  Z
 0.000E+00  0.000E+00  0.000E+00  0.000E+00  0.000E+00  0.000E+00  0.000E+00  0.000E+00  0.000E+00  0.000E+00  0.000E+00  0.000E+00  0.000E+00  0.000E+00  0.000E+00  0.000E+00  0.000E+00  0.000E+00  0.000E+00  0.000E+00  0.000E+00  0.000E+00  0.000E+00  0.000E+00  0.000E+00  0.000E+00  0.000E+00  0.000E+00  0.000E+00  0.000E+00  0.000E+00  0.000E+00  0.000E+00  0.000E+00  0.000E+00  0.000E+00  0.000E+00  0.000E+00  0.000E+00  0.000E+00  0.000E+00  0.000E+00  0.000E+00  1.223E-05  0.000E+00  1.193E-05  1.205E-05  0.000E+00  0.000E+00  0.000E+00  4.570E-05  6.839E-05  4.493E-05  4.489E-05  2.200E-05  5.447E-05  2.175E-05  1.188E-04  7.500E-05  1.057E-04  1.478E-04  1.354E-04  8.232E-05  1.132E-04  1.018E-04  1.819E-04  2.110E-04  1.780E-04  1.873E-04  2.655E-04  3.878E-04  3.482E-04  3.169E-04  4.295E-04  4.650E-04  4.133E-04  5.034E-04  6.973E-04  8.483E-04  6.120E-04  7.196E-04  7.716E-04  8.464E-04  8.682E-04  9.960E-04  1.104E-03  9.665E-04  9.965E-04  9.900E-04  1.366E-03  1.377E-03  1.225E-03  1.422E-03  1.515E-03  1.570E-03  1.630E-03  1.738E-03  1.672E-03  1.671E-03  2.082E-03  1.963E-03  1.890E-03  1.972E-03  2.064E-03  2.152E-03  2.618E-03  2.347E-03  2.436E-03  2.709E-03  2.765E-03  2.753E-03  2.909E-03  2.751E-03  3.020E-03  3.036E-03  2.763E-03  3.114E-03  2.966E-03  3.301E-03  3.243E-03  3.178E-03  3.438E-03  3.331E-03  3.260E-03  3.147E-03  3.410E-03  3.612E-03  3.555E-03  3.338E-03  3.517E-03  3.402E-03  3.397E-03  3.455E-03  3.542E-03  3.325E-03  3.300E-03  3.152E-03  3.169E-03  3.362E-03  3.197E-03  2.984E-03  3.342E-03  3.042E-03  2.989E-03  2.845E-03  2.937E-03  2.740E-03  2.643E-03  2.670E-03  2.702E-03  2.704E-03  2.507E-03  2.426E-03  2.363E-03  2.028E-03  2.015E-03  1.997E-03  2.118E-03  1.928E-03  1.969E-03  1.724E-03  1.615E-03  1.689E-03  1.301E-03  1.399E-03  1.163E-03  1.236E-03  1.083E-03  9.235E-04  8.421E-04  9.731E-04  8.989E-04  8.083E-04  6.348E-04  7.128E-04  6.576E-04  5.154E-04  6.092E-04  4.350E-04  4.935E-04  4.231E-04  3.591E-04  2.961E-04  2.731E-04  2.830E-04  2.103E-04  1.545E-04  1.377E-04  1.130E-04  1.301E-04  1.307E-04  1.359E-04  1.055E-04  9.446E-05  5.229E-05  5.904E-05  4.108E-05  4.049E-05  2.364E-05  4.602E-05  3.486E-05  2.295E-05  1.183E-05  0.000E+00  Z
 0.000E+00  0.000E+00  0.000E+00  0.000E+00  0.000E+00  0.000E+00  0.000E+00  0.000E+00  0.000E+00  0.000E+00  0.000E+00  0.000E+00  0.000E+00  0.000E+00  0.000E+00  0.000E+00  0.000E+00  0.000E+00  0.000E+00  0.000E+00  0.000E+00  0.000E+00  0.000E+00  0.000E+00  0.000E+00  0.000E+00  0.000E+00  0.000E+00  0.000E+00  0.000E+00  0.000E+00  0.000E+00  0.000E+00  0.000E+00  0.000E+00  0.000E+00  0.000E+00  0.000E+00  0.000E+00  0.000E+00  0.000E+00  0.000E+00  0.000E+00  1.235E-05  1.212E-05  0.000E+00  1.222E-05  2.384E-05  0.000E+00  5.843E-05  1.146E-05  1.130E-05  3.406E-05  4.482E-05  4.442E-05  9.765E-05  6.584E-05  9.665E-05  9.595E-05  9.513E-05  8.415E-05  1.970E-04  7.257E-05  1.122E-04  1.730E-04  1.819E-04  2.001E-04  2.998E-04  3.362E-04  2.646E-04  3.519E-04  3.089E-04  3.744E-04  4.860E-04  4.355E-04  4.602E-04  5.524E-04  5.656E-04  6.654E-04  7.052E-04  7.199E-04  8.264E-04  9.437E-04  9.923E-04  1.023E-03  9.629E-04  1.105E-03  1.129E-03  1.153E-03  1.345E-03  1.301E-03  1.327E-03  1.500E-03  1.438E-03  1.725E-03  1.693E-03  1.930E-03  1.952E-03  2.020E-03  2.130E-03  2.189E-03  2.323E-03  2.414E-03  2.121E-03  2.415E-03  2.704E-03  2.866E-03  2.919E-03  2.935E-03  3.262E-03  2.889E-03  2.765E-03  3.304E-03  3.114E-03  3.283E-03  3.538E-03  3.430E-03  3.687E-03  3.562E-03  3.460E-03  3.655E-03  3.702E-03  3.644E-03  3.638E-03  3.939E-03  3.928E-03  3.917E-03  3.813E-03  3.792E-03  4.087E-03  3.755E-03  3.902E-03  3.614E-03  4.288E-03  3.700E-03  4.301E-03  3.895E-03  3.981E-03  4.129E-03  3.701E-03  3.951E-03  3.463E-03  3.775E-03  3.805E-03  3.850E-03  3.861E-03  3.608E-03  3.782E-03  3.466E-03  3.245E-03  3.493E-03  3.530E-03  3.102E-03  3.051E-03  2.964E-03  2.974E-03  3.034E-03  2.889E-03  2.852E-03  2.327E-03  2.424E-03  2.528E-03  2.144E-03  2.308E-03  2.209E-03  1.877E-03  1.947E-03  1.767E-03  1.827E-03  1.584E-03  1.543E-03  1.291E-03  1.412E-03  1.207E-03  1.177E-03  9.914E-04  1.169E-03  9.540E-04  8.091E-04  7.324E-04  7.923E-04  6.835E-04  7.099E-04  4.585E-04  5.833E-04  4.664E-04  4.372E-04  3.767E-04  3.035E-04  3.703E-04  3.324E-04  2.846E-04  1.593E-04  2.052E-04  1.456E-04  1.524E-04  1.165E-04  1.285E-04  1.213E-04  1.328E-04  1.165E-04  7.578E-05  5.143E-05  1.068E-04  8.067E-05  5.046E-05  4.602E-05  1.730E-05  1.728E-05  1.109E-05  1.693E-05  1.131E-05  1.133E-05  5.675E-06  1.143E-05  1.686E-05  0.000E+00  Z
