nu_l
Z
Z
Z
Z
Z
Z
Z
Z
Z
 0.000E+00  0.000E+00  0.000E+00  0.000E+00  0.000E+00  0.000E+00  0.000E+00  0.000E+00  0.000E+00  0.000E+00  0.000E+00  0.000E+00  0.000E+00  0.000E+00  0.000E+00  0.000E+00  0.000E+00  0.000E+00  0.000E+00  0.000E+00  0.000E+00  0.000E+00  0.000E+00  1.665E-05  0.000E+00  0.000E+00  0.000E+00  1.570E-05  0.000E+00  0.000E+00  1.501E-05  0.000E+00  0.000E+00  0.000E+00  1.386E-05  1.382E-05  0.000E+00  0.000E+00  1.331E-05  5.211E-05  5.189E-05  2.551E-05  5.017E-05  3.733E-05  3.704E-05  6.020E-05  1.080E-04  2.350E-05  8.216E-05  5.828E-05  6.949E-05  7.928E-05  5.654E-05  3.383E-05  1.112E-04  4.398E-05  1.198E-04  1.076E-04  6.408E-05  7.339E-05  1.364E-04  7.309E-05  4.167E-05  7.222E-05  7.097E-05  5.031E-05  7.059E-05  1.985E-05  1.288E-04  8.783E-05  9.719E-05  5.762E-05  1.349E-04  1.053E-04  1.231E-04  1.215E-04  1.225E-04  1.300E-04  5.506E-05  1.007E-04  1.546E-04  1.083E-04  1.092E-04  7.141E-05  1.152E-04  1.498E-04  1.048E-04  4.421E-05  1.134E-04  7.756E-05  6.019E-05  6.865E-05  5.985E-05  3.377E-05  4.169E-05  8.446E-06  1.674E-05  1.643E-05  8.188E-06  2.448E-05  0.000E+00  Z
 0.000E+00  0.000E+00  0.000E+00  0.000E+00  0.000E+00  0.000E+00  0.000E+00  0.000E+00  0.000E+00  0.000E+00  0.000E+00  0.000E+00  0.000E+00  0.000E+00  0.000E+00  0.000E+00  0.000E+00  3.921E-05  0.000E+00  3.696E-05  7.266E-05  7.027E-05  5.193E-05  8.418E-05  1.486E-04  2.267E-04  2.694E-04  3.269E-04  4.898E-04  8.131E-04  7.242E-04  9.031E-04  1.332E-03  1.808E-03  2.130E-03  2.855E-03  3.882E-03  4.764E-03  6.310E-03  8.038E-03  9.074E-03  1.135E-02  1.352E-02  1.564E-02  1.752E-02  1.972E-02  2.142E-02  2.315E-02  2.567E-02  2.643E-02  2.973E-02  3.131E-02  3.350E-02  3.312E-02  3.575E-02  3.612E-02  3.746E-02  3.782E-02  3.721E-02  3.939E-02  3.850E-02  3.994E-02  3.852E-02  3.910E-02  3.988E-02  3.795E-02  3.700E-02  3.794E-02  3.696E-02  3.668E-02  3.663E-02  3.457E-02  3.393E-02  3.307E-02  3.435E-02  3.266E-02  3.256E-02  3.080E-02  3.050E-02  3.007E-02  2.976E-02  2.854E-02  2.762E-02  2.677E-02  2.563E-02  2.442E-02  2.299E-02  2.196E-02  2.057E-02  1.879E-02  1.856E-02  1.648E-02  1.542E-02  1.501E-02  1.302E-02  1.207E-02  1.064E-02  9.508E-03  9.420E-03  8.165E-03  7.573E-03  6.983E-03  5.552E-03  5.373E-03  5.177E-03  4.624E-03  3.761E-03  3.439E-03  3.147E-03  2.951E-03  2.383E-03  1.928E-03  2.114E-03  1.649E-03  1.254E-03  1.151E-03  8.582E-04  9.286E-04  6.230E-04  3.969E-04  4.230E-04  2.966E-04  2.432E-04  1.909E-04  1.759E-04  8.813E-05  5.138E-05  5.816E-05  7.266E-06  3.604E-05  1.443E-05  2.125E-05  1.406E-05  7.233E-06  7.228E-06  0.000E+00  Z
 0.000E+00  0.000E+00  0.000E+00  0.000E+00  0.000E+00  0.000E+00  0.000E+00  0.000E+00  0.000E+00  0.000E+00  0.000E+00  0.000E+00  0.000E+00  0.000E+00  0.000E+00  0.000E+00  2.011E-05  0.000E+00  1.923E-05  0.000E+00  3.618E-05  3.484E-05  8.545E-05  5.070E-05  1.483E-04  9.723E-05  2.376E-04  2.493E-04  5.366E-04  4.057E-04  6.202E-04  7.724E-04  9.476E-04  1.597E-03  1.684E-03  2.399E-03  2.896E-03  3.948E-03  4.929E-03  6.018E-03  7.207E-03  8.284E-03  1.072E-02  1.219E-02  1.382E-02  1.506E-02  1.696E-02  1.807E-02  2.075E-02  2.268E-02  2.417E-02  2.561E-02  2.699E-02  2.812E-02  2.973E-02  3.089E-02  3.273E-02  3.153E-02  3.273E-02  3.373E-02  3.368E-02  3.410E-02  3.448E-02  3.450E-02  3.409E-02  3.414E-02  3.348E-02  3.360E-02  3.344E-02  3.396E-02  3.356E-02  3.192E-02  3.216E-02  3.074E-02  3.101E-02  2.974E-02  2.984E-02  2.963E-02  2.853E-02  2.800E-02  2.845E-02  2.774E-02  2.719E-02  2.619E-02  2.494E-02  2.357E-02  2.367E-02  2.279E-02  2.213E-02  2.057E-02  2.039E-02  1.904E-02  1.849E-02  1.700E-02  1.681E-02  1.551E-02  1.484E-02  1.419E-02  1.322E-02  1.275E-02  1.171E-02  1.126E-02  1.052E-02  1.035E-02  9.077E-03  9.027E-03  7.746E-03  7.664E-03  7.266E-03  6.985E-03  6.324E-03  5.689E-03  5.298E-03  5.114E-03  5.022E-03  4.052E-03  4.028E-03  3.599E-03  3.374E-03  2.941E-03  2.564E-03  2.248E-03  2.182E-03  2.015E-03  1.773E-03  1.757E-03  1.432E-03  1.246E-03  9.288E-04  1.015E-03  9.779E-04  8.187E-04  7.839E-04  6.726E-04  5.355E-04  3.630E-04  4.293E-04  4.029E-04  3.545E-04  2.625E-04  2.011E-04  1.995E-04  1.233E-04  7.500E-05  1.022E-04  8.110E-05  3.394E-05  3.386E-05  1.389E-05  1.359E-05  1.986E-05  6.464E-06  6.857E-06  1.335E-05  6.673E-06  0.000E+00  Z
 0.000E+00  0.000E+00  0.000E+00  0.000E+00  0.000E+00  0.000E+00  0.000E+00  0.000E+00  0.000E+00  0.000E+00  0.000E+00  0.000E+00  0.000E+00  0.000E+00  0.000E+00  0.000E+00  0.000E+00  1.932E-05  1.884E-05  3.680E-05  5.447E-05  1.764E-05  0.000E+00  6.712E-05  6.567E-05  2.109E-04  1.903E-04  2.175E-04  3.236E-04  5.576E-04  5.454E-04  6.679E-04  7.604E-04  9.178E-04  1.376E-03  1.796E-03  2.165E-03  3.324E-03  3.557E-03  5.406E-03  5.778E-03  7.346E-03  8.566E-03  1.055E-02  1.219E-02  1.368E-02  1.451E-02  1.567E-02  1.756E-02  1.917E-02  2.251E-02  2.269E-02  2.461E-02  2.607E-02  2.717E-02  2.705E-02  2.956E-02  2.930E-02  3.017E-02  3.209E-02  3.208E-02  3.331E-02  3.331E-02  3.377E-02  3.251E-02  3.235E-02  3.273E-02  3.239E-02  3.249E-02  3.321E-02  3.341E-02  3.131E-02  3.112E-02  3.043E-02  3.077E-02  3.112E-02  2.888E-02  2.929E-02  2.794E-02  2.824E-02  2.732E-02  2.770E-02  2.685E-02  2.637E-02  2.567E-02  2.533E-02  2.389E-02  2.209E-02  2.289E-02  2.211E-02  2.171E-02  2.016E-02  1.919E-02  1.827E-02  1.741E-02  1.672E-02  1.502E-02  1.569E-02  1.440E-02  1.340E-02  1.376E-02  1.226E-02  1.143E-02  1.096E-02  9.979E-03  9.552E-03  9.219E-03  8.678E-03  8.120E-03  7.634E-03  7.437E-03  6.732E-03  5.891E-03  5.804E-03  5.489E-03  5.024E-03  5.187E-03  4.710E-03  4.373E-03  3.874E-03  3.814E-03  3.434E-03  3.173E-03  2.897E-03  2.738E-03  2.386E-03  2.502E-03  2.218E-03  2.323E-03  1.936E-03  1.949E-03  1.863E-03  1.598E-03  1.362E-03  1.274E-03  1.181E-03  1.110E-03  1.041E-03  8.519E-04  7.215E-04  6.488E-04  6.318E-04  4.259E-04  4.863E-04  3.537E-04  3.463E-04  3.226E-04  3.029E-04  2.551E-04  1.807E-04  1.796E-04  1.602E-04  1.248E-04  1.381E-04  7.849E-05  7.875E-05  8.555E-05  6.472E-05  6.512E-05  4.501E-05  3.204E-05  3.184E-05  1.308E-05  1.251E-05  1.261E-05  6.273E-06  0.000E+00  Z
 0.000E+00  0.000E+00  0.000E+00  0.000E+00  0.000E+00  0.000E+00  0.000E+00  0.000E+00  0.000E+00  0.000E+00  0.000E+00  0.000E+00  0.000E+00  0.000E+00  2.155E-05  0.000E+00  1.991E-05  0.000E+00  3.788E-05  0.000E+00  0.000E+00  3.520E-05  1.728E-05  1.011E-04  3.321E-05  1.133E-04  9.506E-05  1.400E-04  2.747E-04  3.011E-04  4.289E-04  5.960E-04  7.592E-04  1.046E-03  1.406E-03  1.960E-03  2.123E-03  2.774E-03  3.529E-03  4.314E-03  5.698E-03  6.680E-03  7.434E-03  9.273E-03  1.075E-02  1.218E-02  1.437E-02  1.442E-02  1.723E-02  1.803E-02  1.947E-02  2.092E-02  2.171E-02  2.376E-02  2.504E-02  2.676E-02  2.858E-02  2.839E-02  2.914E-02  3.001E-02  3.050E-02  3.039E-02  3.221E-02  3.229E-02  3.198E-02  3.141E-02  3.380E-02  3.122E-02  3.252E-02  3.220E-02  3.248E-02  3.133E-02  3.093E-02  3.000E-02  3.146E-02  2.993E-02  2.938E-02  2.917E-02  2.913E-02  2.724E-02  2.720E-02  2.719E-02  2.666E-02  2.669E-02  2.551E-02  2.485E-02  2.453E-02  2.414E-02  2.319E-02  2.205E-02  2.116E-02  2.079E-02  1.954E-02  1.906E-02  1.768E-02  1.673E-02  1.637E-02  1.581E-02  1.467E-02  1.442E-02  1.429E-02  1.249E-02  1.279E-02  1.127E-02  1.095E-02  1.019E-02  9.883E-03  9.443E-03  8.527E-03  8.537E-03  8.065E-03  7.306E-03  6.853E-03  6.601E-03  5.564E-03  5.687E-03  5.245E-03  4.958E-03  4.855E-03  4.560E-03  4.497E-03  4.228E-03  3.822E-03  3.226E-03  3.321E-03  3.194E-03  2.671E-03  2.825E-03  2.296E-03  2.362E-03  2.391E-03  1.826E-03  1.934E-03  1.918E-03  1.517E-03  1.393E-03  1.422E-03  1.193E-03  1.239E-03  9.112E-04  9.740E-04  7.832E-04  7.130E-04  8.010E-04  6.325E-04  6.026E-04  4.932E-04  5.796E-04  4.430E-04  3.825E-04  3.068E-04  2.989E-04  2.315E-04  3.169E-04  1.917E-04  1.310E-04  1.965E-04  1.952E-04  1.433E-04  1.625E-04  1.035E-04  8.344E-05  7.725E-05  5.721E-05  5.773E-05  4.502E-05  3.144E-05  1.892E-05  3.145E-05  3.137E-05  3.798E-05  1.872E-05  0.000E+00  Z
 0.000E+00  0.000E+00  0.000E+00  0.000E+00  0.000E+00  0.000E+00  0.000E+00  0.000E+00  0.000E+00  0.000E+00  0.000E+00  0.000E+00  0.000E+00  0.000E+00  0.000E+00  0.000E+00  0.000E+00  1.939E-05  1.880E-05  1.846E-05  0.000E+00  3.515E-05  1.713E-05  5.031E-05  1.155E-04  1.127E-04  1.426E-04  2.028E-04  1.676E-04  3.607E-04  3.099E-04  5.961E-04  7.158E-04  9.881E-04  1.156E-03  1.576E-03  1.976E-03  2.720E-03  3.621E-03  4.238E-03  5.007E-03  6.485E-03  7.224E-03  9.363E-03  1.016E-02  1.167E-02  1.311E-02  1.480E-02  1.653E-02  1.788E-02  1.986E-02  2.198E-02  2.262E-02  2.397E-02  2.598E-02  2.615E-02  2.684E-02  2.796E-02  2.867E-02  2.958E-02  3.086E-02  3.087E-02  3.113E-02  3.097E-02  3.138E-02  3.115E-02  3.215E-02  3.289E-02  3.239E-02  3.129E-02  3.256E-02  3.200E-02  3.118E-02  3.079E-02  2.930E-02  2.996E-02  3.003E-02  2.866E-02  2.942E-02  2.785E-02  2.727E-02  2.854E-02  2.731E-02  2.579E-02  2.520E-02  2.498E-02  2.521E-02  2.390E-02  2.315E-02  2.241E-02  2.010E-02  1.953E-02  1.864E-02  1.901E-02  1.849E-02  1.770E-02  1.600E-02  1.531E-02  1.530E-02  1.458E-02  1.333E-02  1.288E-02  1.250E-02  1.141E-02  1.140E-02  1.072E-02  1.018E-02  9.290E-03  8.979E-03  8.148E-03  7.985E-03  7.458E-03  6.818E-03  5.900E-03  6.364E-03  6.081E-03  5.604E-03  5.593E-03  4.966E-03  4.892E-03  4.393E-03  4.041E-03  3.768E-03  3.477E-03  3.308E-03  3.036E-03  2.875E-03  2.708E-03  2.453E-03  2.323E-03  2.111E-03  2.004E-03  1.912E-03  1.682E-03  1.403E-03  1.425E-03  1.381E-03  1.194E-03  1.174E-03  1.086E-03  1.051E-03  9.079E-04  7.477E-04  8.404E-04  6.062E-04  6.679E-04  5.939E-04  5.111E-04  4.589E-04  4.162E-04  4.199E-04  3.770E-04  3.310E-04  2.501E-04  3.550E-04  1.965E-04  2.352E-04  1.430E-04  1.428E-04  1.293E-04  7.073E-05  1.351E-04  8.970E-05  6.445E-05  2.535E-05  5.148E-05  5.694E-05  4.444E-05  5.053E-05  1.233E-05  3.147E-05  6.256E-06  0.000E+00  Z
 0.000E+00  0.000E+00  0.000E+00  0.000E+00  0.000E+00  0.000E+00  0.000E+00  0.000E+00  0.000E+00  0.000E+00  0.000E+00  0.000E+00  0.000E+00  0.000E+00  4.297E-05  2.061E-05  2.013E-05  0.000E+00  0.000E+00  1.828E-05  0.000E+00  7.046E-05  3.471E-05  8.415E-05  8.269E-05  6.436E-05  7.929E-05  1.399E-04  2.289E-04  4.960E-04  5.768E-04  6.094E-04  8.447E-04  9.587E-04  1.433E-03  1.672E-03  1.896E-03  3.148E-03  3.503E-03  4.028E-03  5.623E-03  6.022E-03  7.255E-03  8.769E-03  1.044E-02  1.179E-02  1.307E-02  1.502E-02  1.596E-02  1.745E-02  1.962E-02  2.166E-02  2.229E-02  2.326E-02  2.560E-02  2.696E-02  2.722E-02  2.710E-02  2.815E-02  2.949E-02  3.046E-02  3.060E-02  3.182E-02  3.163E-02  3.214E-02  3.214E-02  3.285E-02  3.266E-02  3.207E-02  3.137E-02  3.199E-02  3.141E-02  3.146E-02  3.069E-02  3.002E-02  3.059E-02  3.037E-02  2.904E-02  2.924E-02  2.923E-02  2.827E-02  2.738E-02  2.721E-02  2.748E-02  2.643E-02  2.544E-02  2.525E-02  2.389E-02  2.307E-02  2.158E-02  2.173E-02  2.063E-02  1.982E-02  1.857E-02  1.835E-02  1.766E-02  1.728E-02  1.623E-02  1.530E-02  1.447E-02  1.397E-02  1.318E-02  1.233E-02  1.207E-02  1.130E-02  1.092E-02  9.656E-03  9.502E-03  8.386E-03  8.469E-03  8.011E-03  7.405E-03  6.897E-03  6.688E-03  6.449E-03  6.053E-03  5.874E-03  5.301E-03  4.671E-03  4.822E-03  4.428E-03  4.396E-03  3.725E-03  3.714E-03  3.155E-03  3.073E-03  2.868E-03  2.764E-03  2.553E-03  2.109E-03  2.291E-03  2.030E-03  1.960E-03  1.589E-03  1.571E-03  1.472E-03  1.400E-03  1.406E-03  1.188E-03  1.075E-03  1.106E-03  1.088E-03  9.746E-04  7.464E-04  6.752E-04  6.038E-04  5.839E-04  5.336E-04  5.035E-04  3.677E-04  3.653E-04  4.259E-04  4.190E-04  2.832E-04  2.776E-04  1.818E-04  1.305E-04  2.589E-04  1.751E-04  1.294E-04  1.806E-04  1.301E-04  9.723E-05  7.659E-05  6.450E-05  8.968E-05  4.371E-05  3.203E-05  1.911E-05  5.035E-05  2.543E-05  3.765E-05  1.928E-05  1.864E-05  0.000E+00  Z
 0.000E+00  0.000E+00  0.000E+00  0.000E+00  0.000E+00  0.000E+00  0.000E+00  0.000E+00  0.000E+00  0.000E+00  0.000E+00  0.000E+00  0.000E+00  0.000E+00  0.000E+00  0.000E+00  2.015E-05  1.936E-05  0.000E+00  1.852E-05  0.000E+00  0.000E+00  5.144E-05  3.380E-05  3.295E-05  6.451E-05  1.586E-04  1.868E-04  1.383E-04  3.752E-04  2.796E-04  5.240E-04  7.459E-04  1.017E-03  1.334E-03  1.783E-03  1.974E-03  2.639E-03  3.445E-03  4.175E-03  5.649E-03  6.532E-03  7.584E-03  8.860E-03  9.921E-03  1.134E-02  1.266E-02  1.477E-02  1.630E-02  1.795E-02  1.831E-02  2.063E-02  2.248E-02  2.320E-02  2.536E-02  2.727E-02  2.737E-02  2.823E-02  2.964E-02  3.009E-02  3.055E-02  3.030E-02  3.143E-02  3.189E-02  3.185E-02  3.208E-02  3.315E-02  3.176E-02  3.162E-02  3.044E-02  3.127E-02  3.178E-02  3.049E-02  3.058E-02  3.059E-02  2.978E-02  2.997E-02  2.934E-02  2.875E-02  2.867E-02  2.797E-02  2.726E-02  2.620E-02  2.615E-02  2.550E-02  2.520E-02  2.404E-02  2.394E-02  2.393E-02  2.247E-02  2.150E-02  2.081E-02  1.965E-02  1.892E-02  1.850E-02  1.776E-02  1.678E-02  1.596E-02  1.611E-02  1.409E-02  1.379E-02  1.284E-02  1.214E-02  1.222E-02  1.139E-02  1.086E-02  9.858E-03  8.988E-03  9.016E-03  8.598E-03  8.659E-03  7.011E-03  6.640E-03  6.939E-03  6.329E-03  6.095E-03  5.281E-03  5.403E-03  4.788E-03  4.574E-03  4.319E-03  4.085E-03  3.763E-03  3.517E-03  3.188E-03  3.075E-03  3.168E-03  2.623E-03  2.526E-03  2.327E-03  2.368E-03  2.125E-03  2.057E-03  1.768E-03  1.586E-03  1.286E-03  1.465E-03  9.923E-04  1.266E-03  1.001E-03  9.795E-04  1.001E-03  9.183E-04  7.801E-04  6.727E-04  6.864E-04  5.259E-04  5.105E-04  4.888E-04  4.283E-04  3.676E-04  3.202E-04  4.117E-04  3.236E-04  2.446E-04  2.628E-04  1.897E-04  1.249E-04  1.085E-04  8.332E-05  1.611E-04  9.617E-05  6.414E-05  1.036E-04  7.713E-05  3.814E-05  4.417E-05  5.109E-05  1.241E-05  3.810E-05  1.855E-05  4.976E-05  1.241E-05  3.107E-05  2.482E-05  0.000E+00  Z
 0.000E+00  0.000E+00  0.000E+00  0.000E+00  0.000E+00  0.000E+00  0.000E+00  0.000E+00  0.000E+00  0.000E+00  0.000E+00  0.000E+00  0.000E+00  2.210E-05  0.000E+00  0.000E+00  2.013E-05  1.953E-05  1.886E-05  1.838E-05  3.600E-05  3.493E-05  3.411E-05  1.182E-04  8.249E-05  1.130E-04  1.582E-04  1.087E-04  1.845E-04  3.306E-04  3.838E-04  4.510E-04  8.301E-04  9.760E-04  1.238E-03  1.549E-03  1.946E-03  2.670E-03  3.340E-03  3.982E-03  5.217E-03  6.496E-03  6.969E-03  8.410E-03  9.589E-03  1.171E-02  1.270E-02  1.489E-02  1.621E-02  1.810E-02  1.934E-02  2.079E-02  2.113E-02  2.334E-02  2.443E-02  2.524E-02  2.796E-02  2.697E-02  2.865E-02  3.022E-02  3.053E-02  3.108E-02  3.099E-02  3.074E-02  3.206E-02  3.267E-02  3.099E-02  3.194E-02  3.175E-02  3.121E-02  3.167E-02  3.229E-02  3.077E-02  3.079E-02  3.133E-02  2.983E-02  3.061E-02  2.894E-02  2.878E-02  2.866E-02  2.832E-02  2.767E-02  2.677E-02  2.678E-02  2.523E-02  2.562E-02  2.412E-02  2.402E-02  2.284E-02  2.290E-02  2.172E-02  2.056E-02  2.058E-02  1.983E-02  1.837E-02  1.741E-02  1.689E-02  1.514E-02  1.528E-02  1.505E-02  1.391E-02  1.341E-02  1.260E-02  1.183E-02  1.159E-02  1.095E-02  1.026E-02  9.517E-03  9.205E-03  8.743E-03  8.066E-03  7.481E-03  6.965E-03  6.583E-03  6.534E-03  5.883E-03  5.424E-03  5.240E-03  5.046E-03  4.582E-03  4.301E-03  4.026E-03  3.775E-03  3.639E-03  3.431E-03  3.184E-03  2.772E-03  2.828E-03  2.669E-03  2.328E-03  2.334E-03  1.830E-03  2.102E-03  1.798E-03  1.699E-03  1.340E-03  1.358E-03  1.428E-03  1.362E-03  1.069E-03  1.113E-03  9.828E-04  9.314E-04  6.901E-04  7.065E-04  6.985E-04  6.136E-04  5.858E-04  4.656E-04  4.278E-04  4.594E-04  3.448E-04  3.829E-04  2.832E-04  2.911E-04  2.422E-04  2.617E-04  2.025E-04  2.159E-04  1.160E-04  1.355E-04  7.683E-05  8.389E-05  1.153E-04  7.021E-05  1.013E-04  6.301E-05  7.583E-05  1.863E-05  6.316E-06  3.164E-05  1.933E-05  2.470E-05  4.391E-05  6.221E-06  1.207E-05  5.928E-06  1.241E-05  6.177E-06  6.197E-06  6.227E-06  0.000E+00  Z
 0.000E+00  0.000E+00  0.000E+00  0.000E+00  0.000E+00  0.000E+00  0.000E+00  0.000E+00  0.000E+00  0.000E+00  0.000E+00  0.000E+00  0.000E+00  0.000E+00  0.000E+00  0.000E+00  0.000E+00  0.000E+00  0.000E+00  0.000E+00  3.581E-05  1.776E-05  6.854E-05  3.397E-05  9.988E-05  4.839E-05  1.743E-04  9.391E-05  3.215E-04  3.016E-04  4.885E-04  5.664E-04  6.024E-04  9.197E-04  1.154E-03  1.480E-03  2.285E-03  2.522E-03  3.515E-03  4.366E-03  5.042E-03  6.592E-03  7.229E-03  8.462E-03  9.995E-03  1.123E-02  1.304E-02  1.462E-02  1.625E-02  1.818E-02  1.846E-02  2.010E-02  2.208E-02  2.305E-02  2.552E-02  2.654E-02  2.846E-02  2.850E-02  2.975E-02  2.892E-02  3.030E-02  3.160E-02  3.157E-02  3.162E-02  3.205E-02  3.168E-02  3.165E-02  3.167E-02  3.179E-02  3.193E-02  3.215E-02  3.134E-02  3.034E-02  3.084E-02  3.045E-02  2.964E-02  2.966E-02  2.979E-02  2.943E-02  2.845E-02  2.752E-02  2.775E-02  2.722E-02  2.665E-02  2.532E-02  2.500E-02  2.430E-02  2.370E-02  2.311E-02  2.245E-02  2.181E-02  2.120E-02  1.979E-02  1.934E-02  1.855E-02  1.701E-02  1.683E-02  1.590E-02  1.494E-02  1.451E-02  1.364E-02  1.332E-02  1.237E-02  1.169E-02  1.060E-02  1.112E-02  1.051E-02  9.684E-03  9.180E-03  8.174E-03  8.145E-03  7.542E-03  7.346E-03  6.418E-03  6.817E-03  5.808E-03  5.771E-03  5.255E-03  4.897E-03  4.846E-03  4.170E-03  4.307E-03  4.041E-03  3.780E-03  3.324E-03  3.358E-03  2.865E-03  2.761E-03  2.826E-03  2.310E-03  2.317E-03  2.115E-03  1.763E-03  1.818E-03  1.537E-03  1.583E-03  1.411E-03  1.469E-03  1.224E-03  1.197E-03  9.785E-04  9.558E-04  1.008E-03  7.348E-04  7.475E-04  6.070E-04  5.956E-04  6.400E-04  5.564E-04  4.567E-04  4.050E-04  3.919E-04  3.711E-04  3.424E-04  2.776E-04  2.622E-04  2.755E-04  1.758E-04  1.624E-04  2.262E-04  2.126E-04  1.549E-04  9.654E-05  6.986E-05  3.818E-05  8.317E-05  6.390E-05  4.422E-05  3.812E-05  5.645E-05  5.067E-05  3.118E-05  1.835E-05  6.106E-06  1.239E-05  6.172E-06  0.000E+00  Z
 0.000E+00  0.000E+00  0.000E+00  0.000E+00  0.000E+00  0.000E+00  0.000E+00  0.000E+00  0.000E+00  0.000E+00  0.000E+00  0.000E+00  0.000E+00  0.000E+00  0.000E+00  0.000E+00  0.000E+00  0.000E+00  0.000E+00  0.000E+00  0.000E+00  1.782E-05  3.448E-05  6.733E-05  1.153E-04  8.107E-05  2.223E-04  1.864E-04  2.606E-04  3.454E-04  4.135E-04  5.233E-04  7.584E-04  6.628E-04  1.251E-03  1.576E-03  2.438E-03  2.478E-03  3.292E-03  4.300E-03  5.377E-03  5.831E-03  7.598E-03  8.360E-03  9.717E-03  1.175E-02  1.307E-02  1.457E-02  1.553E-02  1.787E-02  1.888E-02  2.132E-02  2.171E-02  2.315E-02  2.501E-02  2.498E-02  2.575E-02  2.701E-02  2.893E-02  3.043E-02  2.944E-02  3.051E-02  3.105E-02  3.177E-02  3.292E-02  3.038E-02  3.192E-02  3.098E-02  3.219E-02  3.250E-02  3.085E-02  3.146E-02  3.215E-02  3.117E-02  3.082E-02  2.978E-02  3.009E-02  2.965E-02  2.888E-02  2.893E-02  2.818E-02  2.758E-02  2.723E-02  2.671E-02  2.535E-02  2.546E-02  2.510E-02  2.347E-02  2.241E-02  2.231E-02  2.212E-02  2.105E-02  2.056E-02  2.001E-02  1.860E-02  1.705E-02  1.662E-02  1.669E-02  1.611E-02  1.421E-02  1.374E-02  1.358E-02  1.259E-02  1.163E-02  1.147E-02  1.043E-02  1.072E-02  9.867E-03  9.589E-03  8.810E-03  8.254E-03  7.713E-03  7.635E-03  6.352E-03  6.154E-03  6.018E-03  6.034E-03  5.498E-03  5.047E-03  4.805E-03  4.606E-03  4.591E-03  3.849E-03  3.694E-03  3.480E-03  3.225E-03  2.815E-03  3.196E-03  2.725E-03  2.537E-03  2.549E-03  2.222E-03  1.981E-03  1.841E-03  1.753E-03  1.537E-03  1.651E-03  1.437E-03  1.295E-03  1.275E-03  1.203E-03  1.099E-03  8.689E-04  7.703E-04  8.981E-04  6.292E-04  7.404E-04  6.255E-04  5.636E-04  4.276E-04  4.360E-04  4.185E-04  3.903E-04  3.577E-04  3.625E-04  2.868E-04  2.281E-04  2.286E-04  2.337E-04  1.739E-04  1.557E-04  1.105E-04  1.485E-04  8.310E-05  8.866E-05  6.361E-05  6.991E-05  4.433E-05  6.331E-05  5.041E-05  3.127E-05  3.109E-05  1.873E-05  1.846E-05  1.262E-05  1.841E-05  2.476E-05  6.350E-06  1.193E-05  1.240E-05  6.290E-06  1.200E-05  0.000E+00  Z
 0.000E+00  0.000E+00  0.000E+00  0.000E+00  0.000E+00  0.000E+00  0.000E+00  0.000E+00  0.000E+00  0.000E+00  0.000E+00  0.000E+00  0.000E+00  0.000E+00  0.000E+00  0.000E+00  2.026E-05  0.000E+00  0.000E+00  0.000E+00  0.000E+00  0.000E+00  3.422E-05  8.419E-05  1.160E-04  6.471E-05  7.893E-05  1.717E-04  2.134E-04  2.566E-04  3.397E-04  3.356E-04  8.295E-04  7.618E-04  1.087E-03  1.470E-03  2.069E-03  2.869E-03  3.107E-03  4.175E-03  5.123E-03  6.644E-03  7.360E-03  8.323E-03  9.667E-03  1.128E-02  1.248E-02  1.399E-02  1.515E-02  1.750E-02  1.773E-02  2.046E-02  2.120E-02  2.309E-02  2.510E-02  2.614E-02  2.612E-02  2.793E-02  2.839E-02  3.030E-02  3.029E-02  3.112E-02  3.070E-02  3.233E-02  3.207E-02  3.158E-02  3.196E-02  3.125E-02  3.101E-02  3.256E-02  3.199E-02  3.139E-02  3.115E-02  2.992E-02  3.033E-02  3.009E-02  2.965E-02  2.932E-02  2.876E-02  2.830E-02  2.871E-02  2.735E-02  2.672E-02  2.607E-02  2.621E-02  2.525E-02  2.392E-02  2.461E-02  2.390E-02  2.287E-02  2.207E-02  2.122E-02  2.084E-02  1.932E-02  1.875E-02  1.796E-02  1.754E-02  1.627E-02  1.575E-02  1.456E-02  1.484E-02  1.381E-02  1.263E-02  1.230E-02  1.179E-02  1.115E-02  1.002E-02  1.032E-02  9.353E-03  8.931E-03  8.075E-03  7.845E-03  7.752E-03  6.957E-03  7.065E-03  6.199E-03  5.539E-03  5.586E-03  5.129E-03  4.653E-03  4.624E-03  4.264E-03  3.840E-03  4.178E-03  3.614E-03  3.258E-03  3.070E-03  3.267E-03  2.648E-03  2.754E-03  2.515E-03  2.236E-03  1.869E-03  2.081E-03  1.871E-03  1.619E-03  1.559E-03  1.470E-03  1.231E-03  1.254E-03  1.138E-03  9.628E-04  9.027E-04  9.606E-04  7.765E-04  7.383E-04  6.560E-04  6.082E-04  5.135E-04  6.039E-04  4.531E-04  4.820E-04  4.909E-04  2.829E-04  2.968E-04  3.215E-04  3.395E-04  2.739E-04  1.627E-04  1.618E-04  2.055E-04  1.041E-04  1.091E-04  2.052E-04  1.083E-04  1.462E-04  7.029E-05  6.957E-05  7.538E-05  3.107E-05  9.401E-05  4.986E-05  2.518E-05  3.068E-05  2.494E-05  3.683E-05  1.875E-05  1.858E-05  1.212E-05  1.208E-05  1.831E-05  0.000E+00  Z
 0.000E+00  0.000E+00  0.000E+00  0.000E+00  0.000E+00  0.000E+00  0.000E+00  0.000E+00  0.000E+00  0.000E+00  0.000E+00  0.000E+00  0.000E+00  0.000E+00  0.000E+00  0.000E+00  3.990E-05  1.976E-05  5.684E-05  3.725E-05  1.826E-05  3.522E-05  3.457E-05  6.771E-05  9.841E-05  1.460E-04  2.377E-04  1.251E-04  1.375E-04  2.858E-04  3.554E-04  5.238E-04  6.156E-04  9.598E-04  1.171E-03  1.373E-03  1.754E-03  2.590E-03  3.329E-03  3.872E-03  5.092E-03  6.134E-03  7.692E-03  8.254E-03  1.010E-02  1.102E-02  1.285E-02  1.398E-02  1.521E-02  1.680E-02  1.881E-02  1.988E-02  2.133E-02  2.298E-02  2.321E-02  2.550E-02  2.720E-02  2.743E-02  2.842E-02  2.927E-02  2.954E-02  2.929E-02  3.043E-02  3.091E-02  3.147E-02  3.228E-02  3.162E-02  3.079E-02  3.128E-02  3.259E-02  3.165E-02  3.123E-02  3.111E-02  3.105E-02  3.034E-02  2.999E-02  2.995E-02  2.942E-02  2.839E-02  2.907E-02  2.779E-02  2.791E-02  2.685E-02  2.689E-02  2.570E-02  2.561E-02  2.458E-02  2.424E-02  2.333E-02  2.295E-02  2.146E-02  2.108E-02  2.017E-02  1.932E-02  1.859E-02  1.779E-02  1.715E-02  1.606E-02  1.556E-02  1.496E-02  1.377E-02  1.422E-02  1.343E-02  1.180E-02  1.130E-02  1.139E-02  1.029E-02  1.013E-02  8.998E-03  9.015E-03  8.845E-03  8.600E-03  7.319E-03  7.220E-03  6.592E-03  6.642E-03  6.040E-03  5.874E-03  5.276E-03  5.040E-03  4.384E-03  4.534E-03  3.864E-03  4.138E-03  3.369E-03  3.375E-03  3.207E-03  2.956E-03  2.828E-03  2.544E-03  2.707E-03  2.264E-03  2.068E-03  1.973E-03  1.760E-03  1.771E-03  1.776E-03  1.443E-03  1.334E-03  1.234E-03  1.083E-03  1.075E-03  1.082E-03  1.093E-03  8.788E-04  7.793E-04  7.817E-04  7.052E-04  6.648E-04  6.422E-04  6.456E-04  4.646E-04  3.113E-04  3.105E-04  3.542E-04  2.895E-04  2.632E-04  2.946E-04  2.793E-04  1.824E-04  1.561E-04  1.669E-04  1.148E-04  1.657E-04  1.144E-04  7.592E-05  8.976E-05  7.046E-05  6.933E-05  4.357E-05  6.885E-05  1.880E-05  1.856E-05  3.694E-05  2.461E-05  2.463E-05  1.815E-05  1.204E-05  1.822E-05  1.218E-05  0.000E+00  Z
 0.000E+00  0.000E+00  0.000E+00  0.000E+00  0.000E+00  0.000E+00  0.000E+00  0.000E+00  0.000E+00  0.000E+00  0.000E+00  0.000E+00  0.000E+00  0.000E+00  0.000E+00  0.000E+00  1.989E-05  0.000E+00  1.882E-05  0.000E+00  3.572E-05  0.000E+00  1.708E-05  5.048E-05  3.287E-05  6.478E-05  1.586E-04  1.252E-04  1.685E-04  3.163E-04  4.872E-04  4.370E-04  6.732E-04  9.181E-04  1.125E-03  1.492E-03  1.920E-03  2.466E-03  3.107E-03  3.823E-03  4.879E-03  5.949E-03  6.768E-03  8.079E-03  1.024E-02  1.167E-02  1.291E-02  1.434E-02  1.603E-02  1.746E-02  1.912E-02  2.028E-02  2.127E-02  2.311E-02  2.423E-02  2.605E-02  2.656E-02  2.783E-02  2.872E-02  2.884E-02  2.903E-02  2.976E-02  3.040E-02  3.109E-02  3.111E-02  3.070E-02  3.146E-02  3.134E-02  3.180E-02  3.092E-02  3.105E-02  3.169E-02  3.094E-02  2.998E-02  3.084E-02  2.981E-02  2.968E-02  2.843E-02  2.878E-02  2.844E-02  2.737E-02  2.752E-02  2.711E-02  2.659E-02  2.544E-02  2.538E-02  2.500E-02  2.421E-02  2.344E-02  2.313E-02  2.134E-02  2.096E-02  2.049E-02  1.916E-02  1.853E-02  1.830E-02  1.685E-02  1.703E-02  1.516E-02  1.500E-02  1.365E-02  1.404E-02  1.296E-02  1.320E-02  1.131E-02  1.106E-02  1.082E-02  1.062E-02  9.306E-03  8.865E-03  8.682E-03  7.827E-03  7.594E-03  6.924E-03  6.433E-03  6.914E-03  6.073E-03  5.875E-03  5.500E-03  4.847E-03  4.849E-03  4.592E-03  4.068E-03  3.954E-03  3.573E-03  3.482E-03  3.127E-03  2.918E-03  2.797E-03  2.661E-03  2.443E-03  2.769E-03  2.235E-03  2.097E-03  1.903E-03  1.824E-03  1.631E-03  1.438E-03  1.355E-03  1.255E-03  1.086E-03  9.889E-04  1.028E-03  8.944E-04  6.816E-04  7.515E-04  6.349E-04  6.807E-04  6.011E-04  6.033E-04  5.278E-04  4.988E-04  4.112E-04  3.376E-04  4.081E-04  3.564E-04  2.422E-04  3.073E-04  2.276E-04  2.181E-04  1.935E-04  2.185E-04  1.156E-04  1.088E-04  8.917E-05  9.550E-05  6.973E-05  5.653E-05  8.184E-05  4.358E-05  7.644E-05  5.579E-05  1.069E-04  3.658E-05  2.544E-05  3.724E-05  1.801E-05  2.429E-05  1.875E-05  5.944E-06  1.234E-05  0.000E+00  Z
 0.000E+00  0.000E+00  0.000E+00  0.000E+00  0.000E+00  0.000E+00  0.000E+00  0.000E+00  0.000E+00  0.000E+00  0.000E+00  0.000E+00  0.000E+00  0.000E+00  0.000E+00  0.000E+00  0.000E+00  0.000E+00  1.878E-05  1.847E-05  1.807E-05  0.000E+00  0.000E+00  1.680E-05  4.960E-05  9.643E-05  1.269E-04  2.027E-04  2.605E-04  2.111E-04  5.315E-04  4.514E-04  6.876E-04  8.749E-04  1.015E-03  1.593E-03  2.097E-03  2.238E-03  2.609E-03  3.745E-03  4.761E-03  5.696E-03  7.115E-03  7.889E-03  9.702E-03  1.111E-02  1.229E-02  1.342E-02  1.505E-02  1.658E-02  1.803E-02  1.957E-02  2.016E-02  2.248E-02  2.323E-02  2.486E-02  2.513E-02  2.740E-02  2.810E-02  2.761E-02  2.881E-02  2.870E-02  3.133E-02  2.963E-02  3.028E-02  3.192E-02  3.158E-02  3.093E-02  3.160E-02  3.175E-02  3.117E-02  3.135E-02  3.080E-02  3.088E-02  3.051E-02  2.987E-02  2.976E-02  2.923E-02  2.843E-02  2.827E-02  2.880E-02  2.772E-02  2.591E-02  2.708E-02  2.635E-02  2.533E-02  2.436E-02  2.471E-02  2.406E-02  2.264E-02  2.290E-02  2.120E-02  2.063E-02  2.017E-02  1.917E-02  1.905E-02  1.764E-02  1.650E-02  1.586E-02  1.507E-02  1.507E-02  1.396E-02  1.348E-02  1.267E-02  1.198E-02  1.070E-02  1.077E-02  1.012E-02  9.742E-03  9.178E-03  8.236E-03  8.234E-03  7.969E-03  7.338E-03  7.064E-03  6.567E-03  6.378E-03  5.979E-03  5.362E-03  5.218E-03  4.722E-03  4.821E-03  4.412E-03  3.870E-03  3.656E-03  3.612E-03  3.299E-03  3.063E-03  3.148E-03  2.483E-03  2.396E-03  2.292E-03  2.349E-03  2.267E-03  1.926E-03  1.743E-03  1.639E-03  1.487E-03  1.426E-03  1.440E-03  1.261E-03  1.156E-03  1.153E-03  9.247E-04  9.927E-04  8.851E-04  7.648E-04  5.716E-04  6.197E-04  5.732E-04  4.995E-04  4.775E-04  4.756E-04  3.097E-04  3.927E-04  3.146E-04  2.755E-04  2.936E-04  2.472E-04  1.747E-04  1.660E-04  2.188E-04  1.153E-04  1.473E-04  1.661E-04  8.327E-05  7.550E-05  1.394E-04  9.373E-05  6.992E-05  4.345E-05  8.135E-05  4.389E-05  6.307E-05  1.860E-05  2.513E-05  2.414E-05  3.039E-05  1.207E-05  3.071E-05  6.270E-06  0.000E+00  Z
 0.000E+00  0.000E+00  0.000E+00  0.000E+00  0.000E+00  0.000E+00  0.000E+00  0.000E+00  0.000E+00  0.000E+00  0.000E+00  0.000E+00  0.000E+00  0.000E+00  0.000E+00  0.000E+00  2.018E-05  0.000E+00  3.790E-05  1.853E-05  0.000E+00  1.768E-05  3.449E-05  3.348E-05  6.595E-05  1.614E-04  7.928E-05  1.400E-04  2.448E-04  3.308E-04  4.871E-04  5.404E-04  6.576E-04  1.240E-03  1.306E-03  1.384E-03  2.029E-03  2.640E-03  3.264E-03  4.276E-03  5.133E-03  5.251E-03  6.722E-03  8.323E-03  9.117E-03  1.069E-02  1.368E-02  1.357E-02  1.438E-02  1.662E-02  1.766E-02  1.906E-02  2.023E-02  2.250E-02  2.382E-02  2.504E-02  2.690E-02  2.757E-02  2.712E-02  2.912E-02  2.949E-02  2.961E-02  3.037E-02  3.111E-02  3.175E-02  3.118E-02  3.189E-02  3.133E-02  3.149E-02  3.066E-02  3.098E-02  3.189E-02  3.106E-02  3.081E-02  3.010E-02  3.039E-02  3.016E-02  2.963E-02  2.973E-02  2.877E-02  2.884E-02  2.694E-02  2.638E-02  2.737E-02  2.525E-02  2.606E-02  2.482E-02  2.437E-02  2.370E-02  2.259E-02  2.194E-02  2.087E-02  2.046E-02  1.923E-02  1.862E-02  1.841E-02  1.690E-02  1.750E-02  1.599E-02  1.524E-02  1.510E-02  1.421E-02  1.298E-02  1.266E-02  1.223E-02  1.120E-02  1.093E-02  1.031E-02  9.798E-03  9.378E-03  8.593E-03  8.277E-03  7.897E-03  7.203E-03  7.329E-03  6.464E-03  6.001E-03  5.962E-03  5.783E-03  4.989E-03  4.891E-03  4.560E-03  4.608E-03  4.255E-03  4.053E-03  3.677E-03  3.327E-03  3.374E-03  2.679E-03  2.695E-03  2.702E-03  2.206E-03  2.058E-03  2.172E-03  1.806E-03  1.956E-03  1.644E-03  1.526E-03  1.505E-03  1.166E-03  1.360E-03  1.189E-03  1.060E-03  1.053E-03  8.581E-04  6.625E-04  7.700E-04  7.355E-04  7.529E-04  6.163E-04  5.774E-04  5.322E-04  4.437E-04  4.271E-04  4.128E-04  3.540E-04  4.050E-04  3.196E-04  3.180E-04  3.110E-04  3.027E-04  2.568E-04  1.667E-04  1.215E-04  1.460E-04  1.386E-04  8.210E-05  1.146E-04  1.006E-04  6.400E-05  6.252E-05  9.950E-05  3.725E-05  2.507E-05  3.083E-05  4.298E-05  2.434E-05  5.520E-05  2.468E-05  6.010E-06  3.081E-05  6.047E-06  6.218E-06  3.020E-05  6.129E-06  6.085E-06  6.118E-06  0.000E+00  Z
 0.000E+00  0.000E+00  0.000E+00  0.000E+00  0.000E+00  0.000E+00  0.000E+00  0.000E+00  0.000E+00  0.000E+00  0.000E+00  0.000E+00  0.000E+00  2.248E-05  0.000E+00  0.000E+00  0.000E+00  1.937E-05  1.885E-05  1.834E-05  5.379E-05  5.307E-05  0.000E+00  3.354E-05  1.325E-04  1.136E-04  1.268E-04  1.400E-04  1.672E-04  2.861E-04  2.817E-04  5.678E-04  5.446E-04  6.074E-04  1.112E-03  1.453E-03  1.596E-03  2.335E-03  3.197E-03  3.639E-03  4.374E-03  5.525E-03  6.516E-03  8.085E-03  9.208E-03  1.069E-02  1.258E-02  1.368E-02  1.488E-02  1.637E-02  1.750E-02  2.009E-02  2.127E-02  2.219E-02  2.349E-02  2.444E-02  2.572E-02  2.764E-02  2.864E-02  2.934E-02  2.941E-02  2.831E-02  2.970E-02  3.007E-02  3.079E-02  3.153E-02  3.188E-02  3.161E-02  3.098E-02  3.079E-02  3.101E-02  3.106E-02  3.105E-02  3.033E-02  3.006E-02  3.008E-02  2.989E-02  2.996E-02  2.944E-02  2.903E-02  2.903E-02  2.852E-02  2.692E-02  2.746E-02  2.507E-02  2.602E-02  2.474E-02  2.507E-02  2.380E-02  2.323E-02  2.271E-02  2.125E-02  2.072E-02  2.002E-02  1.989E-02  1.756E-02  1.835E-02  1.668E-02  1.628E-02  1.521E-02  1.458E-02  1.444E-02  1.291E-02  1.190E-02  1.223E-02  1.228E-02  1.154E-02  1.016E-02  1.016E-02  9.692E-03  8.988E-03  8.146E-03  8.308E-03  7.806E-03  7.248E-03  6.830E-03  6.171E-03  6.484E-03  5.701E-03  5.629E-03  5.206E-03  4.808E-03  4.488E-03  4.199E-03  3.984E-03  3.750E-03  3.534E-03  3.199E-03  3.217E-03  3.012E-03  2.864E-03  2.554E-03  2.392E-03  2.499E-03  2.238E-03  1.979E-03  1.680E-03  1.739E-03  1.633E-03  1.321E-03  1.242E-03  1.168E-03  1.184E-03  1.264E-03  9.938E-04  9.296E-04  7.962E-04  7.743E-04  6.042E-04  6.107E-04  6.477E-04  5.595E-04  3.825E-04  4.821E-04  3.178E-04  3.466E-04  3.601E-04  2.933E-04  3.242E-04  2.521E-04  2.276E-04  1.866E-04  2.181E-04  1.850E-04  1.529E-04  2.088E-04  1.775E-04  1.885E-04  1.015E-04  1.261E-04  8.143E-05  1.190E-04  9.341E-05  4.964E-05  3.715E-05  6.147E-05  2.480E-05  1.876E-05  2.421E-05  4.214E-05  1.201E-05  3.048E-05  1.221E-05  0.000E+00  Z
 0.000E+00  0.000E+00  0.000E+00  0.000E+00  0.000E+00  0.000E+00  0.000E+00  0.000E+00  0.000E+00  0.000E+00  0.000E+00  0.000E+00  2.297E-05  0.000E+00  0.000E+00  0.000E+00  0.000E+00  0.000E+00  1.914E-05  0.000E+00  1.800E-05  3.550E-05  3.449E-05  1.667E-05  6.549E-05  1.133E-04  1.426E-04  1.397E-04  1.848E-04  1.800E-04  2.809E-04  4.935E-04  7.178E-04  7.350E-04  9.054E-04  1.422E-03  1.839E-03  2.335E-03  2.857E-03  3.314E-03  4.467E-03  5.690E-03  6.714E-03  7.558E-03  9.464E-03  1.015E-02  1.111E-02  1.254E-02  1.515E-02  1.617E-02  1.732E-02  1.940E-02  1.998E-02  2.214E-02  2.280E-02  2.420E-02  2.570E-02  2.632E-02  2.733E-02  2.820E-02  2.857E-02  2.820E-02  2.927E-02  2.998E-02  2.974E-02  3.090E-02  3.037E-02  3.049E-02  3.101E-02  3.089E-02  3.047E-02  3.014E-02  3.111E-02  3.115E-02  3.072E-02  3.043E-02  2.990E-02  2.965E-02  2.948E-02  2.856E-02  2.880E-02  2.858E-02  2.667E-02  2.644E-02  2.623E-02  2.655E-02  2.567E-02  2.471E-02  2.368E-02  2.240E-02  2.206E-02  2.056E-02  2.076E-02  1.944E-02  1.993E-02  1.882E-02  1.802E-02  1.700E-02  1.575E-02  1.569E-02  1.488E-02  1.413E-02  1.371E-02  1.309E-02  1.229E-02  1.166E-02  1.164E-02  1.097E-02  9.774E-03  9.650E-03  9.042E-03  8.372E-03  8.567E-03  7.241E-03  7.322E-03  6.774E-03  6.769E-03  6.338E-03  5.771E-03  5.476E-03  5.687E-03  4.797E-03  4.769E-03  4.420E-03  4.324E-03  3.880E-03  3.965E-03  3.813E-03  3.154E-03  3.220E-03  3.148E-03  2.677E-03  2.344E-03  2.547E-03  2.289E-03  2.102E-03  2.019E-03  1.725E-03  1.690E-03  1.592E-03  1.459E-03  1.278E-03  1.182E-03  1.052E-03  1.181E-03  8.541E-04  9.325E-04  7.761E-04  8.843E-04  6.335E-04  6.931E-04  6.771E-04  5.516E-04  5.152E-04  4.280E-04  3.143E-04  3.786E-04  3.903E-04  3.710E-04  2.774E-04  2.971E-04  2.570E-04  1.534E-04  1.857E-04  1.342E-04  1.466E-04  1.328E-04  1.650E-04  1.308E-04  6.963E-05  5.622E-05  5.054E-05  9.911E-05  4.381E-05  7.374E-05  4.989E-05  3.754E-05  3.673E-05  2.460E-05  1.821E-05  4.261E-05  0.000E+00  Z
 0.000E+00  0.000E+00  0.000E+00  0.000E+00  0.000E+00  0.000E+00  0.000E+00  0.000E+00  0.000E+00  0.000E+00  0.000E+00  0.000E+00  0.000E+00  0.000E+00  0.000E+00  0.000E+00  0.000E+00  1.935E-05  1.894E-05  0.000E+00  0.000E+00  5.321E-05  3.421E-05  1.680E-05  8.234E-05  9.699E-05  1.111E-04  1.247E-04  2.595E-04  2.544E-04  3.412E-04  4.670E-04  4.873E-04  8.623E-04  8.348E-04  1.190E-03  1.692E-03  2.295E-03  2.476E-03  3.606E-03  4.471E-03  5.140E-03  5.904E-03  6.995E-03  8.808E-03  9.502E-03  1.112E-02  1.266E-02  1.443E-02  1.541E-02  1.705E-02  1.819E-02  1.999E-02  2.019E-02  2.285E-02  2.385E-02  2.477E-02  2.557E-02  2.686E-02  2.715E-02  2.782E-02  2.771E-02  2.943E-02  2.926E-02  3.033E-02  3.066E-02  3.089E-02  3.070E-02  3.226E-02  3.012E-02  3.092E-02  3.090E-02  3.049E-02  3.034E-02  3.078E-02  2.909E-02  2.952E-02  2.884E-02  2.968E-02  2.765E-02  2.841E-02  2.756E-02  2.684E-02  2.635E-02  2.542E-02  2.589E-02  2.534E-02  2.427E-02  2.414E-02  2.279E-02  2.271E-02  2.224E-02  2.150E-02  1.952E-02  1.962E-02  1.867E-02  1.847E-02  1.765E-02  1.752E-02  1.595E-02  1.485E-02  1.453E-02  1.407E-02  1.336E-02  1.203E-02  1.216E-02  1.089E-02  1.109E-02  1.076E-02  9.838E-03  9.100E-03  9.520E-03  8.355E-03  8.230E-03  7.608E-03  7.364E-03  6.828E-03  6.632E-03  6.147E-03  5.678E-03  5.721E-03  5.305E-03  5.298E-03  4.655E-03  4.304E-03  4.074E-03  3.739E-03  3.754E-03  3.570E-03  3.338E-03  3.022E-03  2.909E-03  2.650E-03  2.549E-03  2.525E-03  2.126E-03  2.358E-03  2.033E-03  1.680E-03  1.742E-03  1.620E-03  1.505E-03  1.631E-03  1.256E-03  1.349E-03  1.118E-03  1.012E-03  9.442E-04  7.237E-04  8.676E-04  6.195E-04  7.986E-04  6.428E-04  6.141E-04  4.884E-04  4.199E-04  3.151E-04  3.519E-04  3.074E-04  2.671E-04  3.042E-04  3.232E-04  2.110E-04  1.914E-04  1.974E-04  2.156E-04  1.205E-04  2.154E-04  1.203E-04  9.376E-05  1.752E-04  8.126E-05  4.918E-05  5.596E-05  9.933E-05  3.137E-05  6.798E-05  3.031E-05  4.274E-05  4.901E-05  3.106E-05  3.693E-05  2.427E-05  1.852E-05  1.213E-05  0.000E+00  Z
 0.000E+00  0.000E+00  0.000E+00  0.000E+00  0.000E+00  0.000E+00  0.000E+00  0.000E+00  0.000E+00  0.000E+00  0.000E+00  0.000E+00  2.334E-05  0.000E+00  0.000E+00  0.000E+00  1.988E-05  1.954E-05  0.000E+00  0.000E+00  1.784E-05  0.000E+00  3.420E-05  8.424E-05  4.931E-05  6.489E-05  1.433E-04  1.246E-04  1.221E-04  1.802E-04  4.140E-04  4.791E-04  6.161E-04  6.499E-04  1.029E-03  1.193E-03  1.623E-03  1.867E-03  2.326E-03  3.355E-03  4.285E-03  4.789E-03  6.001E-03  7.196E-03  7.682E-03  9.849E-03  1.084E-02  1.222E-02  1.363E-02  1.501E-02  1.619E-02  1.815E-02  1.917E-02  2.031E-02  2.162E-02  2.264E-02  2.466E-02  2.473E-02  2.550E-02  2.646E-02  2.767E-02  2.819E-02  2.963E-02  2.911E-02  3.091E-02  2.929E-02  2.944E-02  3.021E-02  3.030E-02  3.002E-02  3.068E-02  2.928E-02  3.110E-02  3.056E-02  3.071E-02  2.999E-02  2.965E-02  2.937E-02  2.929E-02  2.838E-02  2.795E-02  2.781E-02  2.707E-02  2.699E-02  2.663E-02  2.532E-02  2.620E-02  2.422E-02  2.473E-02  2.367E-02  2.275E-02  2.238E-02  2.108E-02  2.127E-02  2.047E-02  1.917E-02  1.833E-02  1.845E-02  1.716E-02  1.634E-02  1.555E-02  1.488E-02  1.374E-02  1.399E-02  1.330E-02  1.259E-02  1.230E-02  1.087E-02  1.104E-02  1.040E-02  9.806E-03  9.455E-03  9.497E-03  8.516E-03  8.726E-03  7.975E-03  7.483E-03  7.338E-03  6.782E-03  6.397E-03  6.288E-03  5.864E-03  5.547E-03  5.165E-03  4.885E-03  4.514E-03  4.200E-03  4.185E-03  4.101E-03  3.474E-03  3.556E-03  3.377E-03  3.029E-03  2.764E-03  2.812E-03  2.782E-03  2.481E-03  2.136E-03  2.048E-03  1.941E-03  1.745E-03  1.843E-03  1.753E-03  1.372E-03  1.718E-03  1.313E-03  1.175E-03  1.111E-03  1.013E-03  1.085E-03  7.734E-04  9.085E-04  7.211E-04  6.935E-04  5.480E-04  6.929E-04  5.301E-04  5.415E-04  4.412E-04  3.756E-04  4.261E-04  3.587E-04  2.888E-04  2.817E-04  2.424E-04  2.421E-04  1.895E-04  1.579E-04  1.447E-04  1.837E-04  1.373E-04  1.387E-04  7.532E-05  1.103E-04  1.121E-04  6.853E-05  1.111E-04  8.652E-05  6.090E-05  3.704E-05  6.064E-05  3.611E-05  4.241E-05  4.769E-05  2.993E-05  1.168E-05  3.571E-05  1.806E-05  1.815E-05  1.799E-05  1.740E-05  1.179E-05  1.201E-05  5.762E-06  0.000E+00  Z
 0.000E+00  0.000E+00  0.000E+00  0.000E+00  0.000E+00  0.000E+00  0.000E+00  0.000E+00  0.000E+00  0.000E+00  0.000E+00  2.420E-05  0.000E+00  0.000E+00  0.000E+00  0.000E+00  4.062E-05  1.972E-05  1.882E-05  0.000E+00  1.781E-05  5.289E-05  1.722E-05  3.348E-05  3.287E-05  6.465E-05  4.770E-05  1.554E-04  2.290E-04  3.307E-04  4.448E-04  4.361E-04  6.313E-04  7.202E-04  6.670E-04  1.029E-03  1.393E-03  1.746E-03  2.304E-03  3.205E-03  4.091E-03  4.894E-03  5.387E-03  6.878E-03  7.728E-03  8.774E-03  9.837E-03  1.222E-02  1.305E-02  1.425E-02  1.536E-02  1.692E-02  1.878E-02  1.976E-02  2.105E-02  2.261E-02  2.352E-02  2.430E-02  2.538E-02  2.670E-02  2.729E-02  2.892E-02  2.952E-02  2.911E-02  2.957E-02  2.959E-02  2.973E-02  3.017E-02  3.016E-02  3.127E-02  3.019E-02  2.998E-02  2.985E-02  2.966E-02  2.944E-02  2.990E-02  2.956E-02  2.844E-02  2.895E-02  2.970E-02  2.890E-02  2.769E-02  2.775E-02  2.745E-02  2.621E-02  2.626E-02  2.573E-02  2.519E-02  2.425E-02  2.350E-02  2.389E-02  2.320E-02  2.134E-02  2.121E-02  1.977E-02  2.004E-02  1.952E-02  1.879E-02  1.740E-02  1.687E-02  1.579E-02  1.572E-02  1.450E-02  1.433E-02  1.411E-02  1.284E-02  1.268E-02  1.148E-02  1.165E-02  1.087E-02  1.006E-02  9.958E-03  9.848E-03  9.155E-03  8.820E-03  8.236E-03  7.755E-03  7.055E-03  7.352E-03  6.655E-03  6.659E-03  6.138E-03  6.107E-03  5.947E-03  5.311E-03  5.052E-03  4.922E-03  4.493E-03  4.207E-03  4.014E-03  3.917E-03  3.699E-03  3.742E-03  3.520E-03  3.378E-03  3.037E-03  2.676E-03  2.713E-03  2.272E-03  2.256E-03  2.227E-03  2.018E-03  1.902E-03  1.835E-03  1.650E-03  1.792E-03  1.432E-03  1.514E-03  1.443E-03  1.294E-03  1.152E-03  1.076E-03  1.071E-03  8.581E-04  8.922E-04  6.761E-04  8.672E-04  6.867E-04  6.559E-04  4.854E-04  4.275E-04  3.999E-04  3.591E-04  2.681E-04  3.115E-04  3.818E-04  3.682E-04  2.398E-04  2.398E-04  2.020E-04  2.001E-04  1.683E-04  1.247E-04  1.507E-04  1.113E-04  1.231E-04  1.105E-04  6.274E-05  1.051E-04  5.549E-05  8.479E-05  6.710E-05  6.640E-05  4.888E-05  1.211E-05  4.178E-05  1.790E-05  5.423E-05  0.000E+00  Z
 0.000E+00  0.000E+00  0.000E+00  0.000E+00  0.000E+00  0.000E+00  0.000E+00  0.000E+00  0.000E+00  0.000E+00  0.000E+00  0.000E+00  0.000E+00  0.000E+00  0.000E+00  0.000E+00  0.000E+00  1.964E-05  0.000E+00  0.000E+00  1.782E-05  1.753E-05  1.731E-05  1.666E-05  0.000E+00  6.486E-05  6.397E-05  9.307E-05  1.380E-04  1.950E-04  2.948E-04  3.197E-04  4.435E-04  6.911E-04  7.365E-04  9.447E-04  1.216E-03  1.800E-03  2.159E-03  2.781E-03  3.700E-03  4.197E-03  5.209E-03  6.107E-03  7.251E-03  8.639E-03  9.674E-03  1.071E-02  1.284E-02  1.420E-02  1.470E-02  1.646E-02  1.668E-02  1.885E-02  1.999E-02  2.143E-02  2.259E-02  2.409E-02  2.439E-02  2.587E-02  2.656E-02  2.693E-02  2.710E-02  2.858E-02  2.871E-02  2.951E-02  2.896E-02  3.066E-02  2.982E-02  2.968E-02  3.035E-02  2.941E-02  2.945E-02  3.001E-02  2.910E-02  3.037E-02  2.955E-02  2.979E-02  2.912E-02  2.859E-02  2.798E-02  2.775E-02  2.777E-02  2.787E-02  2.723E-02  2.607E-02  2.609E-02  2.548E-02  2.481E-02  2.406E-02  2.322E-02  2.256E-02  2.244E-02  2.177E-02  2.051E-02  1.985E-02  2.047E-02  1.862E-02  1.735E-02  1.697E-02  1.707E-02  1.577E-02  1.573E-02  1.437E-02  1.390E-02  1.342E-02  1.231E-02  1.231E-02  1.186E-02  1.151E-02  1.028E-02  1.072E-02  1.025E-02  9.554E-03  9.263E-03  9.157E-03  8.117E-03  8.049E-03  7.376E-03  7.262E-03  7.036E-03  6.541E-03  6.726E-03  5.752E-03  5.972E-03  5.674E-03  5.331E-03  5.358E-03  4.939E-03  4.559E-03  4.359E-03  4.197E-03  3.753E-03  3.912E-03  3.694E-03  3.538E-03  3.206E-03  3.262E-03  3.080E-03  2.854E-03  2.859E-03  2.540E-03  2.483E-03  2.281E-03  2.197E-03  2.198E-03  1.892E-03  1.764E-03  1.711E-03  1.580E-03  1.505E-03  1.442E-03  1.271E-03  1.291E-03  1.169E-03  9.902E-04  9.812E-04  9.742E-04  7.219E-04  6.797E-04  7.803E-04  7.203E-04  6.329E-04  5.116E-04  4.971E-04  3.892E-04  4.124E-04  3.416E-04  3.588E-04  2.960E-04  2.953E-04  2.179E-04  2.175E-04  2.174E-04  2.105E-04  1.548E-04  1.351E-04  9.256E-05  1.362E-04  1.036E-04  9.800E-05  1.090E-04  6.714E-05  5.386E-05  5.973E-05  3.006E-05  7.121E-05  5.460E-05  2.989E-05  1.777E-05  1.202E-05  4.180E-05  1.760E-05  1.142E-05  2.942E-05  5.663E-06  1.156E-05  1.136E-05  5.731E-06  5.972E-06  1.724E-05  1.685E-05  0.000E+00  Z
 0.000E+00  0.000E+00  0.000E+00  0.000E+00  0.000E+00  0.000E+00  0.000E+00  0.000E+00  0.000E+00  0.000E+00  0.000E+00  0.000E+00  0.000E+00  0.000E+00  0.000E+00  0.000E+00  2.028E-05  0.000E+00  0.000E+00  9.215E-05  3.579E-05  5.259E-05  1.705E-05  3.373E-05  1.644E-05  6.527E-05  1.107E-04  1.714E-04  6.112E-05  2.098E-04  2.066E-04  3.485E-04  4.305E-04  5.355E-04  8.210E-04  1.057E-03  1.433E-03  1.334E-03  2.189E-03  2.716E-03  3.713E-03  4.043E-03  5.165E-03  6.146E-03  7.139E-03  7.544E-03  8.893E-03  1.087E-02  1.153E-02  1.336E-02  1.439E-02  1.557E-02  1.686E-02  1.848E-02  2.052E-02  2.090E-02  2.183E-02  2.289E-02  2.343E-02  2.460E-02  2.564E-02  2.683E-02  2.783E-02  2.806E-02  2.774E-02  2.801E-02  2.927E-02  2.929E-02  3.048E-02  2.964E-02  2.942E-02  3.000E-02  2.990E-02  2.954E-02  2.862E-02  2.828E-02  2.922E-02  2.904E-02  2.806E-02  2.852E-02  2.837E-02  2.897E-02  2.735E-02  2.744E-02  2.674E-02  2.709E-02  2.535E-02  2.525E-02  2.472E-02  2.398E-02  2.428E-02  2.216E-02  2.199E-02  2.130E-02  2.107E-02  2.009E-02  2.047E-02  1.898E-02  1.822E-02  1.791E-02  1.666E-02  1.633E-02  1.552E-02  1.494E-02  1.488E-02  1.381E-02  1.324E-02  1.319E-02  1.252E-02  1.180E-02  1.119E-02  1.120E-02  1.138E-02  1.041E-02  9.583E-03  9.492E-03  8.741E-03  8.775E-03  8.137E-03  8.111E-03  8.201E-03  7.063E-03  6.908E-03  6.373E-03  6.724E-03  5.966E-03  6.230E-03  5.873E-03  5.333E-03  5.177E-03  4.912E-03  4.840E-03  4.604E-03  4.491E-03  4.358E-03  3.940E-03  3.993E-03  3.445E-03  3.307E-03  3.134E-03  3.170E-03  2.989E-03  2.683E-03  2.574E-03  2.413E-03  2.333E-03  2.497E-03  2.024E-03  1.918E-03  1.998E-03  1.866E-03  1.687E-03  1.551E-03  1.333E-03  1.563E-03  1.419E-03  1.292E-03  1.067E-03  1.039E-03  7.453E-04  8.518E-04  8.654E-04  6.997E-04  6.337E-04  5.591E-04  6.037E-04  5.825E-04  5.250E-04  4.340E-04  3.332E-04  4.664E-04  3.815E-04  2.985E-04  2.663E-04  1.972E-04  1.789E-04  2.092E-04  1.837E-04  1.661E-04  1.400E-04  1.712E-04  1.334E-04  9.092E-05  9.004E-05  8.473E-05  6.635E-05  6.622E-05  4.827E-05  3.515E-05  5.970E-05  1.194E-05  3.582E-05  1.188E-05  4.077E-05  2.949E-05  2.344E-05  1.202E-05  1.728E-05  2.349E-05  5.828E-06  1.739E-05  5.719E-06  1.754E-05  5.866E-06  0.000E+00  Z
 0.000E+00  0.000E+00  0.000E+00  0.000E+00  0.000E+00  0.000E+00  0.000E+00  0.000E+00  0.000E+00  0.000E+00  0.000E+00  0.000E+00  0.000E+00  0.000E+00  0.000E+00  0.000E+00  0.000E+00  7.826E-05  1.920E-05  1.858E-05  0.000E+00  1.751E-05  3.435E-05  0.000E+00  6.572E-05  4.885E-05  4.794E-05  7.730E-05  1.530E-04  1.952E-04  2.221E-04  3.073E-04  3.300E-04  5.502E-04  7.243E-04  9.197E-04  1.110E-03  1.559E-03  1.856E-03  2.454E-03  2.940E-03  3.957E-03  4.849E-03  5.893E-03  6.483E-03  7.293E-03  9.027E-03  9.717E-03  1.129E-02  1.190E-02  1.410E-02  1.489E-02  1.722E-02  1.816E-02  1.836E-02  1.995E-02  2.129E-02  2.248E-02  2.268E-02  2.532E-02  2.560E-02  2.594E-02  2.773E-02  2.780E-02  2.836E-02  2.913E-02  2.741E-02  2.833E-02  2.976E-02  2.882E-02  2.970E-02  2.958E-02  3.030E-02  2.962E-02  2.996E-02  2.957E-02  2.819E-02  2.900E-02  2.885E-02  2.940E-02  2.704E-02  2.845E-02  2.721E-02  2.747E-02  2.707E-02  2.607E-02  2.649E-02  2.580E-02  2.428E-02  2.459E-02  2.424E-02  2.309E-02  2.275E-02  2.218E-02  2.208E-02  2.107E-02  2.020E-02  1.922E-02  1.896E-02  1.796E-02  1.794E-02  1.598E-02  1.655E-02  1.625E-02  1.453E-02  1.473E-02  1.422E-02  1.398E-02  1.304E-02  1.276E-02  1.190E-02  1.171E-02  1.105E-02  1.027E-02  1.009E-02  9.895E-03  9.515E-03  8.884E-03  8.771E-03  7.942E-03  8.377E-03  7.432E-03  6.803E-03  6.985E-03  7.205E-03  6.752E-03  6.579E-03  5.884E-03  5.929E-03  5.854E-03  6.067E-03  5.377E-03  5.203E-03  5.076E-03  4.797E-03  4.530E-03  4.279E-03  4.185E-03  3.998E-03  3.840E-03  3.788E-03  3.748E-03  3.379E-03  3.193E-03  3.125E-03  3.097E-03  2.945E-03  2.687E-03  2.485E-03  2.450E-03  2.399E-03  2.176E-03  2.023E-03  1.898E-03  1.686E-03  1.706E-03  1.536E-03  1.459E-03  1.548E-03  1.400E-03  1.276E-03  1.146E-03  1.171E-03  9.996E-04  9.116E-04  9.465E-04  7.987E-04  5.700E-04  5.993E-04  5.513E-04  6.123E-04  5.461E-04  4.900E-04  4.398E-04  3.584E-04  3.393E-04  3.073E-04  3.017E-04  1.906E-04  2.204E-04  1.638E-04  1.475E-04  1.151E-04  1.089E-04  1.499E-04  1.081E-04  1.139E-04  7.781E-05  1.244E-04  7.843E-05  4.775E-05  6.529E-05  7.141E-05  3.558E-05  4.683E-05  4.072E-05  1.750E-05  3.481E-05  4.091E-05  1.742E-05  1.732E-05  1.729E-05  5.653E-06  0.000E+00  Z
 0.000E+00  0.000E+00  0.000E+00  0.000E+00  0.000E+00  0.000E+00  0.000E+00  0.000E+00  0.000E+00  0.000E+00  0.000E+00  0.000E+00  0.000E+00  0.000E+00  0.000E+00  0.000E+00  0.000E+00  0.000E+00  0.000E+00  3.716E-05  0.000E+00  0.000E+00  1.702E-05  1.678E-05  3.275E-05  3.232E-05  6.321E-05  4.692E-05  1.678E-04  1.343E-04  1.187E-04  3.062E-04  3.160E-04  7.763E-04  5.583E-04  7.264E-04  1.081E-03  1.695E-03  1.932E-03  2.455E-03  2.685E-03  3.801E-03  4.151E-03  5.490E-03  6.688E-03  7.058E-03  8.674E-03  9.355E-03  1.051E-02  1.194E-02  1.328E-02  1.425E-02  1.572E-02  1.734E-02  1.827E-02  1.975E-02  2.042E-02  2.165E-02  2.242E-02  2.335E-02  2.437E-02  2.611E-02  2.612E-02  2.638E-02  2.792E-02  2.820E-02  2.866E-02  2.830E-02  2.982E-02  2.972E-02  2.949E-02  2.935E-02  2.945E-02  2.934E-02  2.949E-02  2.870E-02  2.907E-02  2.917E-02  2.862E-02  3.050E-02  2.816E-02  2.850E-02  2.734E-02  2.835E-02  2.669E-02  2.700E-02  2.634E-02  2.503E-02  2.517E-02  2.400E-02  2.358E-02  2.319E-02  2.345E-02  2.203E-02  2.193E-02  2.133E-02  2.011E-02  1.903E-02  1.857E-02  1.803E-02  1.776E-02  1.759E-02  1.613E-02  1.554E-02  1.569E-02  1.459E-02  1.409E-02  1.324E-02  1.263E-02  1.226E-02  1.284E-02  1.179E-02  1.192E-02  1.109E-02  1.044E-02  1.022E-02  1.019E-02  9.334E-03  9.097E-03  8.673E-03  8.946E-03  8.473E-03  7.979E-03  7.486E-03  7.224E-03  7.124E-03  7.214E-03  6.873E-03  6.479E-03  6.225E-03  6.353E-03  6.189E-03  5.537E-03  5.577E-03  5.020E-03  5.211E-03  4.656E-03  4.539E-03  4.619E-03  4.513E-03  4.591E-03  3.831E-03  3.806E-03  3.649E-03  3.540E-03  3.611E-03  3.478E-03  2.954E-03  2.956E-03  2.840E-03  2.477E-03  2.506E-03  2.332E-03  2.446E-03  2.381E-03  2.016E-03  1.953E-03  1.800E-03  1.706E-03  1.539E-03  1.434E-03  1.418E-03  1.384E-03  1.301E-03  1.117E-03  1.117E-03  8.916E-04  9.880E-04  8.955E-04  7.627E-04  7.607E-04  7.176E-04  6.412E-04  5.457E-04  6.134E-04  4.825E-04  4.186E-04  3.750E-04  3.685E-04  2.510E-04  2.418E-04  1.821E-04  1.998E-04  1.625E-04  1.266E-04  1.743E-04  2.148E-04  1.184E-04  8.277E-05  8.968E-05  8.334E-05  7.073E-05  7.761E-05  1.192E-05  6.425E-05  3.523E-05  2.331E-05  2.931E-05  4.028E-05  1.134E-05  2.859E-05  2.884E-05  1.724E-05  5.488E-06  1.698E-05  1.148E-05  2.237E-05  1.755E-05  5.823E-06  0.000E+00  Z
 0.000E+00  0.000E+00  0.000E+00  0.000E+00  0.000E+00  0.000E+00  0.000E+00  0.000E+00  0.000E+00  0.000E+00  0.000E+00  0.000E+00  0.000E+00  0.000E+00  0.000E+00  0.000E+00  0.000E+00  0.000E+00  0.000E+00  1.836E-05  0.000E+00  1.756E-05  1.731E-05  3.375E-05  4.944E-05  3.220E-05  9.554E-05  3.130E-05  1.380E-04  1.655E-04  1.183E-04  2.766E-04  2.714E-04  4.097E-04  4.587E-04  7.141E-04  8.787E-04  1.453E-03  1.871E-03  2.142E-03  3.002E-03  3.347E-03  4.358E-03  5.833E-03  5.890E-03  6.965E-03  7.993E-03  9.091E-03  1.027E-02  1.164E-02  1.298E-02  1.402E-02  1.523E-02  1.666E-02  1.810E-02  1.880E-02  1.995E-02  2.124E-02  2.240E-02  2.415E-02  2.446E-02  2.474E-02  2.569E-02  2.727E-02  2.777E-02  2.672E-02  2.850E-02  2.826E-02  2.871E-02  2.892E-02  2.907E-02  2.898E-02  2.963E-02  2.904E-02  2.901E-02  2.885E-02  2.829E-02  2.822E-02  2.905E-02  2.804E-02  2.823E-02  2.783E-02  2.733E-02  2.724E-02  2.686E-02  2.593E-02  2.615E-02  2.572E-02  2.592E-02  2.545E-02  2.535E-02  2.384E-02  2.285E-02  2.273E-02  2.131E-02  2.172E-02  2.056E-02  1.911E-02  1.971E-02  1.914E-02  1.834E-02  1.811E-02  1.707E-02  1.562E-02  1.638E-02  1.562E-02  1.468E-02  1.429E-02  1.393E-02  1.269E-02  1.309E-02  1.251E-02  1.133E-02  1.106E-02  1.114E-02  1.022E-02  1.037E-02  1.030E-02  9.746E-03  9.084E-03  8.612E-03  9.015E-03  8.755E-03  8.197E-03  8.012E-03  7.399E-03  7.347E-03  7.064E-03  7.240E-03  7.045E-03  6.947E-03  6.809E-03  6.455E-03  5.811E-03  5.881E-03  5.687E-03  5.693E-03  5.202E-03  4.610E-03  5.114E-03  5.024E-03  4.584E-03  4.725E-03  4.060E-03  4.041E-03  4.270E-03  3.845E-03  3.717E-03  3.974E-03  3.673E-03  3.281E-03  3.266E-03  2.883E-03  2.898E-03  3.064E-03  2.847E-03  2.700E-03  2.390E-03  2.517E-03  2.282E-03  1.974E-03  2.030E-03  1.861E-03  1.986E-03  1.604E-03  1.618E-03  1.371E-03  1.387E-03  1.404E-03  1.163E-03  1.085E-03  1.025E-03  9.486E-04  9.141E-04  7.709E-04  9.141E-04  6.288E-04  7.070E-04  5.881E-04  4.233E-04  4.792E-04  3.469E-04  4.049E-04  3.624E-04  3.125E-04  2.593E-04  2.630E-04  2.216E-04  1.785E-04  1.197E-04  1.658E-04  1.309E-04  1.424E-04  1.375E-04  7.711E-05  7.485E-05  6.380E-05  3.506E-05  4.687E-05  3.518E-05  4.068E-05  4.052E-05  2.848E-05  1.157E-05  1.685E-05  2.275E-05  3.425E-05  1.110E-05  5.663E-06  0.000E+00  Z
 0.000E+00  0.000E+00  0.000E+00  0.000E+00  0.000E+00  0.000E+00  0.000E+00  0.000E+00  0.000E+00  0.000E+00  0.000E+00  0.000E+00  0.000E+00  0.000E+00  0.000E+00  0.000E+00  0.000E+00  1.948E-05  0.000E+00  0.000E+00  0.000E+00  0.000E+00  3.452E-05  3.382E-05  1.638E-05  1.131E-04  4.752E-05  9.377E-05  6.155E-05  1.954E-04  2.364E-04  2.183E-04  4.428E-04  4.522E-04  6.388E-04  6.851E-04  9.993E-04  1.186E-03  1.644E-03  2.222E-03  2.718E-03  3.578E-03  4.039E-03  4.731E-03  5.822E-03  6.540E-03  7.813E-03  8.601E-03  1.048E-02  1.119E-02  1.182E-02  1.433E-02  1.525E-02  1.623E-02  1.712E-02  1.922E-02  1.998E-02  2.058E-02  2.177E-02  2.254E-02  2.409E-02  2.440E-02  2.608E-02  2.550E-02  2.605E-02  2.722E-02  2.746E-02  2.750E-02  2.919E-02  2.884E-02  2.853E-02  2.948E-02  2.893E-02  2.955E-02  2.858E-02  2.999E-02  2.867E-02  2.915E-02  2.914E-02  2.847E-02  2.793E-02  2.796E-02  2.739E-02  2.813E-02  2.747E-02  2.647E-02  2.668E-02  2.593E-02  2.494E-02  2.511E-02  2.471E-02  2.506E-02  2.349E-02  2.325E-02  2.246E-02  2.090E-02  2.076E-02  2.086E-02  2.040E-02  1.854E-02  1.889E-02  1.861E-02  1.710E-02  1.669E-02  1.616E-02  1.566E-02  1.568E-02  1.523E-02  1.424E-02  1.320E-02  1.394E-02  1.315E-02  1.290E-02  1.171E-02  1.174E-02  1.143E-02  1.101E-02  1.054E-02  1.042E-02  1.030E-02  9.981E-03  9.512E-03  9.227E-03  8.975E-03  8.803E-03  8.364E-03  8.110E-03  8.375E-03  8.028E-03  7.631E-03  7.329E-03  7.032E-03  6.982E-03  7.036E-03  6.467E-03  6.150E-03  6.071E-03  5.768E-03  6.014E-03  5.823E-03  5.710E-03  5.483E-03  5.136E-03  5.250E-03  5.063E-03  4.909E-03  4.804E-03  4.329E-03  4.901E-03  4.559E-03  4.506E-03  4.114E-03  3.992E-03  3.685E-03  3.870E-03  3.542E-03  3.648E-03  3.377E-03  3.318E-03  2.989E-03  2.862E-03  2.657E-03  2.748E-03  2.554E-03  2.480E-03  2.388E-03  2.321E-03  1.935E-03  1.912E-03  2.084E-03  1.783E-03  1.532E-03  1.440E-03  1.405E-03  1.394E-03  1.245E-03  1.183E-03  1.008E-03  8.822E-04  9.211E-04  8.812E-04  8.131E-04  6.933E-04  6.285E-04  5.558E-04  5.904E-04  4.791E-04  4.070E-04  3.144E-04  4.395E-04  3.372E-04  2.411E-04  1.998E-04  2.704E-04  1.468E-04  2.395E-04  1.809E-04  1.612E-04  1.614E-04  9.318E-05  1.093E-04  9.185E-05  5.785E-05  7.931E-05  5.759E-05  4.565E-05  7.321E-05  4.503E-05  2.850E-05  5.416E-06  2.835E-05  1.704E-05  1.145E-05  0.000E+00  Z
