nu_l
Z
Z
Z
Z
Z
Z
Z
Z
Z
Z
Z
Z
Z
Z
Z
Z
Z
Z
Z
Z
Z
Z
Z
Z
Z
 0.000E+00  0.000E+00  0.000E+00  0.000E+00  0.000E+00  0.000E+00  0.000E+00  0.000E+00  0.000E+00  0.000E+00  0.000E+00  0.000E+00  0.000E+00  0.000E+00  0.000E+00  0.000E+00  0.000E+00  0.000E+00  0.000E+00  0.000E+00  0.000E+00  0.000E+00  0.000E+00  0.000E+00  0.000E+00  6.081E-04  7.864E-03  1.989E-02  3.264E-02  4.343E-02  5.703E-02  6.760E-02  8.034E-02  8.782E-02  9.794E-02  1.078E-01  1.211E-01  1.225E-01  1.200E-01  1.216E-01  1.188E-01  1.178E-01  1.167E-01  1.164E-01  1.132E-01  1.147E-01  1.112E-01  1.112E-01  1.089E-01  1.070E-01  1.075E-01  1.077E-01  1.050E-01  1.019E-01  1.027E-01  9.936E-02  1.011E-01  9.865E-02  9.548E-02  9.562E-02  9.333E-02  9.391E-02  9.289E-02  9.035E-02  8.662E-02  8.219E-02  7.862E-02  7.537E-02  7.387E-02  6.831E-02  6.855E-02  6.807E-02  6.599E-02  6.738E-02  6.608E-02  6.532E-02  6.402E-02  6.474E-02  6.378E-02  6.302E-02  6.131E-02  5.901E-02  5.944E-02  5.745E-02  5.727E-02  5.452E-02  5.370E-02  5.274E-02  5.186E-02  4.976E-02  4.936E-02  4.643E-02  4.732E-02  4.411E-02  4.401E-02  4.266E-02  4.098E-02  4.058E-02  3.907E-02  3.660E-02  3.617E-02  3.510E-02  3.301E-02  3.269E-02  3.056E-02  2.921E-02  2.823E-02  2.710E-02  2.719E-02  2.405E-02  2.301E-02  2.184E-02  2.102E-02  1.966E-02  1.818E-02  1.628E-02  1.696E-02  1.572E-02  1.484E-02  1.394E-02  1.345E-02  1.206E-02  1.142E-02  1.057E-02  1.007E-02  9.368E-03  8.985E-03  8.001E-03  8.251E-03  7.525E-03  7.069E-03  6.526E-03  6.039E-03  5.652E-03  5.431E-03  5.055E-03  4.635E-03  3.983E-03  3.936E-03  3.504E-03  3.322E-03  3.078E-03  2.920E-03  2.887E-03  2.362E-03  2.271E-03  2.086E-03  2.000E-03  2.034E-03  1.706E-03  1.727E-03  1.487E-03  1.375E-03  1.267E-03  1.028E-03  1.007E-03  7.839E-04  7.501E-04  5.755E-04  6.444E-04  6.778E-04  4.951E-04  4.614E-04  4.224E-04  4.151E-04  3.442E-04  2.980E-04  1.773E-04  2.705E-04  2.321E-04  1.309E-04  1.177E-04  1.054E-04  1.125E-04  1.569E-04  9.252E-05  4.928E-05  9.242E-05  3.102E-05  5.500E-05  3.631E-05  1.791E-05  3.562E-05  6.022E-06  1.818E-05  5.966E-06  0.000E+00  Z
 0.000E+00  0.000E+00  0.000E+00  0.000E+00  0.000E+00  0.000E+00  0.000E+00  0.000E+00  0.000E+00  0.000E+00  0.000E+00  0.000E+00  0.000E+00  0.000E+00  0.000E+00  0.000E+00  0.000E+00  9.134E-04  4.268E-03  8.766E-03  1.365E-02  1.878E-02  2.355E-02  2.780E-02  3.122E-02  3.714E-02  4.198E-02  4.662E-02  4.962E-02  5.595E-02  5.981E-02  6.409E-02  6.593E-02  6.966E-02  7.348E-02  7.747E-02  8.018E-02  8.419E-02  8.751E-02  8.804E-02  9.053E-02  9.538E-02  9.729E-02  9.877E-02  1.016E-01  1.026E-01  1.062E-01  1.055E-01  1.111E-01  1.100E-01  1.081E-01  1.064E-01  1.047E-01  1.031E-01  1.038E-01  1.031E-01  9.950E-02  9.950E-02  9.757E-02  9.619E-02  9.342E-02  9.022E-02  8.911E-02  8.660E-02  8.463E-02  8.275E-02  8.254E-02  7.996E-02  7.870E-02  7.689E-02  7.482E-02  7.560E-02  7.239E-02  7.189E-02  6.794E-02  6.877E-02  6.582E-02  6.454E-02  6.403E-02  6.215E-02  6.168E-02  6.073E-02  5.789E-02  6.037E-02  5.676E-02  5.589E-02  5.586E-02  5.361E-02  5.198E-02  5.149E-02  4.893E-02  4.839E-02  4.668E-02  4.659E-02  4.382E-02  4.322E-02  4.224E-02  4.045E-02  3.911E-02  3.784E-02  3.743E-02  3.473E-02  3.461E-02  3.331E-02  3.214E-02  2.973E-02  2.927E-02  2.773E-02  2.676E-02  2.559E-02  2.412E-02  2.316E-02  2.199E-02  2.061E-02  1.972E-02  1.889E-02  1.757E-02  1.634E-02  1.516E-02  1.434E-02  1.411E-02  1.368E-02  1.204E-02  1.117E-02  1.114E-02  9.835E-03  9.633E-03  8.830E-03  8.209E-03  8.002E-03  8.100E-03  7.147E-03  6.191E-03  5.786E-03  5.544E-03  5.231E-03  4.643E-03  4.781E-03  4.270E-03  3.719E-03  3.518E-03  3.343E-03  3.024E-03  3.038E-03  2.721E-03  2.414E-03  2.390E-03  2.259E-03  1.994E-03  1.663E-03  1.817E-03  1.448E-03  1.557E-03  1.293E-03  1.098E-03  1.207E-03  8.424E-04  9.047E-04  6.624E-04  8.155E-04  6.333E-04  5.150E-04  5.644E-04  4.031E-04  4.440E-04  4.008E-04  3.287E-04  2.793E-04  2.516E-04  1.626E-04  1.497E-04  1.828E-04  1.625E-04  5.685E-05  1.353E-04  1.287E-04  1.050E-04  7.993E-05  3.680E-05  4.266E-05  4.300E-05  3.579E-05  3.054E-05  6.179E-06  1.755E-05  2.955E-05  0.000E+00  Z
 0.000E+00  0.000E+00  0.000E+00  0.000E+00  0.000E+00  0.000E+00  0.000E+00  0.000E+00  0.000E+00  0.000E+00  0.000E+00  5.996E-04  2.240E-03  4.600E-03  8.047E-03  1.068E-02  1.394E-02  1.678E-02  1.995E-02  2.376E-02  2.668E-02  3.059E-02  3.367E-02  3.617E-02  3.790E-02  4.118E-02  4.599E-02  4.949E-02  5.192E-02  5.384E-02  5.646E-02  6.080E-02  6.085E-02  6.394E-02  6.673E-02  6.954E-02  7.162E-02  7.440E-02  7.747E-02  7.675E-02  7.839E-02  8.098E-02  8.453E-02  8.294E-02  8.425E-02  8.489E-02  9.029E-02  9.037E-02  9.066E-02  9.056E-02  9.040E-02  9.284E-02  9.332E-02  9.574E-02  9.588E-02  9.644E-02  9.635E-02  9.471E-02  9.315E-02  9.279E-02  9.283E-02  9.228E-02  9.074E-02  8.834E-02  8.663E-02  8.725E-02  8.376E-02  8.269E-02  8.222E-02  7.917E-02  7.819E-02  7.694E-02  7.530E-02  7.422E-02  7.324E-02  7.066E-02  6.968E-02  6.774E-02  6.648E-02  6.588E-02  6.410E-02  6.273E-02  6.289E-02  5.883E-02  5.759E-02  5.711E-02  5.613E-02  5.566E-02  5.328E-02  5.037E-02  5.024E-02  4.954E-02  4.801E-02  4.836E-02  4.702E-02  4.546E-02  4.334E-02  4.245E-02  4.052E-02  3.941E-02  3.912E-02  3.685E-02  3.624E-02  3.435E-02  3.379E-02  3.186E-02  3.049E-02  2.973E-02  2.810E-02  2.754E-02  2.570E-02  2.483E-02  2.308E-02  2.233E-02  2.193E-02  2.066E-02  1.995E-02  1.803E-02  1.734E-02  1.549E-02  1.560E-02  1.423E-02  1.367E-02  1.236E-02  1.241E-02  1.183E-02  1.105E-02  1.062E-02  9.392E-03  8.673E-03  8.598E-03  7.905E-03  7.432E-03  6.893E-03  6.677E-03  6.132E-03  5.793E-03  5.390E-03  4.938E-03  4.269E-03  4.211E-03  3.841E-03  3.837E-03  3.311E-03  2.985E-03  2.945E-03  2.752E-03  2.613E-03  2.416E-03  2.045E-03  1.946E-03  1.678E-03  1.584E-03  1.535E-03  1.494E-03  1.318E-03  1.178E-03  1.099E-03  8.136E-04  9.664E-04  7.665E-04  7.542E-04  6.974E-04  4.934E-04  4.586E-04  4.322E-04  4.026E-04  4.257E-04  3.652E-04  2.499E-04  3.066E-04  2.687E-04  1.799E-04  1.540E-04  1.993E-04  1.236E-04  1.845E-04  1.427E-04  8.679E-05  1.152E-04  9.710E-05  1.835E-05  6.011E-05  4.247E-05  4.737E-05  2.995E-05  2.344E-05  0.000E+00  Z
 0.000E+00  0.000E+00  0.000E+00  0.000E+00  0.000E+00  0.000E+00  0.000E+00  4.768E-04  1.653E-03  3.285E-03  5.167E-03  6.989E-03  9.710E-03  1.181E-02  1.522E-02  1.716E-02  1.968E-02  2.322E-02  2.570E-02  2.682E-02  2.887E-02  3.379E-02  3.640E-02  3.728E-02  4.224E-02  4.398E-02  4.516E-02  4.660E-02  5.048E-02  5.261E-02  5.571E-02  5.755E-02  5.862E-02  5.994E-02  6.412E-02  6.382E-02  6.700E-02  6.955E-02  7.007E-02  7.151E-02  7.219E-02  7.342E-02  7.828E-02  7.753E-02  7.926E-02  7.897E-02  8.086E-02  8.231E-02  8.430E-02  8.284E-02  8.333E-02  8.340E-02  8.633E-02  8.398E-02  8.646E-02  8.311E-02  8.261E-02  8.467E-02  8.368E-02  8.479E-02  8.304E-02  8.265E-02  8.143E-02  8.097E-02  8.158E-02  7.882E-02  7.994E-02  7.933E-02  7.946E-02  7.817E-02  7.643E-02  7.700E-02  7.712E-02  7.597E-02  7.381E-02  7.464E-02  7.246E-02  7.162E-02  6.968E-02  6.804E-02  6.659E-02  6.497E-02  6.495E-02  6.361E-02  6.071E-02  6.045E-02  5.963E-02  5.742E-02  5.668E-02  5.557E-02  5.358E-02  5.312E-02  5.107E-02  5.006E-02  4.975E-02  4.719E-02  4.559E-02  4.511E-02  4.264E-02  4.149E-02  4.083E-02  4.010E-02  3.751E-02  3.681E-02  3.564E-02  3.466E-02  3.255E-02  3.214E-02  3.017E-02  2.947E-02  2.834E-02  2.721E-02  2.632E-02  2.472E-02  2.434E-02  2.280E-02  2.030E-02  2.077E-02  1.956E-02  1.892E-02  1.801E-02  1.637E-02  1.617E-02  1.535E-02  1.470E-02  1.435E-02  1.330E-02  1.184E-02  1.202E-02  1.069E-02  1.031E-02  9.461E-03  8.891E-03  8.445E-03  7.775E-03  7.516E-03  6.824E-03  6.509E-03  5.954E-03  5.638E-03  4.866E-03  4.907E-03  4.485E-03  4.121E-03  3.796E-03  3.679E-03  3.549E-03  3.163E-03  3.061E-03  2.604E-03  2.617E-03  2.332E-03  2.122E-03  2.131E-03  1.665E-03  1.674E-03  1.448E-03  1.386E-03  1.238E-03  1.213E-03  1.008E-03  1.069E-03  8.599E-04  8.184E-04  6.069E-04  6.921E-04  5.639E-04  5.705E-04  4.523E-04  4.402E-04  4.303E-04  2.939E-04  2.636E-04  2.556E-04  2.865E-04  1.667E-04  1.471E-04  1.355E-04  1.481E-04  9.106E-05  9.696E-05  1.094E-04  6.721E-05  1.277E-04  4.835E-05  4.836E-05  6.011E-05  2.950E-05  2.977E-05  3.578E-05  2.924E-05  2.358E-05  2.975E-05  0.000E+00  Z
 0.000E+00  0.000E+00  0.000E+00  0.000E+00  7.674E-05  5.225E-04  1.411E-03  2.566E-03  4.316E-03  5.274E-03  7.439E-03  9.784E-03  1.100E-02  1.335E-02  1.593E-02  1.783E-02  2.045E-02  2.234E-02  2.649E-02  2.768E-02  2.978E-02  3.216E-02  3.399E-02  3.735E-02  3.935E-02  4.219E-02  4.419E-02  4.690E-02  4.976E-02  5.086E-02  5.133E-02  5.510E-02  5.463E-02  5.905E-02  6.190E-02  6.223E-02  6.419E-02  6.511E-02  6.930E-02  6.872E-02  7.134E-02  7.058E-02  7.361E-02  7.526E-02  7.613E-02  7.626E-02  7.748E-02  7.821E-02  7.882E-02  7.957E-02  7.994E-02  8.168E-02  8.260E-02  8.145E-02  8.138E-02  8.099E-02  8.012E-02  8.179E-02  7.951E-02  8.026E-02  8.027E-02  7.945E-02  7.796E-02  7.930E-02  7.823E-02  7.686E-02  7.696E-02  7.690E-02  7.541E-02  7.610E-02  7.528E-02  7.443E-02  7.314E-02  7.311E-02  7.202E-02  7.020E-02  6.903E-02  6.912E-02  6.934E-02  6.863E-02  6.701E-02  6.507E-02  6.671E-02  6.331E-02  6.217E-02  6.197E-02  6.174E-02  5.909E-02  5.868E-02  5.722E-02  5.557E-02  5.431E-02  5.335E-02  5.185E-02  4.982E-02  4.971E-02  4.721E-02  4.627E-02  4.528E-02  4.386E-02  4.286E-02  4.136E-02  4.021E-02  3.886E-02  3.616E-02  3.646E-02  3.442E-02  3.373E-02  3.310E-02  3.052E-02  3.063E-02  2.834E-02  2.856E-02  2.671E-02  2.514E-02  2.441E-02  2.328E-02  2.232E-02  2.161E-02  2.049E-02  1.960E-02  1.889E-02  1.775E-02  1.676E-02  1.677E-02  1.491E-02  1.484E-02  1.404E-02  1.339E-02  1.284E-02  1.174E-02  1.130E-02  1.014E-02  1.017E-02  9.908E-03  9.047E-03  8.027E-03  7.934E-03  7.142E-03  6.507E-03  6.351E-03  6.099E-03  5.419E-03  5.260E-03  4.822E-03  4.550E-03  4.301E-03  3.932E-03  3.550E-03  3.308E-03  3.477E-03  3.078E-03  2.784E-03  2.503E-03  2.265E-03  1.976E-03  2.038E-03  1.781E-03  1.662E-03  1.516E-03  1.345E-03  1.236E-03  1.151E-03  1.069E-03  8.083E-04  9.633E-04  7.161E-04  5.623E-04  6.431E-04  5.464E-04  4.447E-04  5.882E-04  5.033E-04  4.038E-04  3.095E-04  3.316E-04  2.278E-04  2.831E-04  1.773E-04  1.702E-04  1.903E-04  1.651E-04  1.212E-04  1.208E-04  1.258E-04  4.802E-05  9.566E-05  6.560E-05  3.558E-05  4.796E-05  7.766E-05  2.376E-05  2.387E-05  3.570E-05  2.375E-05  1.796E-05  5.983E-06  1.138E-05  1.714E-05  1.174E-05  1.139E-05  5.524E-06  1.155E-05  0.000E+00  Z
 0.000E+00  0.000E+00  0.000E+00  8.758E-05  4.622E-04  9.409E-04  1.956E-03  2.894E-03  4.513E-03  5.303E-03  7.137E-03  9.013E-03  1.066E-02  1.432E-02  1.472E-02  1.704E-02  1.956E-02  2.116E-02  2.415E-02  2.651E-02  2.781E-02  3.047E-02  3.260E-02  3.619E-02  3.831E-02  4.010E-02  4.100E-02  4.355E-02  4.753E-02  5.080E-02  5.070E-02  5.326E-02  5.559E-02  5.657E-02  5.757E-02  6.002E-02  6.234E-02  6.376E-02  6.513E-02  6.665E-02  7.009E-02  6.911E-02  7.092E-02  7.114E-02  7.272E-02  7.404E-02  7.420E-02  7.420E-02  7.726E-02  7.733E-02  7.950E-02  7.915E-02  7.844E-02  8.045E-02  7.898E-02  7.904E-02  7.897E-02  8.029E-02  7.872E-02  7.814E-02  7.728E-02  7.713E-02  7.464E-02  7.450E-02  7.486E-02  7.618E-02  7.452E-02  7.595E-02  7.409E-02  7.446E-02  7.267E-02  7.234E-02  7.247E-02  7.105E-02  6.938E-02  7.025E-02  6.777E-02  6.860E-02  6.792E-02  6.693E-02  6.632E-02  6.421E-02  6.489E-02  6.287E-02  6.408E-02  5.945E-02  6.033E-02  5.950E-02  5.804E-02  5.628E-02  5.639E-02  5.557E-02  5.356E-02  5.169E-02  5.071E-02  5.046E-02  4.945E-02  4.769E-02  4.597E-02  4.579E-02  4.415E-02  4.271E-02  4.272E-02  4.060E-02  3.902E-02  3.785E-02  3.751E-02  3.520E-02  3.361E-02  3.307E-02  3.239E-02  3.079E-02  2.948E-02  2.789E-02  2.770E-02  2.605E-02  2.536E-02  2.381E-02  2.302E-02  2.295E-02  2.140E-02  2.056E-02  1.958E-02  1.826E-02  1.736E-02  1.750E-02  1.614E-02  1.517E-02  1.538E-02  1.385E-02  1.338E-02  1.317E-02  1.248E-02  1.124E-02  1.097E-02  1.032E-02  1.009E-02  9.518E-03  8.279E-03  8.170E-03  7.519E-03  7.168E-03  7.237E-03  6.442E-03  6.215E-03  5.884E-03  5.195E-03  4.899E-03  4.506E-03  4.223E-03  4.067E-03  3.914E-03  3.564E-03  3.337E-03  2.939E-03  2.368E-03  2.627E-03  2.406E-03  2.484E-03  1.927E-03  1.987E-03  1.844E-03  1.530E-03  1.538E-03  1.253E-03  1.360E-03  1.004E-03  1.020E-03  9.939E-04  9.102E-04  6.965E-04  5.673E-04  5.526E-04  4.989E-04  4.270E-04  4.023E-04  3.408E-04  3.547E-04  2.933E-04  2.201E-04  3.228E-04  1.829E-04  1.341E-04  1.999E-04  9.144E-05  1.317E-04  1.258E-04  1.315E-04  8.349E-05  7.134E-05  5.935E-05  5.323E-05  2.926E-05  5.896E-05  2.949E-05  5.851E-05  2.854E-05  3.500E-05  2.962E-05  2.884E-05  2.903E-05  1.146E-05  2.303E-05  5.633E-06  1.138E-05  5.912E-06  0.000E+00  Z
 0.000E+00  0.000E+00  5.181E-05  4.352E-05  4.628E-04  1.149E-03  1.987E-03  3.163E-03  4.512E-03  5.673E-03  7.037E-03  8.511E-03  1.068E-02  1.255E-02  1.553E-02  1.773E-02  1.933E-02  2.145E-02  2.404E-02  2.715E-02  2.876E-02  2.912E-02  3.286E-02  3.516E-02  3.763E-02  3.995E-02  4.124E-02  4.279E-02  4.679E-02  4.634E-02  4.866E-02  5.100E-02  5.283E-02  5.599E-02  5.840E-02  5.970E-02  6.151E-02  6.290E-02  6.387E-02  6.542E-02  6.659E-02  6.806E-02  7.054E-02  7.029E-02  7.084E-02  7.320E-02  7.427E-02  7.419E-02  7.697E-02  7.640E-02  7.633E-02  7.768E-02  7.824E-02  7.865E-02  7.753E-02  7.951E-02  7.826E-02  7.812E-02  7.567E-02  7.745E-02  7.557E-02  7.516E-02  7.674E-02  7.397E-02  7.486E-02  7.497E-02  7.550E-02  7.400E-02  7.431E-02  7.316E-02  7.235E-02  7.275E-02  7.079E-02  7.185E-02  7.068E-02  6.984E-02  6.974E-02  6.836E-02  6.690E-02  6.548E-02  6.641E-02  6.399E-02  6.301E-02  6.202E-02  6.159E-02  6.044E-02  5.997E-02  5.965E-02  5.708E-02  5.805E-02  5.591E-02  5.422E-02  5.332E-02  5.343E-02  5.207E-02  5.063E-02  4.938E-02  4.801E-02  4.707E-02  4.631E-02  4.428E-02  4.432E-02  4.275E-02  4.088E-02  3.926E-02  3.987E-02  3.721E-02  3.697E-02  3.462E-02  3.345E-02  3.328E-02  3.217E-02  3.077E-02  2.953E-02  2.830E-02  2.764E-02  2.633E-02  2.509E-02  2.454E-02  2.292E-02  2.312E-02  2.229E-02  2.066E-02  1.960E-02  1.940E-02  1.849E-02  1.782E-02  1.709E-02  1.579E-02  1.511E-02  1.450E-02  1.356E-02  1.285E-02  1.243E-02  1.146E-02  1.146E-02  1.066E-02  1.007E-02  9.649E-03  9.280E-03  8.656E-03  8.165E-03  7.618E-03  7.334E-03  6.973E-03  6.644E-03  6.095E-03  5.819E-03  5.292E-03  5.285E-03  4.452E-03  4.521E-03  3.996E-03  4.110E-03  3.512E-03  3.130E-03  2.798E-03  2.955E-03  2.638E-03  2.437E-03  2.193E-03  2.118E-03  2.018E-03  1.776E-03  1.474E-03  1.629E-03  1.294E-03  1.265E-03  1.223E-03  1.105E-03  9.319E-04  7.953E-04  8.324E-04  7.249E-04  5.694E-04  5.400E-04  6.145E-04  5.399E-04  3.813E-04  3.469E-04  3.237E-04  3.281E-04  3.321E-04  1.694E-04  2.477E-04  1.560E-04  1.574E-04  1.383E-04  1.072E-04  8.307E-05  7.039E-05  8.877E-05  9.365E-05  7.635E-05  8.244E-05  5.801E-05  6.399E-05  3.446E-05  2.966E-05  3.472E-05  4.025E-05  2.295E-05  2.929E-05  2.311E-05  2.826E-05  1.684E-05  1.682E-05  1.705E-05  0.000E+00  Z
 0.000E+00  0.000E+00  1.557E-04  1.748E-04  3.462E-04  1.116E-03  1.506E-03  2.805E-03  3.644E-03  5.303E-03  6.783E-03  8.244E-03  1.031E-02  1.230E-02  1.399E-02  1.617E-02  1.730E-02  2.021E-02  2.176E-02  2.486E-02  2.549E-02  2.786E-02  3.204E-02  3.223E-02  3.575E-02  3.784E-02  3.935E-02  4.212E-02  4.321E-02  4.468E-02  4.775E-02  5.022E-02  5.097E-02  5.271E-02  5.604E-02  5.665E-02  5.881E-02  6.254E-02  6.168E-02  6.515E-02  6.392E-02  6.660E-02  6.669E-02  6.665E-02  7.007E-02  7.191E-02  7.309E-02  7.428E-02  7.370E-02  7.613E-02  7.647E-02  7.679E-02  7.683E-02  7.691E-02  7.664E-02  7.726E-02  7.652E-02  7.510E-02  7.674E-02  7.763E-02  7.599E-02  7.726E-02  7.651E-02  7.362E-02  7.513E-02  7.509E-02  7.475E-02  7.488E-02  7.394E-02  7.247E-02  7.281E-02  7.370E-02  7.198E-02  6.955E-02  6.763E-02  7.093E-02  6.918E-02  6.841E-02  6.786E-02  6.682E-02  6.501E-02  6.443E-02  6.318E-02  6.304E-02  6.229E-02  6.164E-02  6.026E-02  5.942E-02  5.788E-02  5.787E-02  5.690E-02  5.506E-02  5.493E-02  5.249E-02  5.062E-02  5.076E-02  4.908E-02  4.830E-02  4.790E-02  4.596E-02  4.525E-02  4.347E-02  4.344E-02  4.175E-02  4.036E-02  3.948E-02  3.867E-02  3.748E-02  3.669E-02  3.451E-02  3.335E-02  3.263E-02  3.156E-02  3.071E-02  2.960E-02  2.871E-02  2.894E-02  2.622E-02  2.539E-02  2.435E-02  2.423E-02  2.308E-02  2.220E-02  2.093E-02  2.065E-02  1.925E-02  1.878E-02  1.819E-02  1.711E-02  1.692E-02  1.569E-02  1.502E-02  1.433E-02  1.344E-02  1.308E-02  1.255E-02  1.157E-02  1.111E-02  1.082E-02  1.000E-02  9.618E-03  8.706E-03  9.085E-03  8.588E-03  8.066E-03  7.556E-03  7.567E-03  6.334E-03  6.220E-03  6.187E-03  5.359E-03  5.415E-03  5.154E-03  4.466E-03  4.467E-03  4.438E-03  3.958E-03  3.343E-03  3.788E-03  3.117E-03  2.839E-03  2.740E-03  2.437E-03  2.190E-03  2.054E-03  2.047E-03  1.802E-03  1.644E-03  1.564E-03  1.485E-03  1.245E-03  1.332E-03  1.058E-03  9.355E-04  7.552E-04  8.051E-04  8.803E-04  6.185E-04  6.410E-04  5.175E-04  4.065E-04  3.594E-04  5.148E-04  3.738E-04  3.847E-04  2.843E-04  2.255E-04  2.619E-04  2.506E-04  1.852E-04  1.014E-04  1.651E-04  1.173E-04  1.186E-04  8.870E-05  8.056E-05  7.020E-05  7.553E-05  9.402E-05  4.059E-05  5.178E-05  4.726E-05  4.583E-05  2.276E-05  1.674E-05  1.110E-05  1.691E-05  1.719E-05  1.135E-05  1.135E-05  0.000E+00  Z
 0.000E+00  0.000E+00  1.550E-04  4.387E-05  5.779E-04  1.010E-03  2.051E-03  3.341E-03  3.590E-03  5.013E-03  7.441E-03  8.172E-03  1.045E-02  1.184E-02  1.406E-02  1.650E-02  1.620E-02  1.971E-02  2.247E-02  2.297E-02  2.484E-02  2.804E-02  3.082E-02  3.222E-02  3.441E-02  3.690E-02  3.776E-02  4.117E-02  4.177E-02  4.422E-02  4.696E-02  4.804E-02  5.226E-02  5.207E-02  5.404E-02  5.628E-02  5.811E-02  6.040E-02  5.982E-02  6.253E-02  6.382E-02  6.382E-02  6.633E-02  6.702E-02  7.109E-02  7.065E-02  7.162E-02  7.330E-02  7.382E-02  7.316E-02  7.618E-02  7.600E-02  7.673E-02  7.681E-02  7.555E-02  7.617E-02  7.660E-02  7.712E-02  7.656E-02  7.437E-02  7.449E-02  7.436E-02  7.543E-02  7.361E-02  7.484E-02  7.407E-02  7.441E-02  7.396E-02  7.296E-02  7.205E-02  7.259E-02  7.149E-02  7.095E-02  7.052E-02  6.883E-02  6.971E-02  6.936E-02  6.813E-02  6.729E-02  6.596E-02  6.611E-02  6.535E-02  6.330E-02  6.212E-02  6.265E-02  6.089E-02  6.112E-02  5.926E-02  5.843E-02  5.747E-02  5.565E-02  5.576E-02  5.303E-02  5.242E-02  5.304E-02  5.184E-02  5.129E-02  4.867E-02  4.648E-02  4.574E-02  4.642E-02  4.533E-02  4.284E-02  4.226E-02  4.109E-02  4.037E-02  3.890E-02  3.761E-02  3.615E-02  3.525E-02  3.456E-02  3.395E-02  3.253E-02  3.084E-02  3.109E-02  2.875E-02  2.781E-02  2.718E-02  2.700E-02  2.485E-02  2.402E-02  2.389E-02  2.331E-02  2.259E-02  2.159E-02  1.963E-02  1.930E-02  1.883E-02  1.724E-02  1.737E-02  1.642E-02  1.534E-02  1.545E-02  1.419E-02  1.352E-02  1.316E-02  1.249E-02  1.203E-02  1.158E-02  1.106E-02  9.955E-03  9.616E-03  8.862E-03  9.203E-03  8.504E-03  8.036E-03  7.581E-03  6.868E-03  6.986E-03  6.882E-03  5.817E-03  5.635E-03  5.358E-03  5.148E-03  4.703E-03  4.722E-03  4.292E-03  3.889E-03  3.664E-03  3.363E-03  3.193E-03  2.926E-03  2.723E-03  2.411E-03  2.400E-03  2.183E-03  2.100E-03  1.906E-03  1.889E-03  1.890E-03  1.434E-03  1.507E-03  1.348E-03  1.242E-03  1.141E-03  1.060E-03  8.576E-04  9.700E-04  8.021E-04  6.343E-04  5.303E-04  5.551E-04  5.199E-04  3.786E-04  4.106E-04  3.782E-04  2.517E-04  2.853E-04  1.982E-04  2.140E-04  1.548E-04  2.303E-04  7.665E-05  1.298E-04  8.222E-05  1.058E-04  1.158E-04  6.979E-05  8.751E-05  9.326E-05  1.097E-04  6.970E-05  4.038E-05  3.487E-05  1.114E-05  4.015E-05  2.291E-05  5.109E-05  1.109E-05  1.670E-05  3.426E-05  5.490E-06  0.000E+00  Z
 0.000E+00  0.000E+00  0.000E+00  1.317E-04  6.544E-04  7.657E-04  1.697E-03  2.240E-03  3.672E-03  4.351E-03  5.779E-03  7.230E-03  8.441E-03  1.081E-02  1.243E-02  1.424E-02  1.690E-02  1.854E-02  1.978E-02  2.236E-02  2.361E-02  2.741E-02  2.842E-02  3.187E-02  3.304E-02  3.457E-02  3.755E-02  3.939E-02  4.215E-02  4.196E-02  4.587E-02  4.717E-02  4.809E-02  5.180E-02  5.322E-02  5.443E-02  5.681E-02  5.749E-02  6.040E-02  6.048E-02  6.368E-02  6.385E-02  6.690E-02  6.682E-02  6.846E-02  6.999E-02  7.040E-02  7.103E-02  7.235E-02  7.286E-02  7.507E-02  7.444E-02  7.350E-02  7.437E-02  7.495E-02  7.539E-02  7.886E-02  7.515E-02  7.575E-02  7.449E-02  7.502E-02  7.575E-02  7.494E-02  7.278E-02  7.469E-02  7.309E-02  7.427E-02  7.238E-02  7.363E-02  7.217E-02  7.191E-02  7.246E-02  7.186E-02  7.017E-02  6.811E-02  7.044E-02  6.774E-02  6.763E-02  6.782E-02  6.679E-02  6.664E-02  6.697E-02  6.346E-02  6.245E-02  6.271E-02  6.132E-02  6.105E-02  5.951E-02  5.947E-02  5.736E-02  5.732E-02  5.654E-02  5.513E-02  5.262E-02  5.300E-02  5.072E-02  5.060E-02  4.939E-02  4.858E-02  4.687E-02  4.516E-02  4.481E-02  4.448E-02  4.304E-02  4.217E-02  4.027E-02  3.919E-02  3.819E-02  3.672E-02  3.627E-02  3.449E-02  3.424E-02  3.293E-02  3.180E-02  3.053E-02  2.995E-02  2.815E-02  2.710E-02  2.757E-02  2.602E-02  2.513E-02  2.483E-02  2.267E-02  2.253E-02  2.159E-02  2.073E-02  1.984E-02  1.994E-02  1.885E-02  1.749E-02  1.730E-02  1.673E-02  1.577E-02  1.531E-02  1.492E-02  1.394E-02  1.338E-02  1.372E-02  1.196E-02  1.209E-02  1.163E-02  1.081E-02  1.039E-02  1.024E-02  9.615E-03  9.028E-03  8.591E-03  8.327E-03  7.601E-03  7.593E-03  7.118E-03  6.516E-03  6.230E-03  6.293E-03  5.577E-03  5.535E-03  5.178E-03  4.806E-03  4.463E-03  4.180E-03  3.833E-03  4.051E-03  3.786E-03  3.403E-03  3.168E-03  3.096E-03  2.883E-03  2.672E-03  2.356E-03  2.284E-03  2.074E-03  1.909E-03  1.751E-03  1.651E-03  1.584E-03  1.241E-03  1.197E-03  1.135E-03  1.056E-03  1.055E-03  1.004E-03  6.924E-04  7.337E-04  6.529E-04  6.074E-04  4.447E-04  4.534E-04  4.061E-04  3.040E-04  2.665E-04  2.702E-04  2.658E-04  2.659E-04  1.529E-04  1.471E-04  1.403E-04  1.531E-04  9.347E-05  9.325E-05  8.230E-05  8.016E-05  8.008E-05  5.106E-05  6.963E-05  4.602E-05  7.355E-05  6.209E-05  1.687E-05  2.827E-05  5.454E-06  2.816E-05  2.819E-05  3.390E-05  0.000E+00  Z
 0.000E+00  0.000E+00  5.177E-05  2.181E-04  4.628E-04  8.703E-04  1.668E-03  1.909E-03  2.576E-03  4.057E-03  6.153E-03  6.895E-03  7.949E-03  9.345E-03  1.172E-02  1.299E-02  1.499E-02  1.686E-02  1.965E-02  2.005E-02  2.257E-02  2.497E-02  2.693E-02  3.100E-02  3.070E-02  3.309E-02  3.531E-02  3.824E-02  4.024E-02  4.169E-02  4.288E-02  4.497E-02  4.737E-02  4.841E-02  5.213E-02  5.256E-02  5.607E-02  5.576E-02  5.932E-02  6.064E-02  6.123E-02  6.326E-02  6.323E-02  6.531E-02  6.690E-02  6.789E-02  7.010E-02  7.117E-02  7.050E-02  7.294E-02  7.176E-02  7.294E-02  7.518E-02  7.384E-02  7.526E-02  7.572E-02  7.574E-02  7.571E-02  7.584E-02  7.580E-02  7.256E-02  7.443E-02  7.499E-02  7.483E-02  7.518E-02  7.522E-02  7.377E-02  7.332E-02  7.264E-02  7.321E-02  7.281E-02  7.129E-02  7.159E-02  7.303E-02  6.892E-02  6.965E-02  6.959E-02  6.789E-02  6.725E-02  6.597E-02  6.668E-02  6.620E-02  6.501E-02  6.363E-02  6.187E-02  6.242E-02  6.145E-02  6.040E-02  5.916E-02  5.975E-02  5.697E-02  5.734E-02  5.423E-02  5.360E-02  5.221E-02  5.141E-02  5.140E-02  5.036E-02  4.907E-02  4.820E-02  4.686E-02  4.552E-02  4.494E-02  4.388E-02  4.246E-02  4.120E-02  4.027E-02  4.008E-02  3.770E-02  3.577E-02  3.570E-02  3.387E-02  3.392E-02  3.265E-02  3.211E-02  2.980E-02  3.075E-02  2.898E-02  2.832E-02  2.752E-02  2.626E-02  2.459E-02  2.409E-02  2.357E-02  2.233E-02  2.164E-02  2.184E-02  2.035E-02  2.008E-02  1.888E-02  1.791E-02  1.765E-02  1.715E-02  1.633E-02  1.577E-02  1.484E-02  1.455E-02  1.407E-02  1.352E-02  1.365E-02  1.275E-02  1.180E-02  1.117E-02  1.096E-02  1.067E-02  9.749E-03  1.016E-02  9.407E-03  9.109E-03  8.585E-03  8.317E-03  7.763E-03  7.823E-03  6.803E-03  6.798E-03  6.472E-03  6.236E-03  5.703E-03  5.703E-03  5.682E-03  4.939E-03  4.552E-03  4.425E-03  4.332E-03  3.924E-03  3.647E-03  3.593E-03  3.095E-03  3.262E-03  2.797E-03  2.638E-03  2.545E-03  2.336E-03  2.477E-03  2.154E-03  2.026E-03  1.726E-03  1.586E-03  1.638E-03  1.370E-03  1.333E-03  1.251E-03  1.146E-03  9.623E-04  8.069E-04  7.585E-04  7.294E-04  8.117E-04  5.909E-04  5.166E-04  4.987E-04  4.858E-04  4.171E-04  2.739E-04  3.419E-04  3.246E-04  3.172E-04  1.721E-04  1.809E-04  1.907E-04  1.854E-04  1.435E-04  1.262E-04  8.068E-05  1.491E-04  1.082E-04  6.247E-05  8.000E-05  5.698E-05  1.121E-05  3.893E-05  2.293E-05  3.359E-05  2.277E-05  2.883E-05  3.951E-05  1.084E-05  2.196E-05  5.620E-06  2.791E-05  1.068E-05  5.652E-06  5.339E-06  1.088E-05  1.065E-05  0.000E+00  Z
