nu_m
Z
Z
Z
 0.000E+00  0.000E+00  0.000E+00  4.349E-05  3.078E-04  8.014E-04  1.567E-03  3.312E-03  5.578E-03  8.216E-03  1.115E-02  1.482E-02  2.013E-02  2.462E-02  3.024E-02  3.891E-02  4.676E-02  5.339E-02  6.497E-02  7.287E-02  8.216E-02  9.636E-02  1.091E-01  1.190E-01  1.374E-01  1.488E-01  1.655E-01  1.794E-01  1.890E-01  2.044E-01  2.188E-01  2.327E-01  2.417E-01  2.526E-01  2.642E-01  3.749E-01  6.544E-01  6.556E-01  6.625E-01  6.825E-01  6.984E-01  7.049E-01  7.178E-01  7.274E-01  7.370E-01  7.365E-01  7.419E-01  7.367E-01  7.412E-01  7.359E-01  7.372E-01  7.322E-01  7.337E-01  7.426E-01  7.534E-01  7.598E-01  7.716E-01  7.657E-01  7.529E-01  7.402E-01  7.280E-01  7.210E-01  7.062E-01  6.931E-01  6.732E-01  6.557E-01  6.400E-01  6.182E-01  6.018E-01  5.833E-01  5.635E-01  5.443E-01  5.207E-01  4.962E-01  4.775E-01  4.543E-01  4.347E-01  4.187E-01  3.931E-01  3.698E-01  3.462E-01  3.280E-01  3.043E-01  2.845E-01  2.662E-01  2.490E-01  2.292E-01  2.161E-01  1.963E-01  1.848E-01  1.667E-01  1.533E-01  1.393E-01  1.293E-01  1.140E-01  1.046E-01  9.323E-02  8.385E-02  7.234E-02  6.426E-02  5.626E-02  4.951E-02  4.407E-02  3.937E-02  3.405E-02  2.984E-02  2.600E-02  2.271E-02  2.016E-02  1.633E-02  1.403E-02  4.870E-03  4.286E-03  3.740E-03  2.855E-03  2.462E-03  2.378E-03  1.701E-03  1.332E-03  1.259E-03  9.174E-04  7.222E-04  6.552E-04  5.586E-04  3.976E-04  4.522E-04  3.130E-04  2.033E-04  1.746E-04  1.810E-04  1.649E-04  1.070E-04  9.910E-05  9.840E-05  8.398E-05  4.895E-05  4.199E-05  4.839E-05  2.754E-05  2.788E-05  1.376E-05  1.371E-05  0.000E+00  Z
 0.000E+00  0.000E+00  5.170E-05  2.620E-04  4.617E-04  1.290E-03  2.434E-03  4.089E-03  6.111E-03  7.742E-03  1.079E-02  1.376E-02  1.954E-02  2.535E-02  2.918E-02  3.676E-02  4.531E-02  5.355E-02  6.231E-02  6.950E-02  7.906E-02  9.041E-02  1.008E-01  1.102E-01  1.259E-01  1.411E-01  1.539E-01  1.684E-01  1.836E-01  1.989E-01  2.076E-01  2.246E-01  2.351E-01  2.493E-01  2.615E-01  4.233E-01  6.213E-01  6.317E-01  6.445E-01  6.588E-01  6.708E-01  6.813E-01  6.894E-01  6.976E-01  7.058E-01  7.275E-01  7.295E-01  7.453E-01  7.701E-01  7.842E-01  7.922E-01  7.988E-01  8.041E-01  8.028E-01  7.958E-01  7.947E-01  7.835E-01  7.774E-01  7.657E-01  7.490E-01  7.336E-01  7.231E-01  7.026E-01  6.895E-01  6.695E-01  6.546E-01  6.314E-01  6.148E-01  5.955E-01  5.740E-01  5.534E-01  5.390E-01  5.136E-01  4.960E-01  4.717E-01  4.549E-01  4.372E-01  4.134E-01  3.963E-01  3.728E-01  3.552E-01  3.390E-01  3.232E-01  3.006E-01  2.820E-01  2.682E-01  2.475E-01  2.324E-01  2.205E-01  2.043E-01  1.926E-01  1.759E-01  1.628E-01  1.505E-01  1.395E-01  1.298E-01  1.187E-01  1.077E-01  9.900E-02  9.040E-02  8.200E-02  7.390E-02  6.710E-02  6.117E-02  5.373E-02  4.704E-02  4.177E-02  3.629E-02  3.171E-02  2.607E-02  2.308E-02  1.976E-02  1.628E-02  1.449E-02  1.222E-02  9.724E-03  7.664E-03  3.364E-03  3.097E-03  2.337E-03  1.884E-03  1.669E-03  1.332E-03  9.853E-04  8.895E-04  8.491E-04  6.490E-04  4.333E-04  3.975E-04  3.605E-04  3.375E-04  1.998E-04  1.566E-04  1.505E-04  1.129E-04  7.733E-05  7.069E-05  6.988E-05  6.294E-05  4.106E-05  2.758E-05  1.343E-05  2.725E-05  0.000E+00  Z
 0.000E+00  0.000E+00  1.036E-04  3.059E-04  9.632E-04  9.753E-04  2.499E-03  3.488E-03  4.007E-03  6.786E-03  9.531E-03  1.205E-02  1.539E-02  1.832E-02  2.315E-02  2.899E-02  3.638E-02  4.327E-02  4.911E-02  5.852E-02  6.740E-02  7.610E-02  8.570E-02  1.002E-01  1.123E-01  1.244E-01  1.371E-01  1.501E-01  1.669E-01  1.778E-01  1.906E-01  2.023E-01  2.188E-01  2.298E-01  2.433E-01  4.097E-01  4.959E-01  5.149E-01  5.319E-01  5.434E-01  5.827E-01  6.278E-01  6.477E-01  6.700E-01  6.779E-01  6.949E-01  6.993E-01  7.183E-01  7.293E-01  7.326E-01  7.471E-01  7.526E-01  7.672E-01  7.673E-01  7.755E-01  7.730E-01  7.848E-01  7.866E-01  7.806E-01  7.797E-01  7.850E-01  7.795E-01  7.721E-01  7.739E-01  7.611E-01  7.540E-01  7.475E-01  7.366E-01  7.242E-01  7.076E-01  6.941E-01  6.801E-01  6.625E-01  6.497E-01  6.302E-01  6.045E-01  5.908E-01  5.658E-01  5.477E-01  5.250E-01  5.040E-01  4.812E-01  4.627E-01  4.403E-01  4.216E-01  4.013E-01  3.797E-01  3.572E-01  3.396E-01  3.199E-01  3.005E-01  2.830E-01  2.675E-01  2.481E-01  2.318E-01  2.148E-01  2.015E-01  1.854E-01  1.722E-01  1.598E-01  1.447E-01  1.370E-01  1.230E-01  1.121E-01  1.038E-01  9.151E-02  8.410E-02  7.569E-02  6.780E-02  5.968E-02  5.355E-02  4.820E-02  4.322E-02  3.733E-02  3.376E-02  2.925E-02  2.517E-02  2.192E-02  1.880E-02  1.675E-02  1.420E-02  1.179E-02  1.043E-02  8.834E-03  7.511E-03  6.008E-03  4.769E-03  3.820E-03  3.322E-03  1.489E-03  1.211E-03  9.553E-04  8.576E-04  6.300E-04  5.591E-04  4.831E-04  3.572E-04  3.002E-04  1.596E-04  1.600E-04  1.103E-04  1.932E-04  7.529E-05  4.768E-05  5.437E-05  4.070E-05  4.817E-05  4.709E-05  4.713E-05  1.946E-05  0.000E+00  Z
 0.000E+00  0.000E+00  0.000E+00  1.747E-04  1.924E-04  2.784E-04  6.406E-04  6.556E-04  9.525E-04  1.589E-03  2.672E-03  3.541E-03  5.173E-03  7.070E-03  9.506E-03  1.115E-02  1.426E-02  1.812E-02  2.171E-02  2.523E-02  3.041E-02  3.673E-02  4.112E-02  4.894E-02  5.409E-02  6.341E-02  7.052E-02  7.954E-02  8.726E-02  9.781E-02  1.092E-01  1.193E-01  1.310E-01  1.408E-01  1.541E-01  2.024E-01  2.367E-01  2.593E-01  2.933E-01  3.211E-01  3.485E-01  3.813E-01  4.094E-01  4.377E-01  4.723E-01  5.034E-01  5.325E-01  5.644E-01  5.998E-01  6.340E-01  6.635E-01  6.912E-01  7.183E-01  7.492E-01  7.783E-01  8.041E-01  8.312E-01  8.571E-01  8.792E-01  9.053E-01  9.250E-01  9.431E-01  9.638E-01  9.801E-01  9.938E-01  9.987E-01  1.006E+00  1.010E+00  1.016E+00  1.025E+00  1.010E+00  1.006E+00  1.006E+00  9.900E-01  9.834E-01  9.672E-01  9.512E-01  9.331E-01  9.136E-01  8.926E-01  8.691E-01  8.497E-01  8.199E-01  7.906E-01  7.676E-01  7.342E-01  7.057E-01  6.756E-01  6.529E-01  6.221E-01  5.920E-01  5.603E-01  5.340E-01  5.026E-01  4.759E-01  4.461E-01  4.195E-01  3.945E-01  3.702E-01  3.447E-01  3.205E-01  2.973E-01  2.775E-01  2.547E-01  2.355E-01  2.159E-01  1.990E-01  1.818E-01  1.623E-01  1.497E-01  1.346E-01  1.219E-01  1.084E-01  9.621E-02  8.555E-02  7.634E-02  6.815E-02  5.994E-02  5.198E-02  4.547E-02  3.889E-02  3.399E-02  2.822E-02  2.451E-02  2.111E-02  1.788E-02  1.501E-02  1.287E-02  1.052E-02  8.546E-03  7.007E-03  5.835E-03  4.687E-03  3.545E-03  3.023E-03  2.322E-03  1.804E-03  1.448E-03  9.878E-04  7.570E-04  6.008E-04  5.186E-04  4.111E-04  3.015E-04  2.450E-04  1.698E-04  1.752E-04  1.747E-04  9.408E-05  6.716E-05  4.001E-05  9.320E-05  5.999E-05  6.555E-05  2.609E-05  3.873E-05  1.310E-05  3.282E-05  0.000E+00  Z
 0.000E+00  0.000E+00  0.000E+00  0.000E+00  3.843E-05  0.000E+00  0.000E+00  2.966E-05  1.401E-04  1.063E-04  2.525E-04  3.609E-04  5.999E-04  9.996E-04  1.351E-03  2.238E-03  2.873E-03  3.145E-03  4.596E-03  6.747E-03  8.680E-03  9.943E-03  1.301E-02  1.634E-02  1.999E-02  2.399E-02  2.770E-02  3.266E-02  3.857E-02  4.556E-02  5.392E-02  6.255E-02  7.102E-02  8.012E-02  8.868E-02  1.029E-01  1.145E-01  1.317E-01  1.520E-01  1.755E-01  2.008E-01  2.280E-01  2.528E-01  2.843E-01  3.194E-01  3.516E-01  3.829E-01  4.223E-01  4.591E-01  4.997E-01  5.423E-01  5.834E-01  6.210E-01  6.700E-01  7.160E-01  7.623E-01  8.058E-01  8.540E-01  8.983E-01  9.437E-01  9.915E-01  1.032E+00  1.072E+00  1.107E+00  1.150E+00  1.184E+00  1.220E+00  1.251E+00  1.275E+00  1.307E+00  1.319E+00  1.341E+00  1.351E+00  1.362E+00  1.370E+00  1.374E+00  1.370E+00  1.363E+00  1.356E+00  1.347E+00  1.334E+00  1.313E+00  1.290E+00  1.277E+00  1.246E+00  1.213E+00  1.187E+00  1.149E+00  1.119E+00  1.083E+00  1.037E+00  9.959E-01  9.529E-01  9.107E-01  8.736E-01  8.334E-01  7.936E-01  7.530E-01  7.117E-01  6.700E-01  6.301E-01  6.008E-01  5.587E-01  5.212E-01  4.803E-01  4.530E-01  4.165E-01  3.867E-01  3.553E-01  3.268E-01  2.994E-01  2.755E-01  2.497E-01  2.254E-01  2.038E-01  1.828E-01  1.630E-01  1.474E-01  1.280E-01  1.177E-01  1.028E-01  8.972E-02  7.849E-02  6.940E-02  5.902E-02  5.064E-02  4.441E-02  3.735E-02  3.202E-02  2.588E-02  2.226E-02  1.870E-02  1.537E-02  1.265E-02  1.087E-02  8.505E-03  7.398E-03  5.324E-03  4.520E-03  3.513E-03  2.895E-03  2.106E-03  1.733E-03  1.265E-03  9.789E-04  7.542E-04  7.100E-04  5.295E-04  3.893E-04  3.343E-04  2.348E-04  1.597E-04  2.185E-04  1.259E-04  1.116E-04  7.883E-05  5.187E-05  7.176E-05  3.875E-05  6.630E-06  3.219E-05  0.000E+00  Z
 0.000E+00  0.000E+00  0.000E+00  0.000E+00  0.000E+00  0.000E+00  0.000E+00  5.978E-05  0.000E+00  2.644E-05  2.268E-04  2.891E-04  5.779E-04  7.103E-04  7.308E-04  1.078E-03  2.091E-03  2.694E-03  3.308E-03  5.366E-03  6.981E-03  8.372E-03  9.851E-03  1.248E-02  1.550E-02  1.818E-02  2.246E-02  2.676E-02  3.205E-02  3.724E-02  4.265E-02  4.996E-02  5.797E-02  6.853E-02  7.597E-02  8.750E-02  9.775E-02  1.177E-01  1.323E-01  1.548E-01  1.735E-01  1.996E-01  2.274E-01  2.544E-01  2.807E-01  3.135E-01  3.465E-01  3.818E-01  4.178E-01  4.581E-01  4.948E-01  5.387E-01  5.855E-01  6.293E-01  6.698E-01  7.192E-01  7.709E-01  8.235E-01  8.716E-01  9.237E-01  9.657E-01  1.020E+00  1.067E+00  1.106E+00  1.156E+00  1.195E+00  1.239E+00  1.275E+00  1.311E+00  1.337E+00  1.374E+00  1.397E+00  1.419E+00  1.432E+00  1.443E+00  1.455E+00  1.460E+00  1.463E+00  1.465E+00  1.467E+00  1.454E+00  1.443E+00  1.420E+00  1.398E+00  1.379E+00  1.359E+00  1.327E+00  1.285E+00  1.262E+00  1.221E+00  1.188E+00  1.141E+00  1.107E+00  1.055E+00  1.020E+00  9.746E-01  9.247E-01  8.860E-01  8.390E-01  7.952E-01  7.479E-01  7.080E-01  6.661E-01  6.259E-01  5.847E-01  5.441E-01  5.062E-01  4.752E-01  4.358E-01  4.024E-01  3.687E-01  3.396E-01  3.086E-01  2.823E-01  2.576E-01  2.309E-01  2.090E-01  1.872E-01  1.661E-01  1.477E-01  1.355E-01  1.178E-01  1.040E-01  9.147E-02  7.958E-02  6.924E-02  5.870E-02  5.074E-02  4.370E-02  3.611E-02  3.096E-02  2.586E-02  2.341E-02  1.871E-02  1.466E-02  1.275E-02  1.048E-02  8.645E-03  6.595E-03  4.851E-03  4.525E-03  3.353E-03  2.896E-03  2.080E-03  1.510E-03  1.203E-03  9.627E-04  7.970E-04  4.483E-04  4.222E-04  4.068E-04  3.116E-04  2.057E-04  1.666E-04  1.330E-04  1.385E-04  1.043E-04  7.096E-05  5.878E-05  3.857E-05  3.826E-05  2.566E-05  6.221E-06  1.947E-05  1.249E-05  1.890E-05  6.264E-06  0.000E+00  Z
 0.000E+00  0.000E+00  0.000E+00  0.000E+00  0.000E+00  0.000E+00  0.000E+00  0.000E+00  0.000E+00  5.315E-05  2.522E-05  4.863E-05  9.280E-05  1.112E-04  1.499E-04  2.700E-04  4.022E-04  6.256E-04  9.695E-04  1.090E-03  1.623E-03  1.832E-03  3.063E-03  3.879E-03  4.245E-03  5.729E-03  6.139E-03  9.088E-03  9.975E-03  1.199E-02  1.463E-02  1.790E-02  2.047E-02  2.527E-02  2.977E-02  3.528E-02  3.981E-02  4.574E-02  5.594E-02  6.424E-02  7.448E-02  8.498E-02  1.001E-01  1.153E-01  1.316E-01  1.505E-01  1.730E-01  1.939E-01  2.160E-01  2.424E-01  2.727E-01  3.066E-01  3.382E-01  3.759E-01  4.149E-01  4.549E-01  4.987E-01  5.435E-01  5.933E-01  6.440E-01  6.999E-01  7.539E-01  8.119E-01  8.805E-01  9.438E-01  9.998E-01  1.073E+00  1.142E+00  1.216E+00  1.282E+00  1.362E+00  1.430E+00  1.492E+00  1.572E+00  1.648E+00  1.714E+00  1.790E+00  1.855E+00  1.923E+00  1.984E+00  2.041E+00  2.096E+00  2.159E+00  2.204E+00  2.236E+00  2.278E+00  2.314E+00  2.330E+00  2.357E+00  2.369E+00  2.366E+00  2.382E+00  2.360E+00  2.356E+00  2.333E+00  2.312E+00  2.279E+00  2.249E+00  2.214E+00  2.177E+00  2.124E+00  2.059E+00  2.004E+00  1.949E+00  1.880E+00  1.819E+00  1.750E+00  1.675E+00  1.607E+00  1.534E+00  1.458E+00  1.386E+00  1.314E+00  1.243E+00  1.165E+00  1.096E+00  1.028E+00  9.596E-01  8.962E-01  8.333E-01  7.709E-01  7.117E-01  6.538E-01  6.044E-01  5.536E-01  5.046E-01  4.602E-01  4.179E-01  3.763E-01  3.383E-01  3.029E-01  2.748E-01  2.409E-01  2.163E-01  1.910E-01  1.661E-01  1.471E-01  1.308E-01  1.102E-01  9.707E-02  8.450E-02  7.207E-02  6.152E-02  5.318E-02  4.427E-02  3.740E-02  3.173E-02  2.625E-02  2.108E-02  1.859E-02  1.464E-02  1.231E-02  1.026E-02  8.003E-03  6.851E-03  5.279E-03  4.425E-03  3.703E-03  2.534E-03  2.152E-03  1.677E-03  1.312E-03  1.200E-03  7.879E-04  7.391E-04  4.901E-04  4.250E-04  3.477E-04  2.583E-04  1.452E-04  2.134E-04  1.249E-04  5.621E-05  6.858E-05  4.900E-05  5.594E-05  2.435E-05  2.480E-05  6.280E-06  1.850E-05  1.827E-05  2.401E-05  5.853E-06  1.210E-05  6.107E-06  1.239E-05  0.000E+00  Z
 0.000E+00  0.000E+00  0.000E+00  0.000E+00  0.000E+00  0.000E+00  0.000E+00  0.000E+00  0.000E+00  0.000E+00  0.000E+00  2.388E-05  2.294E-05  8.906E-05  8.549E-05  2.078E-04  1.803E-04  2.142E-04  4.372E-04  6.481E-04  7.924E-04  1.165E-03  1.291E-03  2.039E-03  2.557E-03  3.477E-03  4.240E-03  5.162E-03  6.460E-03  7.268E-03  9.989E-03  1.144E-02  1.501E-02  1.693E-02  1.967E-02  2.294E-02  2.712E-02  3.284E-02  3.760E-02  4.489E-02  5.099E-02  6.145E-02  7.062E-02  8.273E-02  9.549E-02  1.087E-01  1.251E-01  1.431E-01  1.604E-01  1.799E-01  2.056E-01  2.299E-01  2.615E-01  2.900E-01  3.185E-01  3.571E-01  3.899E-01  4.305E-01  4.739E-01  5.178E-01  5.651E-01  6.170E-01  6.674E-01  7.242E-01  7.816E-01  8.421E-01  8.956E-01  9.663E-01  1.032E+00  1.106E+00  1.179E+00  1.245E+00  1.321E+00  1.404E+00  1.487E+00  1.564E+00  1.646E+00  1.728E+00  1.818E+00  1.898E+00  1.980E+00  2.070E+00  2.155E+00  2.236E+00  2.325E+00  2.404E+00  2.492E+00  2.575E+00  2.633E+00  2.708E+00  2.778E+00  2.848E+00  2.903E+00  2.948E+00  3.005E+00  3.040E+00  3.076E+00  3.106E+00  3.131E+00  3.140E+00  3.127E+00  3.137E+00  3.119E+00  3.105E+00  3.071E+00  3.043E+00  3.007E+00  2.944E+00  2.877E+00  2.819E+00  2.759E+00  2.674E+00  2.598E+00  2.521E+00  2.440E+00  2.344E+00  2.259E+00  2.153E+00  2.056E+00  1.969E+00  1.870E+00  1.766E+00  1.665E+00  1.577E+00  1.480E+00  1.389E+00  1.304E+00  1.212E+00  1.127E+00  1.046E+00  9.749E-01  8.923E-01  8.163E-01  7.502E-01  6.857E-01  6.235E-01  5.703E-01  5.117E-01  4.643E-01  4.193E-01  3.748E-01  3.340E-01  2.934E-01  2.640E-01  2.326E-01  2.055E-01  1.813E-01  1.593E-01  1.367E-01  1.193E-01  1.017E-01  8.773E-02  7.551E-02  6.485E-02  5.477E-02  4.618E-02  3.790E-02  3.338E-02  2.654E-02  2.321E-02  1.889E-02  1.558E-02  1.282E-02  1.043E-02  8.232E-03  7.130E-03  5.786E-03  4.726E-03  3.537E-03  3.241E-03  2.264E-03  1.987E-03  1.605E-03  1.222E-03  1.036E-03  7.192E-04  6.391E-04  4.814E-04  3.861E-04  3.174E-04  3.356E-04  1.573E-04  1.514E-04  9.042E-05  7.789E-05  7.840E-05  4.235E-05  3.000E-05  2.963E-05  1.231E-05  2.922E-05  0.000E+00  Z
 0.000E+00  0.000E+00  0.000E+00  0.000E+00  0.000E+00  0.000E+00  0.000E+00  0.000E+00  0.000E+00  0.000E+00  0.000E+00  4.792E-05  2.296E-05  2.232E-05  6.431E-05  4.132E-05  4.053E-05  1.561E-04  2.848E-04  3.502E-04  4.674E-04  6.874E-04  8.437E-04  1.332E-03  1.783E-03  2.363E-03  2.348E-03  3.414E-03  4.205E-03  5.142E-03  6.730E-03  7.666E-03  9.390E-03  1.222E-02  1.444E-02  1.691E-02  2.042E-02  2.351E-02  2.988E-02  3.212E-02  3.852E-02  4.593E-02  5.276E-02  6.211E-02  7.142E-02  8.350E-02  9.485E-02  1.084E-01  1.264E-01  1.423E-01  1.615E-01  1.831E-01  2.065E-01  2.282E-01  2.576E-01  2.870E-01  3.156E-01  3.520E-01  3.850E-01  4.244E-01  4.655E-01  5.075E-01  5.533E-01  6.032E-01  6.542E-01  7.035E-01  7.699E-01  8.224E-01  8.856E-01  9.485E-01  1.012E+00  1.083E+00  1.155E+00  1.230E+00  1.307E+00  1.385E+00  1.470E+00  1.551E+00  1.639E+00  1.711E+00  1.810E+00  1.898E+00  1.994E+00  2.089E+00  2.190E+00  2.277E+00  2.382E+00  2.475E+00  2.577E+00  2.675E+00  2.786E+00  2.883E+00  2.987E+00  3.086E+00  3.185E+00  3.288E+00  3.387E+00  3.472E+00  3.583E+00  3.669E+00  3.760E+00  3.835E+00  3.915E+00  3.985E+00  4.065E+00  4.125E+00  4.164E+00  4.214E+00  4.251E+00  4.283E+00  4.302E+00  4.316E+00  4.316E+00  4.318E+00  4.290E+00  4.262E+00  4.212E+00  4.147E+00  4.110E+00  4.023E+00  3.955E+00  3.870E+00  3.776E+00  3.670E+00  3.557E+00  3.440E+00  3.316E+00  3.195E+00  3.069E+00  2.943E+00  2.800E+00  2.675E+00  2.540E+00  2.413E+00  2.276E+00  2.144E+00  2.017E+00  1.891E+00  1.763E+00  1.648E+00  1.534E+00  1.416E+00  1.314E+00  1.204E+00  1.111E+00  1.016E+00  9.277E-01  8.488E-01  7.653E-01  6.925E-01  6.253E-01  5.636E-01  5.054E-01  4.488E-01  3.986E-01  3.546E-01  3.145E-01  2.766E-01  2.452E-01  2.126E-01  1.849E-01  1.581E-01  1.375E-01  1.193E-01  1.026E-01  8.852E-02  7.475E-02  6.507E-02  5.263E-02  4.638E-02  3.851E-02  3.198E-02  2.673E-02  2.219E-02  1.857E-02  1.554E-02  1.297E-02  1.066E-02  8.578E-03  7.122E-03  5.989E-03  4.925E-03  3.842E-03  2.865E-03  2.353E-03  2.000E-03  1.653E-03  1.290E-03  9.679E-04  7.919E-04  6.757E-04  5.447E-04  3.850E-04  3.554E-04  2.126E-04  1.349E-04  1.407E-04  1.348E-04  1.050E-04  8.804E-05  5.797E-05  5.794E-05  3.451E-05  1.183E-05  1.155E-05  1.142E-05  5.828E-06  5.532E-06  5.881E-06  0.000E+00  Z
 0.000E+00  0.000E+00  0.000E+00  0.000E+00  0.000E+00  0.000E+00  0.000E+00  0.000E+00  0.000E+00  0.000E+00  2.519E-05  0.000E+00  0.000E+00  4.434E-05  4.300E-05  8.268E-05  1.204E-04  1.171E-04  1.903E-04  3.514E-04  4.337E-04  4.761E-04  7.235E-04  1.112E-03  1.122E-03  1.779E-03  2.239E-03  2.679E-03  3.845E-03  4.060E-03  5.264E-03  6.467E-03  7.944E-03  9.910E-03  1.207E-02  1.398E-02  1.772E-02  1.962E-02  2.310E-02  2.759E-02  3.221E-02  3.895E-02  4.696E-02  5.211E-02  6.150E-02  6.993E-02  8.326E-02  9.481E-02  1.087E-01  1.240E-01  1.411E-01  1.573E-01  1.799E-01  2.002E-01  2.257E-01  2.502E-01  2.828E-01  3.128E-01  3.437E-01  3.781E-01  4.188E-01  4.553E-01  4.992E-01  5.440E-01  5.942E-01  6.422E-01  6.956E-01  7.485E-01  8.080E-01  8.677E-01  9.341E-01  9.963E-01  1.066E+00  1.138E+00  1.214E+00  1.284E+00  1.371E+00  1.455E+00  1.530E+00  1.622E+00  1.713E+00  1.808E+00  1.896E+00  1.986E+00  2.088E+00  2.184E+00  2.289E+00  2.402E+00  2.504E+00  2.616E+00  2.720E+00  2.830E+00  2.945E+00  3.057E+00  3.171E+00  3.284E+00  3.401E+00  3.522E+00  3.641E+00  3.753E+00  3.860E+00  3.987E+00  4.081E+00  4.214E+00  4.315E+00  4.418E+00  4.534E+00  4.633E+00  4.736E+00  4.831E+00  4.917E+00  4.995E+00  5.075E+00  5.140E+00  5.213E+00  5.271E+00  5.308E+00  5.346E+00  5.366E+00  5.383E+00  5.379E+00  5.372E+00  5.357E+00  5.325E+00  5.277E+00  5.226E+00  5.157E+00  5.074E+00  4.984E+00  4.879E+00  4.761E+00  4.644E+00  4.521E+00  4.383E+00  4.233E+00  4.075E+00  3.927E+00  3.771E+00  3.604E+00  3.448E+00  3.277E+00  3.112E+00  2.936E+00  2.773E+00  2.617E+00  2.454E+00  2.300E+00  2.144E+00  1.994E+00  1.846E+00  1.715E+00  1.581E+00  1.456E+00  1.340E+00  1.224E+00  1.116E+00  1.015E+00  9.197E-01  8.290E-01  7.483E-01  6.712E-01  6.006E-01  5.372E-01  4.771E-01  4.187E-01  3.716E-01  3.259E-01  2.864E-01  2.518E-01  2.189E-01  1.899E-01  1.628E-01  1.413E-01  1.210E-01  1.045E-01  8.795E-02  7.335E-02  6.259E-02  5.414E-02  4.492E-02  3.800E-02  3.278E-02  2.673E-02  2.267E-02  1.868E-02  1.604E-02  1.286E-02  1.123E-02  8.665E-03  6.951E-03  5.903E-03  4.678E-03  3.844E-03  3.052E-03  2.533E-03  2.238E-03  1.729E-03  1.340E-03  1.110E-03  7.332E-04  7.294E-04  5.069E-04  4.651E-04  3.612E-04  2.357E-04  2.507E-04  1.775E-04  8.499E-05  7.932E-05  7.942E-05  8.915E-05  3.960E-05  2.237E-05  1.671E-05  1.651E-05  1.142E-05  3.347E-05  2.222E-05  0.000E+00  Z
 0.000E+00  0.000E+00  0.000E+00  0.000E+00  0.000E+00  0.000E+00  0.000E+00  0.000E+00  0.000E+00  0.000E+00  0.000E+00  0.000E+00  0.000E+00  0.000E+00  0.000E+00  0.000E+00  5.995E-05  1.562E-04  1.709E-04  2.219E-04  3.241E-04  5.292E-04  6.002E-04  1.129E-03  1.024E-03  1.295E-03  1.713E-03  2.243E-03  2.707E-03  3.596E-03  4.997E-03  5.653E-03  7.537E-03  8.809E-03  1.045E-02  1.236E-02  1.530E-02  1.745E-02  2.199E-02  2.621E-02  3.003E-02  3.392E-02  4.163E-02  4.855E-02  5.577E-02  6.370E-02  7.398E-02  8.498E-02  9.980E-02  1.127E-01  1.299E-01  1.463E-01  1.681E-01  1.886E-01  2.107E-01  2.320E-01  2.617E-01  2.907E-01  3.191E-01  3.586E-01  3.929E-01  4.298E-01  4.671E-01  5.146E-01  5.582E-01  6.097E-01  6.545E-01  7.140E-01  7.677E-01  8.297E-01  8.856E-01  9.473E-01  1.019E+00  1.090E+00  1.155E+00  1.233E+00  1.309E+00  1.399E+00  1.476E+00  1.564E+00  1.657E+00  1.750E+00  1.834E+00  1.936E+00  2.038E+00  2.131E+00  2.236E+00  2.346E+00  2.453E+00  2.570E+00  2.681E+00  2.798E+00  2.913E+00  3.028E+00  3.147E+00  3.267E+00  3.398E+00  3.525E+00  3.652E+00  3.779E+00  3.903E+00  4.041E+00  4.160E+00  4.297E+00  4.424E+00  4.537E+00  4.670E+00  4.790E+00  4.927E+00  5.045E+00  5.159E+00  5.273E+00  5.395E+00  5.504E+00  5.588E+00  5.698E+00  5.793E+00  5.880E+00  5.956E+00  6.023E+00  6.089E+00  6.137E+00  6.183E+00  6.199E+00  6.225E+00  6.227E+00  6.235E+00  6.204E+00  6.182E+00  6.135E+00  6.075E+00  6.002E+00  5.928E+00  5.828E+00  5.724E+00  5.605E+00  5.463E+00  5.322E+00  5.175E+00  5.004E+00  4.840E+00  4.664E+00  4.483E+00  4.288E+00  4.105E+00  3.912E+00  3.722E+00  3.535E+00  3.341E+00  3.149E+00  2.964E+00  2.781E+00  2.609E+00  2.428E+00  2.263E+00  2.094E+00  1.942E+00  1.793E+00  1.643E+00  1.506E+00  1.375E+00  1.258E+00  1.140E+00  1.041E+00  9.304E-01  8.381E-01  7.499E-01  6.727E-01  5.975E-01  5.302E-01  4.701E-01  4.172E-01  3.672E-01  3.222E-01  2.788E-01  2.440E-01  2.131E-01  1.823E-01  1.585E-01  1.356E-01  1.147E-01  9.898E-02  8.446E-02  7.262E-02  6.097E-02  5.099E-02  4.336E-02  3.553E-02  3.138E-02  2.580E-02  2.131E-02  1.727E-02  1.446E-02  1.176E-02  9.984E-03  8.104E-03  6.700E-03  5.443E-03  4.328E-03  3.957E-03  3.195E-03  2.661E-03  2.039E-03  1.478E-03  1.192E-03  1.119E-03  8.499E-04  5.967E-04  5.400E-04  3.624E-04  3.494E-04  3.316E-04  2.059E-04  1.463E-04  1.065E-04  8.318E-05  6.641E-05  4.452E-05  3.370E-05  4.455E-05  1.680E-05  1.660E-05  1.116E-05  5.496E-06  5.254E-06  1.629E-05  5.605E-06  0.000E+00  Z
 0.000E+00  0.000E+00  0.000E+00  0.000E+00  0.000E+00  0.000E+00  0.000E+00  0.000E+00  0.000E+00  0.000E+00  0.000E+00  0.000E+00  0.000E+00  2.224E-05  2.126E-05  2.065E-05  1.004E-04  5.857E-05  3.030E-04  1.484E-04  3.783E-04  3.345E-04  4.141E-04  7.766E-04  1.073E-03  1.374E-03  1.825E-03  2.274E-03  3.032E-03  3.578E-03  4.674E-03  6.182E-03  7.043E-03  8.229E-03  1.032E-02  1.257E-02  1.438E-02  1.797E-02  2.098E-02  2.501E-02  2.954E-02  3.435E-02  4.138E-02  4.808E-02  5.469E-02  6.384E-02  7.447E-02  8.529E-02  9.714E-02  1.126E-01  1.274E-01  1.457E-01  1.631E-01  1.848E-01  2.068E-01  2.324E-01  2.625E-01  2.872E-01  3.186E-01  3.530E-01  3.854E-01  4.261E-01  4.649E-01  5.021E-01  5.569E-01  6.033E-01  6.534E-01  7.096E-01  7.589E-01  8.213E-01  8.844E-01  9.465E-01  1.012E+00  1.080E+00  1.160E+00  1.234E+00  1.313E+00  1.394E+00  1.470E+00  1.552E+00  1.646E+00  1.735E+00  1.832E+00  1.929E+00  2.021E+00  2.128E+00  2.234E+00  2.342E+00  2.448E+00  2.558E+00  2.672E+00  2.792E+00  2.905E+00  3.030E+00  3.138E+00  3.266E+00  3.384E+00  3.523E+00  3.647E+00  3.781E+00  3.909E+00  4.047E+00  4.163E+00  4.286E+00  4.421E+00  4.561E+00  4.685E+00  4.815E+00  4.939E+00  5.054E+00  5.182E+00  5.302E+00  5.422E+00  5.527E+00  5.649E+00  5.742E+00  5.842E+00  5.928E+00  6.016E+00  6.090E+00  6.161E+00  6.201E+00  6.269E+00  6.291E+00  6.327E+00  6.345E+00  6.346E+00  6.342E+00  6.293E+00  6.267E+00  6.219E+00  6.157E+00  6.085E+00  5.997E+00  5.881E+00  5.772E+00  5.647E+00  5.511E+00  5.357E+00  5.215E+00  5.040E+00  4.873E+00  4.683E+00  4.496E+00  4.305E+00  4.118E+00  3.923E+00  3.734E+00  3.536E+00  3.341E+00  3.149E+00  2.961E+00  2.771E+00  2.587E+00  2.415E+00  2.243E+00  2.078E+00  1.926E+00  1.767E+00  1.631E+00  1.488E+00  1.360E+00  1.239E+00  1.127E+00  1.021E+00  9.182E-01  8.233E-01  7.439E-01  6.629E-01  5.861E-01  5.225E-01  4.631E-01  4.080E-01  3.556E-01  3.147E-01  2.734E-01  2.373E-01  2.073E-01  1.782E-01  1.523E-01  1.320E-01  1.130E-01  9.646E-02  8.241E-02  6.947E-02  5.864E-02  4.947E-02  4.180E-02  3.537E-02  2.970E-02  2.437E-02  1.984E-02  1.682E-02  1.421E-02  1.142E-02  9.561E-03  7.939E-03  6.098E-03  5.510E-03  4.285E-03  3.593E-03  3.022E-03  2.317E-03  1.936E-03  1.541E-03  1.322E-03  1.007E-03  6.878E-04  7.223E-04  4.403E-04  3.619E-04  2.487E-04  2.923E-04  1.560E-04  1.391E-04  1.067E-04  4.406E-05  7.123E-05  6.054E-05  4.954E-05  5.998E-05  3.844E-05  0.000E+00  Z
 0.000E+00  0.000E+00  0.000E+00  0.000E+00  0.000E+00  0.000E+00  0.000E+00  0.000E+00  0.000E+00  0.000E+00  0.000E+00  0.000E+00  0.000E+00  0.000E+00  2.148E-05  2.071E-05  1.206E-04  1.761E-04  3.773E-05  1.111E-04  2.878E-04  3.873E-04  4.650E-04  9.243E-04  1.089E-03  1.617E-03  1.634E-03  2.432E-03  3.322E-03  3.682E-03  4.897E-03  5.807E-03  6.808E-03  8.367E-03  9.908E-03  1.226E-02  1.479E-02  1.720E-02  1.997E-02  2.354E-02  2.834E-02  3.340E-02  3.971E-02  4.657E-02  5.473E-02  6.419E-02  7.416E-02  8.171E-02  9.622E-02  1.108E-01  1.272E-01  1.449E-01  1.598E-01  1.823E-01  2.057E-01  2.282E-01  2.549E-01  2.882E-01  3.137E-01  3.450E-01  3.813E-01  4.192E-01  4.603E-01  5.073E-01  5.546E-01  5.968E-01  6.474E-01  7.013E-01  7.550E-01  8.136E-01  8.746E-01  9.382E-01  1.005E+00  1.076E+00  1.146E+00  1.224E+00  1.307E+00  1.377E+00  1.462E+00  1.547E+00  1.640E+00  1.737E+00  1.820E+00  1.920E+00  2.019E+00  2.118E+00  2.224E+00  2.333E+00  2.441E+00  2.558E+00  2.666E+00  2.789E+00  2.904E+00  3.021E+00  3.145E+00  3.267E+00  3.391E+00  3.510E+00  3.650E+00  3.781E+00  3.905E+00  4.037E+00  4.171E+00  4.307E+00  4.436E+00  4.569E+00  4.713E+00  4.827E+00  4.963E+00  5.092E+00  5.205E+00  5.326E+00  5.451E+00  5.561E+00  5.676E+00  5.802E+00  5.893E+00  5.979E+00  6.082E+00  6.161E+00  6.241E+00  6.298E+00  6.362E+00  6.392E+00  6.442E+00  6.459E+00  6.484E+00  6.482E+00  6.467E+00  6.425E+00  6.400E+00  6.341E+00  6.271E+00  6.209E+00  6.099E+00  5.996E+00  5.878E+00  5.750E+00  5.612E+00  5.450E+00  5.277E+00  5.128E+00  4.940E+00  4.747E+00  4.564E+00  4.363E+00  4.183E+00  3.989E+00  3.770E+00  3.584E+00  3.377E+00  3.189E+00  2.991E+00  2.802E+00  2.616E+00  2.431E+00  2.265E+00  2.096E+00  1.941E+00  1.784E+00  1.636E+00  1.500E+00  1.370E+00  1.250E+00  1.135E+00  1.022E+00  9.201E-01  8.294E-01  7.453E-01  6.637E-01  5.907E-01  5.206E-01  4.621E-01  4.043E-01  3.577E-01  3.130E-01  2.752E-01  2.375E-01  2.071E-01  1.772E-01  1.547E-01  1.310E-01  1.122E-01  9.707E-02  8.094E-02  6.905E-02  5.825E-02  4.897E-02  4.213E-02  3.572E-02  2.850E-02  2.449E-02  2.036E-02  1.634E-02  1.391E-02  1.049E-02  8.998E-03  8.055E-03  6.138E-03  5.373E-03  4.509E-03  3.462E-03  2.528E-03  2.123E-03  2.048E-03  1.407E-03  1.147E-03  9.356E-04  8.098E-04  5.948E-04  4.346E-04  3.830E-04  3.654E-04  2.082E-04  1.784E-04  1.121E-04  1.559E-04  1.179E-04  8.379E-05  4.431E-05  6.094E-05  3.873E-05  1.111E-05  1.116E-05  2.704E-05  1.090E-05  5.612E-06  0.000E+00  Z
 0.000E+00  0.000E+00  0.000E+00  0.000E+00  0.000E+00  0.000E+00  0.000E+00  0.000E+00  0.000E+00  0.000E+00  0.000E+00  0.000E+00  0.000E+00  4.450E-05  6.439E-05  0.000E+00  1.004E-04  1.172E-04  2.272E-04  1.850E-04  3.785E-04  3.703E-04  6.902E-04  7.084E-04  1.207E-03  1.439E-03  1.812E-03  2.414E-03  2.661E-03  3.206E-03  4.440E-03  5.898E-03  6.368E-03  8.954E-03  1.050E-02  1.241E-02  1.457E-02  1.731E-02  2.036E-02  2.461E-02  3.030E-02  3.408E-02  3.872E-02  4.557E-02  5.453E-02  6.413E-02  7.273E-02  8.552E-02  9.697E-02  1.109E-01  1.268E-01  1.435E-01  1.617E-01  1.855E-01  2.031E-01  2.284E-01  2.567E-01  2.834E-01  3.160E-01  3.527E-01  3.842E-01  4.204E-01  4.621E-01  5.050E-01  5.505E-01  5.950E-01  6.504E-01  7.014E-01  7.591E-01  8.158E-01  8.715E-01  9.341E-01  1.004E+00  1.085E+00  1.153E+00  1.222E+00  1.298E+00  1.381E+00  1.466E+00  1.553E+00  1.643E+00  1.727E+00  1.829E+00  1.921E+00  2.018E+00  2.118E+00  2.228E+00  2.335E+00  2.442E+00  2.551E+00  2.666E+00  2.776E+00  2.901E+00  3.018E+00  3.143E+00  3.272E+00  3.393E+00  3.522E+00  3.657E+00  3.786E+00  3.910E+00  4.051E+00  4.182E+00  4.310E+00  4.442E+00  4.574E+00  4.700E+00  4.831E+00  4.966E+00  5.083E+00  5.208E+00  5.325E+00  5.455E+00  5.566E+00  5.688E+00  5.794E+00  5.887E+00  5.988E+00  6.090E+00  6.172E+00  6.235E+00  6.305E+00  6.365E+00  6.421E+00  6.458E+00  6.479E+00  6.495E+00  6.492E+00  6.477E+00  6.451E+00  6.417E+00  6.373E+00  6.300E+00  6.219E+00  6.141E+00  6.028E+00  5.914E+00  5.760E+00  5.644E+00  5.488E+00  5.320E+00  5.149E+00  4.970E+00  4.778E+00  4.590E+00  4.400E+00  4.203E+00  4.005E+00  3.800E+00  3.611E+00  3.401E+00  3.216E+00  3.010E+00  2.821E+00  2.639E+00  2.466E+00  2.285E+00  2.116E+00  1.958E+00  1.811E+00  1.661E+00  1.517E+00  1.381E+00  1.257E+00  1.143E+00  1.039E+00  9.348E-01  8.390E-01  7.528E-01  6.750E-01  6.003E-01  5.312E-01  4.727E-01  4.133E-01  3.624E-01  3.187E-01  2.801E-01  2.449E-01  2.122E-01  1.836E-01  1.554E-01  1.341E-01  1.143E-01  9.777E-02  8.290E-02  7.012E-02  5.904E-02  4.998E-02  4.311E-02  3.595E-02  2.994E-02  2.475E-02  2.101E-02  1.730E-02  1.438E-02  1.218E-02  9.263E-03  7.938E-03  6.597E-03  5.567E-03  4.582E-03  3.591E-03  2.833E-03  2.409E-03  1.805E-03  1.591E-03  1.199E-03  9.302E-04  7.750E-04  6.682E-04  4.696E-04  4.171E-04  2.867E-04  2.345E-04  2.558E-04  1.397E-04  7.916E-05  8.345E-05  1.063E-04  5.519E-05  3.846E-05  2.208E-05  3.338E-05  5.716E-06  5.482E-06  5.551E-06  5.405E-06  1.097E-05  5.371E-06  0.000E+00  Z
 0.000E+00  0.000E+00  0.000E+00  0.000E+00  0.000E+00  0.000E+00  0.000E+00  0.000E+00  0.000E+00  0.000E+00  0.000E+00  0.000E+00  0.000E+00  4.434E-05  0.000E+00  1.032E-04  1.995E-05  1.173E-04  2.089E-04  2.031E-04  4.150E-04  5.625E-04  4.987E-04  5.573E-04  1.038E-03  1.634E-03  1.857E-03  2.276E-03  3.201E-03  3.776E-03  4.641E-03  5.482E-03  6.388E-03  8.350E-03  1.020E-02  1.258E-02  1.436E-02  1.636E-02  2.063E-02  2.511E-02  2.903E-02  3.461E-02  3.902E-02  4.629E-02  5.264E-02  6.301E-02  7.371E-02  8.344E-02  9.631E-02  1.111E-01  1.255E-01  1.438E-01  1.620E-01  1.791E-01  2.033E-01  2.296E-01  2.518E-01  2.839E-01  3.140E-01  3.443E-01  3.779E-01  4.196E-01  4.600E-01  5.019E-01  5.435E-01  5.984E-01  6.433E-01  6.979E-01  7.519E-01  8.076E-01  8.791E-01  9.361E-01  1.004E+00  1.069E+00  1.146E+00  1.217E+00  1.302E+00  1.376E+00  1.462E+00  1.546E+00  1.635E+00  1.721E+00  1.821E+00  1.920E+00  2.012E+00  2.118E+00  2.222E+00  2.317E+00  2.446E+00  2.551E+00  2.668E+00  2.784E+00  2.897E+00  3.018E+00  3.147E+00  3.265E+00  3.404E+00  3.519E+00  3.650E+00  3.772E+00  3.921E+00  4.038E+00  4.176E+00  4.312E+00  4.453E+00  4.572E+00  4.699E+00  4.847E+00  4.971E+00  5.100E+00  5.223E+00  5.358E+00  5.477E+00  5.589E+00  5.719E+00  5.819E+00  5.934E+00  6.031E+00  6.118E+00  6.204E+00  6.285E+00  6.355E+00  6.417E+00  6.463E+00  6.511E+00  6.541E+00  6.553E+00  6.561E+00  6.551E+00  6.536E+00  6.497E+00  6.453E+00  6.384E+00  6.317E+00  6.219E+00  6.123E+00  6.004E+00  5.870E+00  5.727E+00  5.593E+00  5.426E+00  5.276E+00  5.088E+00  4.892E+00  4.712E+00  4.524E+00  4.322E+00  4.117E+00  3.921E+00  3.723E+00  3.523E+00  3.308E+00  3.118E+00  2.920E+00  2.736E+00  2.559E+00  2.373E+00  2.208E+00  2.039E+00  1.886E+00  1.730E+00  1.585E+00  1.443E+00  1.325E+00  1.203E+00  1.090E+00  9.798E-01  8.822E-01  7.926E-01  7.099E-01  6.327E-01  5.623E-01  4.971E-01  4.406E-01  3.878E-01  3.381E-01  2.980E-01  2.598E-01  2.247E-01  1.934E-01  1.673E-01  1.438E-01  1.226E-01  1.056E-01  8.881E-02  7.637E-02  6.530E-02  5.450E-02  4.559E-02  3.848E-02  3.249E-02  2.682E-02  2.233E-02  1.827E-02  1.553E-02  1.299E-02  1.102E-02  8.524E-03  7.379E-03  6.040E-03  4.604E-03  3.797E-03  3.413E-03  2.450E-03  1.977E-03  1.993E-03  1.522E-03  1.099E-03  8.215E-04  7.043E-04  5.650E-04  4.690E-04  4.038E-04  2.138E-04  2.191E-04  2.272E-04  1.563E-04  7.723E-05  1.056E-04  7.214E-05  7.158E-05  3.263E-05  2.696E-05  2.249E-05  1.663E-05  1.075E-05  5.245E-06  0.000E+00  Z
 0.000E+00  0.000E+00  0.000E+00  0.000E+00  0.000E+00  0.000E+00  0.000E+00  0.000E+00  0.000E+00  0.000E+00  0.000E+00  0.000E+00  2.293E-05  0.000E+00  0.000E+00  0.000E+00  1.213E-04  1.170E-04  7.610E-05  1.860E-04  3.968E-04  3.874E-04  4.306E-04  9.283E-04  1.074E-03  1.295E-03  1.824E-03  2.321E-03  2.661E-03  3.505E-03  4.308E-03  5.192E-03  6.752E-03  8.291E-03  9.447E-03  1.210E-02  1.467E-02  1.720E-02  1.968E-02  2.382E-02  2.848E-02  3.431E-02  3.853E-02  4.672E-02  5.231E-02  6.204E-02  7.115E-02  8.319E-02  9.596E-02  1.092E-01  1.257E-01  1.423E-01  1.606E-01  1.813E-01  2.023E-01  2.288E-01  2.550E-01  2.796E-01  3.109E-01  3.447E-01  3.809E-01  4.152E-01  4.545E-01  4.994E-01  5.450E-01  5.897E-01  6.377E-01  6.953E-01  7.496E-01  8.109E-01  8.686E-01  9.287E-01  9.975E-01  1.068E+00  1.143E+00  1.214E+00  1.301E+00  1.373E+00  1.456E+00  1.541E+00  1.635E+00  1.731E+00  1.815E+00  1.916E+00  2.010E+00  2.117E+00  2.217E+00  2.326E+00  2.426E+00  2.542E+00  2.666E+00  2.784E+00  2.894E+00  3.016E+00  3.136E+00  3.256E+00  3.388E+00  3.517E+00  3.650E+00  3.780E+00  3.917E+00  4.045E+00  4.183E+00  4.314E+00  4.453E+00  4.577E+00  4.730E+00  4.856E+00  4.977E+00  5.125E+00  5.246E+00  5.369E+00  5.501E+00  5.618E+00  5.732E+00  5.856E+00  5.963E+00  6.053E+00  6.157E+00  6.260E+00  6.336E+00  6.417E+00  6.468E+00  6.531E+00  6.586E+00  6.618E+00  6.654E+00  6.655E+00  6.662E+00  6.639E+00  6.626E+00  6.570E+00  6.520E+00  6.459E+00  6.373E+00  6.271E+00  6.170E+00  6.055E+00  5.916E+00  5.769E+00  5.617E+00  5.445E+00  5.271E+00  5.082E+00  4.906E+00  4.707E+00  4.504E+00  4.302E+00  4.104E+00  3.903E+00  3.693E+00  3.485E+00  3.289E+00  3.090E+00  2.897E+00  2.706E+00  2.524E+00  2.344E+00  2.171E+00  2.008E+00  1.845E+00  1.698E+00  1.556E+00  1.422E+00  1.292E+00  1.172E+00  1.058E+00  9.563E-01  8.592E-01  7.700E-01  6.888E-01  6.130E-01  5.441E-01  4.817E-01  4.249E-01  3.706E-01  3.257E-01  2.843E-01  2.490E-01  2.156E-01  1.867E-01  1.587E-01  1.369E-01  1.177E-01  9.942E-02  8.516E-02  7.214E-02  6.179E-02  5.189E-02  4.313E-02  3.633E-02  3.074E-02  2.624E-02  2.121E-02  1.817E-02  1.429E-02  1.241E-02  9.722E-03  8.508E-03  7.179E-03  5.439E-03  4.616E-03  3.733E-03  3.007E-03  2.532E-03  1.933E-03  1.430E-03  1.427E-03  9.980E-04  8.824E-04  5.994E-04  5.402E-04  4.551E-04  2.848E-04  3.193E-04  1.451E-04  1.713E-04  1.387E-04  1.504E-04  4.391E-05  5.005E-05  4.498E-05  4.404E-05  3.306E-05  1.075E-05  2.162E-05  5.335E-06  1.648E-05  1.623E-05  1.093E-05  5.222E-06  5.612E-06  0.000E+00  Z
 0.000E+00  0.000E+00  0.000E+00  0.000E+00  0.000E+00  0.000E+00  0.000E+00  0.000E+00  0.000E+00  0.000E+00  0.000E+00  0.000E+00  0.000E+00  0.000E+00  2.133E-05  4.140E-05  1.010E-04  9.680E-05  1.516E-04  1.858E-04  3.060E-04  4.064E-04  5.688E-04  7.062E-04  1.303E-03  1.343E-03  1.696E-03  2.088E-03  2.555E-03  3.235E-03  3.902E-03  5.810E-03  6.806E-03  7.907E-03  9.593E-03  1.133E-02  1.381E-02  1.669E-02  1.971E-02  2.395E-02  2.817E-02  3.168E-02  3.771E-02  4.521E-02  5.258E-02  6.181E-02  7.138E-02  8.191E-02  9.570E-02  1.075E-01  1.220E-01  1.395E-01  1.580E-01  1.799E-01  1.995E-01  2.267E-01  2.468E-01  2.784E-01  3.056E-01  3.400E-01  3.770E-01  4.146E-01  4.512E-01  4.925E-01  5.348E-01  5.863E-01  6.369E-01  6.853E-01  7.417E-01  7.981E-01  8.634E-01  9.262E-01  9.991E-01  1.059E+00  1.129E+00  1.211E+00  1.285E+00  1.359E+00  1.446E+00  1.527E+00  1.623E+00  1.716E+00  1.803E+00  1.901E+00  2.006E+00  2.112E+00  2.214E+00  2.312E+00  2.423E+00  2.526E+00  2.651E+00  2.764E+00  2.908E+00  3.014E+00  3.141E+00  3.262E+00  3.388E+00  3.507E+00  3.660E+00  3.788E+00  3.923E+00  4.044E+00  4.185E+00  4.321E+00  4.457E+00  4.601E+00  4.740E+00  4.880E+00  5.009E+00  5.150E+00  5.280E+00  5.416E+00  5.547E+00  5.674E+00  5.781E+00  5.906E+00  6.037E+00  6.133E+00  6.247E+00  6.356E+00  6.435E+00  6.526E+00  6.575E+00  6.669E+00  6.717E+00  6.768E+00  6.803E+00  6.830E+00  6.837E+00  6.850E+00  6.838E+00  6.803E+00  6.759E+00  6.720E+00  6.644E+00  6.570E+00  6.453E+00  6.355E+00  6.233E+00  6.092E+00  5.948E+00  5.794E+00  5.624E+00  5.436E+00  5.267E+00  5.056E+00  4.858E+00  4.652E+00  4.459E+00  4.244E+00  4.028E+00  3.821E+00  3.617E+00  3.414E+00  3.195E+00  3.005E+00  2.808E+00  2.607E+00  2.434E+00  2.250E+00  2.083E+00  1.917E+00  1.764E+00  1.615E+00  1.477E+00  1.345E+00  1.219E+00  1.107E+00  9.967E-01  8.950E-01  8.005E-01  7.164E-01  6.375E-01  5.669E-01  5.037E-01  4.428E-01  3.921E-01  3.437E-01  2.977E-01  2.598E-01  2.252E-01  1.928E-01  1.676E-01  1.448E-01  1.235E-01  1.058E-01  9.068E-02  7.598E-02  6.362E-02  5.522E-02  4.627E-02  3.813E-02  3.182E-02  2.733E-02  2.220E-02  1.898E-02  1.544E-02  1.242E-02  1.044E-02  8.950E-03  7.334E-03  5.981E-03  4.512E-03  3.881E-03  3.346E-03  2.583E-03  2.130E-03  1.671E-03  1.283E-03  1.095E-03  9.975E-04  7.124E-04  5.224E-04  4.091E-04  3.458E-04  2.953E-04  2.014E-04  1.595E-04  1.780E-04  1.271E-04  8.223E-05  7.724E-05  3.880E-05  5.512E-05  0.000E+00  Z
 0.000E+00  0.000E+00  0.000E+00  0.000E+00  0.000E+00  0.000E+00  0.000E+00  0.000E+00  0.000E+00  0.000E+00  0.000E+00  2.388E-05  0.000E+00  0.000E+00  2.163E-05  2.071E-05  1.610E-04  7.867E-05  1.706E-04  1.487E-04  2.891E-04  5.814E-04  5.668E-04  8.080E-04  9.872E-04  1.100E-03  1.811E-03  2.323E-03  2.845E-03  3.354E-03  4.730E-03  5.082E-03  6.393E-03  8.373E-03  9.630E-03  1.134E-02  1.322E-02  1.652E-02  1.913E-02  2.307E-02  2.754E-02  3.187E-02  3.755E-02  4.490E-02  5.183E-02  6.106E-02  6.982E-02  8.059E-02  9.382E-02  1.064E-01  1.203E-01  1.373E-01  1.551E-01  1.736E-01  1.992E-01  2.198E-01  2.482E-01  2.777E-01  2.993E-01  3.366E-01  3.674E-01  4.061E-01  4.501E-01  4.936E-01  5.337E-01  5.792E-01  6.269E-01  6.786E-01  7.376E-01  7.983E-01  8.559E-01  9.189E-01  9.802E-01  1.059E+00  1.130E+00  1.198E+00  1.278E+00  1.359E+00  1.439E+00  1.522E+00  1.615E+00  1.696E+00  1.794E+00  1.881E+00  1.989E+00  2.095E+00  2.203E+00  2.314E+00  2.409E+00  2.535E+00  2.644E+00  2.769E+00  2.876E+00  3.010E+00  3.129E+00  3.261E+00  3.383E+00  3.517E+00  3.652E+00  3.784E+00  3.918E+00  4.060E+00  4.194E+00  4.334E+00  4.486E+00  4.609E+00  4.751E+00  4.890E+00  5.037E+00  5.173E+00  5.318E+00  5.454E+00  5.586E+00  5.708E+00  5.844E+00  5.961E+00  6.087E+00  6.203E+00  6.300E+00  6.424E+00  6.513E+00  6.622E+00  6.701E+00  6.783E+00  6.840E+00  6.900E+00  6.968E+00  6.983E+00  7.014E+00  7.029E+00  7.030E+00  7.010E+00  6.983E+00  6.948E+00  6.891E+00  6.811E+00  6.723E+00  6.630E+00  6.519E+00  6.398E+00  6.258E+00  6.111E+00  5.929E+00  5.778E+00  5.585E+00  5.396E+00  5.187E+00  4.983E+00  4.783E+00  4.569E+00  4.363E+00  4.124E+00  3.916E+00  3.702E+00  3.491E+00  3.289E+00  3.083E+00  2.884E+00  2.685E+00  2.497E+00  2.311E+00  2.131E+00  1.974E+00  1.809E+00  1.660E+00  1.515E+00  1.381E+00  1.251E+00  1.134E+00  1.027E+00  9.186E-01  8.277E-01  7.410E-01  6.588E-01  5.874E-01  5.172E-01  4.567E-01  4.020E-01  3.515E-01  3.076E-01  2.684E-01  2.321E-01  1.969E-01  1.727E-01  1.476E-01  1.274E-01  1.092E-01  9.285E-02  7.826E-02  6.746E-02  5.597E-02  4.849E-02  3.948E-02  3.362E-02  2.786E-02  2.406E-02  1.958E-02  1.582E-02  1.352E-02  1.115E-02  9.381E-03  7.599E-03  5.975E-03  4.863E-03  4.123E-03  3.482E-03  2.694E-03  1.997E-03  1.741E-03  1.415E-03  1.276E-03  9.009E-04  7.636E-04  5.888E-04  4.908E-04  3.495E-04  2.441E-04  2.168E-04  1.610E-04  2.102E-04  8.230E-05  7.738E-05  1.042E-04  6.003E-05  4.371E-05  1.085E-05  2.173E-05  1.631E-05  5.611E-06  5.518E-06  0.000E+00  Z
 0.000E+00  0.000E+00  0.000E+00  0.000E+00  0.000E+00  0.000E+00  0.000E+00  0.000E+00  0.000E+00  0.000E+00  0.000E+00  0.000E+00  0.000E+00  0.000E+00  2.131E-05  4.127E-05  4.036E-05  1.360E-04  1.706E-04  2.035E-04  3.425E-04  4.928E-04  6.204E-04  7.578E-04  1.124E-03  1.279E-03  1.570E-03  2.230E-03  2.588E-03  3.652E-03  4.083E-03  5.079E-03  5.778E-03  7.386E-03  9.210E-03  1.156E-02  1.324E-02  1.634E-02  1.929E-02  2.284E-02  2.643E-02  3.179E-02  3.742E-02  4.425E-02  5.115E-02  5.996E-02  7.058E-02  8.147E-02  9.202E-02  1.058E-01  1.204E-01  1.367E-01  1.538E-01  1.731E-01  1.964E-01  2.180E-01  2.434E-01  2.694E-01  2.997E-01  3.344E-01  3.681E-01  4.018E-01  4.464E-01  4.848E-01  5.284E-01  5.776E-01  6.237E-01  6.784E-01  7.331E-01  7.878E-01  8.483E-01  9.154E-01  9.764E-01  1.048E+00  1.117E+00  1.191E+00  1.268E+00  1.354E+00  1.435E+00  1.523E+00  1.604E+00  1.707E+00  1.797E+00  1.885E+00  1.982E+00  2.081E+00  2.204E+00  2.298E+00  2.404E+00  2.531E+00  2.642E+00  2.763E+00  2.878E+00  3.002E+00  3.130E+00  3.255E+00  3.387E+00  3.513E+00  3.651E+00  3.790E+00  3.921E+00  4.059E+00  4.200E+00  4.339E+00  4.488E+00  4.636E+00  4.763E+00  4.909E+00  5.040E+00  5.198E+00  5.325E+00  5.462E+00  5.607E+00  5.727E+00  5.861E+00  5.995E+00  6.127E+00  6.239E+00  6.344E+00  6.463E+00  6.564E+00  6.658E+00  6.757E+00  6.843E+00  6.901E+00  6.968E+00  7.025E+00  7.070E+00  7.090E+00  7.113E+00  7.114E+00  7.111E+00  7.090E+00  7.037E+00  7.000E+00  6.936E+00  6.849E+00  6.760E+00  6.655E+00  6.522E+00  6.403E+00  6.233E+00  6.079E+00  5.912E+00  5.735E+00  5.532E+00  5.350E+00  5.145E+00  4.938E+00  4.721E+00  4.501E+00  4.290E+00  4.068E+00  3.849E+00  3.640E+00  3.420E+00  3.218E+00  3.012E+00  2.816E+00  2.613E+00  2.429E+00  2.242E+00  2.072E+00  1.913E+00  1.748E+00  1.601E+00  1.458E+00  1.328E+00  1.202E+00  1.083E+00  9.820E-01  8.825E-01  7.889E-01  7.044E-01  6.255E-01  5.546E-01  4.916E-01  4.360E-01  3.800E-01  3.299E-01  2.884E-01  2.533E-01  2.189E-01  1.912E-01  1.621E-01  1.402E-01  1.189E-01  1.023E-01  8.618E-02  7.337E-02  6.095E-02  5.236E-02  4.385E-02  3.722E-02  3.100E-02  2.573E-02  2.169E-02  1.722E-02  1.536E-02  1.242E-02  1.037E-02  7.880E-03  6.806E-03  5.504E-03  4.415E-03  3.954E-03  3.194E-03  2.459E-03  1.926E-03  1.483E-03  1.333E-03  9.780E-04  8.792E-04  7.042E-04  5.853E-04  3.640E-04  3.407E-04  2.046E-04  2.497E-04  2.001E-04  1.532E-04  1.387E-04  5.028E-05  4.926E-05  5.462E-05  6.484E-05  2.195E-05  0.000E+00  Z
 0.000E+00  0.000E+00  0.000E+00  0.000E+00  0.000E+00  0.000E+00  0.000E+00  0.000E+00  0.000E+00  0.000E+00  0.000E+00  0.000E+00  0.000E+00  0.000E+00  2.168E-05  8.300E-05  8.082E-05  1.559E-04  1.526E-04  3.155E-04  2.523E-04  3.360E-04  6.206E-04  8.406E-04  9.916E-04  1.503E-03  1.427E-03  2.260E-03  3.003E-03  3.459E-03  4.585E-03  5.153E-03  6.304E-03  7.652E-03  9.444E-03  1.085E-02  1.328E-02  1.632E-02  1.908E-02  2.339E-02  2.752E-02  3.184E-02  3.865E-02  4.421E-02  5.247E-02  5.998E-02  7.013E-02  7.914E-02  9.028E-02  1.054E-01  1.209E-01  1.348E-01  1.524E-01  1.736E-01  1.937E-01  2.185E-01  2.429E-01  2.737E-01  3.003E-01  3.324E-01  3.676E-01  4.042E-01  4.437E-01  4.837E-01  5.279E-01  5.711E-01  6.217E-01  6.765E-01  7.282E-01  7.893E-01  8.498E-01  9.135E-01  9.767E-01  1.043E+00  1.116E+00  1.187E+00  1.272E+00  1.343E+00  1.425E+00  1.513E+00  1.604E+00  1.693E+00  1.790E+00  1.893E+00  1.985E+00  2.078E+00  2.192E+00  2.300E+00  2.412E+00  2.528E+00  2.644E+00  2.760E+00  2.886E+00  3.006E+00  3.125E+00  3.259E+00  3.387E+00  3.527E+00  3.645E+00  3.786E+00  3.924E+00  4.074E+00  4.202E+00  4.347E+00  4.485E+00  4.632E+00  4.763E+00  4.917E+00  5.059E+00  5.218E+00  5.351E+00  5.486E+00  5.622E+00  5.752E+00  5.887E+00  6.026E+00  6.134E+00  6.266E+00  6.386E+00  6.493E+00  6.606E+00  6.701E+00  6.793E+00  6.884E+00  6.956E+00  7.032E+00  7.082E+00  7.127E+00  7.174E+00  7.186E+00  7.201E+00  7.196E+00  7.168E+00  7.148E+00  7.099E+00  7.045E+00  6.979E+00  6.888E+00  6.785E+00  6.673E+00  6.529E+00  6.385E+00  6.225E+00  6.061E+00  5.882E+00  5.705E+00  5.504E+00  5.304E+00  5.103E+00  4.873E+00  4.659E+00  4.442E+00  4.225E+00  4.004E+00  3.777E+00  3.562E+00  3.352E+00  3.141E+00  2.932E+00  2.736E+00  2.540E+00  2.357E+00  2.175E+00  2.013E+00  1.843E+00  1.686E+00  1.539E+00  1.406E+00  1.270E+00  1.152E+00  1.042E+00  9.352E-01  8.386E-01  7.535E-01  6.650E-01  5.925E-01  5.262E-01  4.645E-01  4.121E-01  3.583E-01  3.124E-01  2.710E-01  2.347E-01  2.047E-01  1.754E-01  1.520E-01  1.297E-01  1.092E-01  9.391E-02  7.965E-02  6.813E-02  5.783E-02  4.807E-02  4.126E-02  3.382E-02  2.784E-02  2.372E-02  1.972E-02  1.692E-02  1.304E-02  1.061E-02  9.095E-03  7.307E-03  6.173E-03  5.141E-03  4.214E-03  3.739E-03  2.675E-03  2.317E-03  1.847E-03  1.432E-03  1.329E-03  9.250E-04  7.130E-04  5.886E-04  5.066E-04  4.292E-04  2.705E-04  2.312E-04  1.825E-04  1.373E-04  1.309E-04  8.182E-05  5.345E-05  3.854E-05  5.442E-05  4.948E-05  2.135E-05  2.727E-05  1.070E-05  1.617E-05  2.141E-05  5.183E-06  0.000E+00  Z
 0.000E+00  0.000E+00  0.000E+00  0.000E+00  0.000E+00  0.000E+00  0.000E+00  0.000E+00  0.000E+00  0.000E+00  0.000E+00  2.421E-05  2.308E-05  2.229E-05  0.000E+00  1.042E-04  2.009E-05  1.365E-04  5.723E-05  2.771E-04  2.701E-04  3.168E-04  7.238E-04  6.233E-04  1.007E-03  1.422E-03  1.571E-03  2.322E-03  2.540E-03  3.022E-03  4.632E-03  5.157E-03  6.193E-03  7.584E-03  9.319E-03  1.054E-02  1.352E-02  1.598E-02  1.950E-02  2.183E-02  2.739E-02  3.173E-02  3.684E-02  4.237E-02  5.211E-02  5.817E-02  6.740E-02  7.823E-02  9.125E-02  1.035E-01  1.188E-01  1.343E-01  1.511E-01  1.738E-01  1.944E-01  2.159E-01  2.431E-01  2.672E-01  2.968E-01  3.245E-01  3.640E-01  4.017E-01  4.375E-01  4.762E-01  5.254E-01  5.688E-01  6.174E-01  6.705E-01  7.222E-01  7.805E-01  8.416E-01  9.037E-01  9.718E-01  1.036E+00  1.106E+00  1.185E+00  1.256E+00  1.337E+00  1.421E+00  1.513E+00  1.592E+00  1.688E+00  1.780E+00  1.875E+00  1.972E+00  2.070E+00  2.182E+00  2.304E+00  2.405E+00  2.523E+00  2.635E+00  2.752E+00  2.878E+00  2.997E+00  3.124E+00  3.258E+00  3.384E+00  3.508E+00  3.646E+00  3.784E+00  3.922E+00  4.071E+00  4.203E+00  4.352E+00  4.496E+00  4.643E+00  4.782E+00  4.930E+00  5.062E+00  5.222E+00  5.367E+00  5.512E+00  5.651E+00  5.799E+00  5.936E+00  6.058E+00  6.193E+00  6.304E+00  6.449E+00  6.559E+00  6.673E+00  6.776E+00  6.875E+00  6.981E+00  7.061E+00  7.123E+00  7.184E+00  7.248E+00  7.297E+00  7.327E+00  7.349E+00  7.347E+00  7.352E+00  7.333E+00  7.297E+00  7.246E+00  7.182E+00  7.100E+00  7.016E+00  6.901E+00  6.778E+00  6.653E+00  6.496E+00  6.336E+00  6.174E+00  5.984E+00  5.785E+00  5.587E+00  5.388E+00  5.165E+00  4.944E+00  4.725E+00  4.495E+00  4.280E+00  4.050E+00  3.828E+00  3.611E+00  3.390E+00  3.178E+00  2.969E+00  2.762E+00  2.563E+00  2.382E+00  2.196E+00  2.023E+00  1.858E+00  1.706E+00  1.553E+00  1.416E+00  1.284E+00  1.159E+00  1.051E+00  9.452E-01  8.403E-01  7.557E-01  6.698E-01  5.950E-01  5.285E-01  4.662E-01  4.078E-01  3.576E-01  3.115E-01  2.709E-01  2.382E-01  2.033E-01  1.771E-01  1.522E-01  1.294E-01  1.106E-01  9.388E-02  8.080E-02  6.734E-02  5.595E-02  4.891E-02  4.038E-02  3.445E-02  2.797E-02  2.363E-02  1.962E-02  1.579E-02  1.384E-02  1.169E-02  9.054E-03  7.471E-03  6.215E-03  4.834E-03  4.066E-03  3.337E-03  2.694E-03  2.275E-03  1.796E-03  1.545E-03  1.214E-03  9.519E-04  8.159E-04  6.180E-04  5.235E-04  3.741E-04  2.713E-04  2.461E-04  1.662E-04  1.202E-04  9.757E-05  1.047E-04  8.698E-05  7.067E-05  6.482E-05  4.415E-05  3.234E-05  2.159E-05  2.745E-05  5.490E-06  5.194E-06  5.141E-06  1.605E-05  0.000E+00  Z
 0.000E+00  0.000E+00  0.000E+00  0.000E+00  0.000E+00  0.000E+00  0.000E+00  0.000E+00  0.000E+00  0.000E+00  0.000E+00  0.000E+00  0.000E+00  4.464E-05  0.000E+00  4.129E-05  4.030E-05  9.806E-05  2.088E-04  1.287E-04  1.977E-04  5.650E-04  4.122E-04  7.752E-04  9.757E-04  1.050E-03  1.684E-03  2.493E-03  2.923E-03  3.099E-03  4.602E-03  4.979E-03  6.548E-03  7.541E-03  9.754E-03  1.123E-02  1.278E-02  1.619E-02  1.844E-02  2.186E-02  2.556E-02  3.218E-02  3.742E-02  4.175E-02  5.019E-02  5.958E-02  6.778E-02  7.695E-02  9.068E-02  1.008E-01  1.193E-01  1.334E-01  1.511E-01  1.706E-01  1.899E-01  2.138E-01  2.380E-01  2.667E-01  2.989E-01  3.294E-01  3.600E-01  3.977E-01  4.379E-01  4.766E-01  5.192E-01  5.629E-01  6.162E-01  6.683E-01  7.181E-01  7.751E-01  8.366E-01  9.036E-01  9.664E-01  1.029E+00  1.104E+00  1.177E+00  1.261E+00  1.332E+00  1.418E+00  1.506E+00  1.586E+00  1.679E+00  1.773E+00  1.872E+00  1.966E+00  2.076E+00  2.177E+00  2.283E+00  2.392E+00  2.507E+00  2.630E+00  2.747E+00  2.881E+00  2.993E+00  3.121E+00  3.250E+00  3.384E+00  3.517E+00  3.651E+00  3.789E+00  3.936E+00  4.080E+00  4.213E+00  4.359E+00  4.507E+00  4.661E+00  4.795E+00  4.941E+00  5.091E+00  5.246E+00  5.385E+00  5.532E+00  5.666E+00  5.821E+00  5.954E+00  6.100E+00  6.239E+00  6.367E+00  6.497E+00  6.630E+00  6.729E+00  6.856E+00  6.951E+00  7.047E+00  7.130E+00  7.237E+00  7.304E+00  7.372E+00  7.421E+00  7.450E+00  7.488E+00  7.491E+00  7.512E+00  7.504E+00  7.473E+00  7.444E+00  7.383E+00  7.307E+00  7.237E+00  7.128E+00  7.026E+00  6.893E+00  6.754E+00  6.607E+00  6.417E+00  6.232E+00  6.062E+00  5.854E+00  5.665E+00  5.448E+00  5.220E+00  4.998E+00  4.759E+00  4.538E+00  4.318E+00  4.085E+00  3.862E+00  3.635E+00  3.408E+00  3.197E+00  2.979E+00  2.770E+00  2.582E+00  2.391E+00  2.211E+00  2.025E+00  1.864E+00  1.706E+00  1.556E+00  1.416E+00  1.287E+00  1.167E+00  1.045E+00  9.424E-01  8.468E-01  7.548E-01  6.699E-01  5.943E-01  5.243E-01  4.647E-01  4.088E-01  3.557E-01  3.091E-01  2.685E-01  2.372E-01  2.030E-01  1.752E-01  1.487E-01  1.292E-01  1.100E-01  9.363E-02  7.948E-02  6.712E-02  5.723E-02  4.789E-02  4.067E-02  3.285E-02  2.840E-02  2.411E-02  1.971E-02  1.604E-02  1.328E-02  1.088E-02  9.005E-03  7.518E-03  5.715E-03  5.369E-03  4.174E-03  3.321E-03  2.755E-03  2.172E-03  1.717E-03  1.439E-03  1.143E-03  9.547E-04  7.484E-04  7.036E-04  3.645E-04  3.885E-04  2.950E-04  2.582E-04  1.877E-04  1.319E-04  1.097E-04  7.717E-05  8.085E-05  5.458E-05  7.614E-05  3.824E-05  2.782E-05  2.695E-05  1.595E-05  5.536E-06  1.635E-05  0.000E+00  Z
 0.000E+00  0.000E+00  0.000E+00  0.000E+00  0.000E+00  0.000E+00  0.000E+00  0.000E+00  0.000E+00  0.000E+00  0.000E+00  0.000E+00  2.317E-05  2.206E-05  4.279E-05  2.057E-05  8.082E-05  1.565E-04  1.140E-04  1.470E-04  3.071E-04  3.170E-04  4.492E-04  5.570E-04  9.425E-04  1.292E-03  1.538E-03  2.121E-03  2.690E-03  3.235E-03  3.850E-03  4.949E-03  5.433E-03  7.216E-03  8.975E-03  9.987E-03  1.210E-02  1.474E-02  1.863E-02  2.120E-02  2.529E-02  2.956E-02  3.490E-02  4.108E-02  4.804E-02  5.743E-02  6.596E-02  7.727E-02  8.702E-02  1.007E-01  1.149E-01  1.299E-01  1.474E-01  1.660E-01  1.841E-01  2.078E-01  2.320E-01  2.621E-01  2.873E-01  3.202E-01  3.509E-01  3.860E-01  4.304E-01  4.669E-01  5.100E-01  5.568E-01  6.040E-01  6.537E-01  7.102E-01  7.695E-01  8.247E-01  8.840E-01  9.500E-01  1.019E+00  1.090E+00  1.162E+00  1.239E+00  1.319E+00  1.405E+00  1.484E+00  1.572E+00  1.663E+00  1.763E+00  1.859E+00  1.953E+00  2.055E+00  2.167E+00  2.268E+00  2.382E+00  2.492E+00  2.613E+00  2.730E+00  2.850E+00  2.987E+00  3.119E+00  3.249E+00  3.383E+00  3.516E+00  3.648E+00  3.791E+00  3.945E+00  4.085E+00  4.236E+00  4.364E+00  4.530E+00  4.672E+00  4.837E+00  4.978E+00  5.127E+00  5.279E+00  5.432E+00  5.576E+00  5.741E+00  5.891E+00  6.045E+00  6.194E+00  6.328E+00  6.478E+00  6.606E+00  6.729E+00  6.867E+00  6.987E+00  7.120E+00  7.249E+00  7.326E+00  7.425E+00  7.531E+00  7.597E+00  7.681E+00  7.736E+00  7.790E+00  7.842E+00  7.869E+00  7.869E+00  7.870E+00  7.861E+00  7.833E+00  7.803E+00  7.723E+00  7.645E+00  7.569E+00  7.459E+00  7.324E+00  7.186E+00  7.040E+00  6.868E+00  6.699E+00  6.508E+00  6.315E+00  6.098E+00  5.890E+00  5.668E+00  5.418E+00  5.208E+00  4.964E+00  4.722E+00  4.486E+00  4.243E+00  4.008E+00  3.763E+00  3.543E+00  3.309E+00  3.090E+00  2.879E+00  2.679E+00  2.475E+00  2.285E+00  2.104E+00  1.927E+00  1.763E+00  1.613E+00  1.461E+00  1.329E+00  1.195E+00  1.081E+00  9.716E-01  8.723E-01  7.767E-01  6.906E-01  6.104E-01  5.421E-01  4.759E-01  4.180E-01  3.648E-01  3.189E-01  2.795E-01  2.393E-01  2.085E-01  1.813E-01  1.541E-01  1.327E-01  1.125E-01  9.707E-02  8.185E-02  6.980E-02  5.817E-02  4.941E-02  4.149E-02  3.474E-02  2.894E-02  2.326E-02  1.979E-02  1.650E-02  1.367E-02  1.144E-02  9.440E-03  7.835E-03  6.421E-03  5.022E-03  4.193E-03  3.540E-03  2.969E-03  2.281E-03  1.852E-03  1.550E-03  1.099E-03  8.078E-04  8.460E-04  5.873E-04  4.358E-04  3.835E-04  3.315E-04  2.463E-04  1.928E-04  1.582E-04  1.428E-04  9.781E-05  8.673E-05  5.432E-05  5.925E-05  3.277E-05  3.731E-05  2.692E-05  5.215E-06  1.033E-05  5.560E-06  0.000E+00  Z
 0.000E+00  0.000E+00  0.000E+00  0.000E+00  0.000E+00  0.000E+00  0.000E+00  0.000E+00  0.000E+00  0.000E+00  0.000E+00  0.000E+00  2.307E-05  0.000E+00  0.000E+00  2.095E-05  8.028E-05  7.819E-05  7.593E-05  1.663E-04  3.062E-04  3.518E-04  5.161E-04  6.901E-04  9.244E-04  1.101E-03  1.653E-03  2.104E-03  2.403E-03  2.793E-03  4.294E-03  4.456E-03  5.749E-03  7.525E-03  8.416E-03  1.045E-02  1.283E-02  1.526E-02  1.774E-02  2.131E-02  2.388E-02  2.931E-02  3.485E-02  4.169E-02  4.833E-02  5.600E-02  6.454E-02  7.386E-02  8.669E-02  9.879E-02  1.113E-01  1.277E-01  1.460E-01  1.645E-01  1.833E-01  2.091E-01  2.316E-01  2.565E-01  2.852E-01  3.163E-01  3.481E-01  3.815E-01  4.229E-01  4.608E-01  5.009E-01  5.475E-01  5.948E-01  6.449E-01  7.039E-01  7.625E-01  8.158E-01  8.733E-01  9.401E-01  1.009E+00  1.080E+00  1.147E+00  1.231E+00  1.306E+00  1.387E+00  1.470E+00  1.556E+00  1.649E+00  1.747E+00  1.840E+00  1.941E+00  2.040E+00  2.144E+00  2.258E+00  2.373E+00  2.491E+00  2.595E+00  2.723E+00  2.849E+00  2.976E+00  3.107E+00  3.239E+00  3.367E+00  3.508E+00  3.649E+00  3.789E+00  3.942E+00  4.083E+00  4.239E+00  4.391E+00  4.537E+00  4.696E+00  4.838E+00  4.999E+00  5.162E+00  5.319E+00  5.466E+00  5.635E+00  5.796E+00  5.951E+00  6.102E+00  6.249E+00  6.399E+00  6.564E+00  6.704E+00  6.845E+00  6.975E+00  7.109E+00  7.253E+00  7.367E+00  7.489E+00  7.596E+00  7.700E+00  7.784E+00  7.886E+00  7.961E+00  8.029E+00  8.082E+00  8.113E+00  8.161E+00  8.178E+00  8.175E+00  8.149E+00  8.139E+00  8.092E+00  8.046E+00  7.963E+00  7.894E+00  7.774E+00  7.664E+00  7.523E+00  7.377E+00  7.215E+00  7.035E+00  6.847E+00  6.663E+00  6.423E+00  6.199E+00  5.975E+00  5.751E+00  5.496E+00  5.250E+00  5.013E+00  4.760E+00  4.507E+00  4.265E+00  4.021E+00  3.774E+00  3.544E+00  3.305E+00  3.094E+00  2.871E+00  2.657E+00  2.457E+00  2.265E+00  2.086E+00  1.911E+00  1.746E+00  1.583E+00  1.443E+00  1.306E+00  1.179E+00  1.059E+00  9.559E-01  8.484E-01  7.581E-01  6.705E-01  5.971E-01  5.287E-01  4.601E-01  4.035E-01  3.553E-01  3.104E-01  2.654E-01  2.307E-01  1.998E-01  1.716E-01  1.492E-01  1.263E-01  1.081E-01  9.167E-02  7.804E-02  6.513E-02  5.566E-02  4.631E-02  3.907E-02  3.274E-02  2.714E-02  2.240E-02  1.926E-02  1.540E-02  1.324E-02  1.085E-02  8.607E-03  7.326E-03  5.884E-03  4.753E-03  3.868E-03  3.287E-03  2.528E-03  2.172E-03  1.751E-03  1.328E-03  1.099E-03  8.448E-04  7.710E-04  5.680E-04  4.474E-04  3.621E-04  3.410E-04  2.901E-04  1.526E-04  1.363E-04  1.190E-04  9.744E-05  6.562E-05  2.687E-05  3.830E-05  1.579E-05  2.147E-05  1.065E-05  2.136E-05  5.192E-06  0.000E+00  Z
 0.000E+00  0.000E+00  0.000E+00  0.000E+00  0.000E+00  0.000E+00  0.000E+00  0.000E+00  0.000E+00  0.000E+00  0.000E+00  0.000E+00  0.000E+00  4.481E-05  2.133E-05  0.000E+00  0.000E+00  5.893E-05  5.750E-05  1.662E-04  2.171E-04  2.814E-04  5.003E-04  4.726E-04  8.229E-04  1.150E-03  1.459E-03  1.884E-03  2.079E-03  2.891E-03  3.434E-03  4.658E-03  6.168E-03  6.860E-03  8.467E-03  9.734E-03  1.238E-02  1.450E-02  1.654E-02  2.160E-02  2.391E-02  2.757E-02  3.390E-02  3.905E-02  4.633E-02  5.373E-02  6.195E-02  7.198E-02  8.227E-02  9.304E-02  1.070E-01  1.227E-01  1.404E-01  1.578E-01  1.758E-01  1.959E-01  2.230E-01  2.447E-01  2.795E-01  3.057E-01  3.413E-01  3.741E-01  4.142E-01  4.536E-01  4.964E-01  5.335E-01  5.808E-01  6.351E-01  6.866E-01  7.439E-01  7.990E-01  8.617E-01  9.285E-01  9.872E-01  1.060E+00  1.127E+00  1.207E+00  1.278E+00  1.362E+00  1.449E+00  1.542E+00  1.624E+00  1.723E+00  1.819E+00  1.925E+00  2.017E+00  2.130E+00  2.243E+00  2.348E+00  2.476E+00  2.586E+00  2.705E+00  2.824E+00  2.961E+00  3.098E+00  3.226E+00  3.359E+00  3.503E+00  3.660E+00  3.794E+00  3.940E+00  4.097E+00  4.241E+00  4.400E+00  4.555E+00  4.719E+00  4.873E+00  5.046E+00  5.199E+00  5.374E+00  5.548E+00  5.700E+00  5.880E+00  6.037E+00  6.200E+00  6.364E+00  6.535E+00  6.681E+00  6.869E+00  7.000E+00  7.148E+00  7.305E+00  7.454E+00  7.584E+00  7.724E+00  7.860E+00  7.984E+00  8.102E+00  8.204E+00  8.297E+00  8.390E+00  8.490E+00  8.551E+00  8.610E+00  8.659E+00  8.693E+00  8.712E+00  8.707E+00  8.715E+00  8.685E+00  8.636E+00  8.590E+00  8.523E+00  8.441E+00  8.341E+00  8.208E+00  8.084E+00  7.923E+00  7.753E+00  7.575E+00  7.380E+00  7.169E+00  6.952E+00  6.720E+00  6.485E+00  6.231E+00  5.989E+00  5.720E+00  5.464E+00  5.199E+00  4.944E+00  4.674E+00  4.418E+00  4.147E+00  3.909E+00  3.648E+00  3.408E+00  3.175E+00  2.955E+00  2.724E+00  2.521E+00  2.318E+00  2.126E+00  1.953E+00  1.772E+00  1.618E+00  1.464E+00  1.324E+00  1.195E+00  1.076E+00  9.616E-01  8.605E-01  7.653E-01  6.802E-01  5.991E-01  5.287E-01  4.650E-01  4.084E-01  3.540E-01  3.101E-01  2.687E-01  2.348E-01  2.005E-01  1.733E-01  1.480E-01  1.270E-01  1.077E-01  9.051E-02  7.716E-02  6.542E-02  5.624E-02  4.684E-02  3.899E-02  3.230E-02  2.686E-02  2.291E-02  1.926E-02  1.517E-02  1.276E-02  1.104E-02  8.511E-03  7.131E-03  6.238E-03  4.530E-03  3.800E-03  3.011E-03  2.744E-03  2.058E-03  1.682E-03  1.379E-03  1.079E-03  8.777E-04  7.026E-04  5.910E-04  4.576E-04  4.020E-04  2.822E-04  2.545E-04  1.792E-04  1.778E-04  1.516E-04  8.629E-05  1.300E-04  5.345E-05  1.013E-04  3.753E-05  3.186E-05  1.056E-05  1.083E-05  2.098E-05  1.085E-05  5.129E-06  1.056E-05  5.114E-06  1.066E-05  0.000E+00  Z
 0.000E+00  0.000E+00  0.000E+00  0.000E+00  0.000E+00  0.000E+00  0.000E+00  0.000E+00  0.000E+00  0.000E+00  0.000E+00  0.000E+00  2.308E-05  0.000E+00  2.122E-05  2.082E-05  1.998E-05  1.558E-04  3.777E-05  2.034E-04  2.344E-04  2.111E-04  4.804E-04  5.383E-04  6.770E-04  9.559E-04  1.047E-03  1.448E-03  2.265E-03  2.634E-03  3.564E-03  4.120E-03  5.630E-03  6.266E-03  7.841E-03  9.105E-03  1.086E-02  1.365E-02  1.596E-02  1.909E-02  2.200E-02  2.685E-02  3.170E-02  3.747E-02  4.256E-02  5.230E-02  6.021E-02  6.771E-02  7.744E-02  9.007E-02  1.034E-01  1.181E-01  1.373E-01  1.509E-01  1.709E-01  1.927E-01  2.147E-01  2.399E-01  2.675E-01  2.944E-01  3.258E-01  3.627E-01  3.958E-01  4.357E-01  4.742E-01  5.203E-01  5.639E-01  6.168E-01  6.703E-01  7.173E-01  7.769E-01  8.379E-01  9.004E-01  9.689E-01  1.040E+00  1.104E+00  1.180E+00  1.260E+00  1.339E+00  1.421E+00  1.516E+00  1.600E+00  1.693E+00  1.793E+00  1.892E+00  1.997E+00  2.103E+00  2.209E+00  2.316E+00  2.445E+00  2.550E+00  2.682E+00  2.814E+00  2.942E+00  3.072E+00  3.215E+00  3.345E+00  3.489E+00  3.639E+00  3.803E+00  3.948E+00  4.114E+00  4.265E+00  4.420E+00  4.590E+00  4.759E+00  4.920E+00  5.108E+00  5.268E+00  5.451E+00  5.625E+00  5.794E+00  5.975E+00  6.152E+00  6.352E+00  6.517E+00  6.693E+00  6.876E+00  7.052E+00  7.230E+00  7.411E+00  7.585E+00  7.756E+00  7.911E+00  8.076E+00  8.226E+00  8.386E+00  8.518E+00  8.664E+00  8.785E+00  8.906E+00  9.047E+00  9.139E+00  9.249E+00  9.334E+00  9.406E+00  9.471E+00  9.535E+00  9.571E+00  9.586E+00  9.602E+00  9.607E+00  9.573E+00  9.551E+00  9.491E+00  9.420E+00  9.335E+00  9.240E+00  9.113E+00  8.983E+00  8.823E+00  8.633E+00  8.448E+00  8.256E+00  8.036E+00  7.800E+00  7.557E+00  7.305E+00  7.045E+00  6.766E+00  6.485E+00  6.210E+00  5.919E+00  5.634E+00  5.352E+00  5.057E+00  4.774E+00  4.491E+00  4.222E+00  3.935E+00  3.686E+00  3.431E+00  3.179E+00  2.952E+00  2.718E+00  2.499E+00  2.299E+00  2.093E+00  1.911E+00  1.740E+00  1.575E+00  1.425E+00  1.290E+00  1.158E+00  1.033E+00  9.213E-01  8.230E-01  7.307E-01  6.443E-01  5.703E-01  4.974E-01  4.403E-01  3.811E-01  3.324E-01  2.891E-01  2.520E-01  2.162E-01  1.849E-01  1.579E-01  1.349E-01  1.168E-01  9.951E-02  8.439E-02  7.059E-02  5.869E-02  4.956E-02  4.205E-02  3.520E-02  2.902E-02  2.431E-02  2.030E-02  1.710E-02  1.375E-02  1.143E-02  9.555E-03  7.995E-03  6.527E-03  5.331E-03  4.249E-03  3.347E-03  2.731E-03  2.257E-03  1.874E-03  1.612E-03  1.328E-03  9.531E-04  7.922E-04  6.624E-04  5.269E-04  4.125E-04  3.607E-04  2.532E-04  2.151E-04  1.442E-04  1.076E-04  1.069E-04  1.217E-04  8.591E-05  4.775E-05  4.808E-05  3.744E-05  1.054E-05  5.440E-06  1.598E-05  5.427E-06  1.015E-05  1.040E-05  0.000E+00  Z
 0.000E+00  0.000E+00  0.000E+00  0.000E+00  0.000E+00  0.000E+00  0.000E+00  0.000E+00  0.000E+00  0.000E+00  0.000E+00  0.000E+00  0.000E+00  0.000E+00  2.152E-05  0.000E+00  8.013E-05  1.364E-04  3.783E-05  9.267E-05  2.893E-04  2.464E-04  3.798E-04  4.365E-04  6.593E-04  1.085E-03  1.110E-03  1.728E-03  2.081E-03  2.348E-03  3.312E-03  4.160E-03  4.641E-03  6.682E-03  7.539E-03  9.152E-03  1.087E-02  1.314E-02  1.570E-02  1.709E-02  2.097E-02  2.490E-02  3.042E-02  3.667E-02  4.095E-02  4.860E-02  5.609E-02  6.442E-02  7.550E-02  8.666E-02  9.994E-02  1.124E-01  1.297E-01  1.451E-01  1.638E-01  1.850E-01  2.041E-01  2.291E-01  2.570E-01  2.885E-01  3.187E-01  3.475E-01  3.841E-01  4.205E-01  4.581E-01  5.022E-01  5.456E-01  5.991E-01  6.455E-01  7.026E-01  7.565E-01  8.139E-01  8.771E-01  9.425E-01  1.003E+00  1.081E+00  1.148E+00  1.232E+00  1.315E+00  1.393E+00  1.484E+00  1.577E+00  1.665E+00  1.758E+00  1.858E+00  1.964E+00  2.073E+00  2.180E+00  2.294E+00  2.407E+00  2.539E+00  2.661E+00  2.782E+00  2.920E+00  3.054E+00  3.196E+00  3.342E+00  3.480E+00  3.637E+00  3.787E+00  3.950E+00  4.108E+00  4.263E+00  4.449E+00  4.604E+00  4.797E+00  4.966E+00  5.148E+00  5.321E+00  5.503E+00  5.704E+00  5.887E+00  6.086E+00  6.272E+00  6.466E+00  6.655E+00  6.863E+00  7.062E+00  7.248E+00  7.447E+00  7.638E+00  7.833E+00  8.032E+00  8.200E+00  8.395E+00  8.565E+00  8.751E+00  8.938E+00  9.096E+00  9.267E+00  9.437E+00  9.578E+00  9.733E+00  9.858E+00  9.985E+00  1.011E+01  1.021E+01  1.030E+01  1.040E+01  1.047E+01  1.053E+01  1.057E+01  1.060E+01  1.063E+01  1.063E+01  1.061E+01  1.057E+01  1.053E+01  1.046E+01  1.038E+01  1.028E+01  1.014E+01  1.001E+01  9.873E+00  9.683E+00  9.470E+00  9.278E+00  9.054E+00  8.803E+00  8.531E+00  8.283E+00  8.002E+00  7.703E+00  7.433E+00  7.109E+00  6.804E+00  6.485E+00  6.182E+00  5.861E+00  5.535E+00  5.228E+00  4.913E+00  4.625E+00  4.322E+00  4.036E+00  3.758E+00  3.497E+00  3.221E+00  2.981E+00  2.744E+00  2.518E+00  2.302E+00  2.097E+00  1.909E+00  1.736E+00  1.569E+00  1.411E+00  1.268E+00  1.133E+00  1.014E+00  9.029E-01  8.023E-01  7.096E-01  6.251E-01  5.509E-01  4.824E-01  4.215E-01  3.692E-01  3.171E-01  2.745E-01  2.383E-01  2.053E-01  1.765E-01  1.509E-01  1.277E-01  1.093E-01  9.349E-02  7.792E-02  6.629E-02  5.609E-02  4.660E-02  3.911E-02  3.282E-02  2.729E-02  2.227E-02  1.931E-02  1.606E-02  1.305E-02  1.098E-02  8.808E-03  6.865E-03  6.041E-03  4.862E-03  3.854E-03  3.353E-03  2.640E-03  2.128E-03  1.764E-03  1.308E-03  1.079E-03  8.344E-04  7.535E-04  6.160E-04  5.057E-04  3.831E-04  3.095E-04  2.717E-04  1.272E-04  1.283E-04  1.107E-04  9.436E-05  7.309E-05  6.779E-05  5.753E-05  3.122E-05  2.092E-05  1.535E-05  0.000E+00  Z
 0.000E+00  0.000E+00  0.000E+00  0.000E+00  0.000E+00  0.000E+00  0.000E+00  0.000E+00  0.000E+00  0.000E+00  0.000E+00  0.000E+00  0.000E+00  0.000E+00  0.000E+00  0.000E+00  0.000E+00  7.786E-05  5.702E-05  9.210E-05  1.626E-04  1.939E-04  3.784E-04  5.220E-04  6.275E-04  9.373E-04  1.236E-03  1.636E-03  1.988E-03  2.452E-03  3.032E-03  3.493E-03  4.341E-03  5.466E-03  7.192E-03  7.843E-03  9.738E-03  1.182E-02  1.458E-02  1.694E-02  1.953E-02  2.462E-02  2.713E-02  3.241E-02  3.862E-02  4.603E-02  5.331E-02  6.066E-02  7.056E-02  8.268E-02  9.416E-02  1.075E-01  1.237E-01  1.368E-01  1.561E-01  1.755E-01  1.977E-01  2.213E-01  2.456E-01  2.703E-01  3.002E-01  3.333E-01  3.688E-01  4.035E-01  4.411E-01  4.877E-01  5.288E-01  5.752E-01  6.243E-01  6.795E-01  7.323E-01  7.940E-01  8.490E-01  9.176E-01  9.863E-01  1.050E+00  1.125E+00  1.196E+00  1.271E+00  1.361E+00  1.443E+00  1.541E+00  1.623E+00  1.722E+00  1.821E+00  1.926E+00  2.036E+00  2.139E+00  2.260E+00  2.374E+00  2.496E+00  2.633E+00  2.749E+00  2.888E+00  3.032E+00  3.167E+00  3.323E+00  3.483E+00  3.615E+00  3.783E+00  3.954E+00  4.111E+00  4.276E+00  4.452E+00  4.629E+00  4.827E+00  4.998E+00  5.194E+00  5.375E+00  5.576E+00  5.779E+00  5.968E+00  6.190E+00  6.389E+00  6.594E+00  6.818E+00  7.034E+00  7.253E+00  7.462E+00  7.659E+00  7.892E+00  8.108E+00  8.304E+00  8.533E+00  8.758E+00  8.964E+00  9.150E+00  9.368E+00  9.574E+00  9.776E+00  9.953E+00  1.014E+01  1.033E+01  1.052E+01  1.069E+01  1.086E+01  1.097E+01  1.112E+01  1.125E+01  1.139E+01  1.150E+01  1.159E+01  1.168E+01  1.177E+01  1.181E+01  1.186E+01  1.190E+01  1.190E+01  1.191E+01  1.189E+01  1.185E+01  1.180E+01  1.170E+01  1.162E+01  1.150E+01  1.137E+01  1.122E+01  1.104E+01  1.085E+01  1.063E+01  1.039E+01  1.016E+01  9.887E+00  9.617E+00  9.331E+00  9.030E+00  8.698E+00  8.381E+00  8.031E+00  7.692E+00  7.353E+00  7.001E+00  6.646E+00  6.312E+00  5.949E+00  5.614E+00  5.274E+00  4.941E+00  4.636E+00  4.309E+00  4.009E+00  3.716E+00  3.435E+00  3.161E+00  2.909E+00  2.667E+00  2.443E+00  2.220E+00  2.016E+00  1.825E+00  1.650E+00  1.481E+00  1.332E+00  1.193E+00  1.064E+00  9.411E-01  8.356E-01  7.424E-01  6.467E-01  5.733E-01  5.010E-01  4.411E-01  3.815E-01  3.288E-01  2.852E-01  2.476E-01  2.120E-01  1.821E-01  1.557E-01  1.308E-01  1.117E-01  9.743E-02  8.160E-02  6.851E-02  5.717E-02  4.798E-02  4.137E-02  3.366E-02  2.844E-02  2.387E-02  1.950E-02  1.654E-02  1.293E-02  1.065E-02  8.914E-03  7.476E-03  6.316E-03  4.991E-03  4.261E-03  3.493E-03  2.668E-03  2.253E-03  1.767E-03  1.450E-03  1.144E-03  8.816E-04  6.824E-04  5.540E-04  5.413E-04  4.254E-04  3.391E-04  2.101E-04  2.371E-04  1.525E-04  1.200E-04  7.364E-05  8.396E-05  3.198E-05  1.151E-04  Z
 0.000E+00  0.000E+00  0.000E+00  0.000E+00  0.000E+00  0.000E+00  0.000E+00  0.000E+00  0.000E+00  0.000E+00  0.000E+00  0.000E+00  0.000E+00  0.000E+00  0.000E+00  2.084E-05  4.038E-05  0.000E+00  1.891E-05  3.660E-05  1.626E-04  2.652E-04  2.925E-04  5.906E-04  5.632E-04  7.442E-04  9.183E-04  1.245E-03  1.916E-03  2.439E-03  2.665E-03  3.437E-03  4.284E-03  5.288E-03  6.846E-03  8.014E-03  9.097E-03  1.116E-02  1.328E-02  1.599E-02  1.924E-02  2.256E-02  2.678E-02  3.122E-02  3.869E-02  4.447E-02  5.108E-02  5.867E-02  6.835E-02  7.716E-02  9.084E-02  1.035E-01  1.160E-01  1.353E-01  1.480E-01  1.708E-01  1.911E-01  2.145E-01  2.395E-01  2.664E-01  2.950E-01  3.264E-01  3.595E-01  3.978E-01  4.337E-01  4.730E-01  5.141E-01  5.655E-01  6.094E-01  6.628E-01  7.170E-01  7.785E-01  8.294E-01  8.998E-01  9.622E-01  1.037E+00  1.102E+00  1.185E+00  1.259E+00  1.337E+00  1.425E+00  1.515E+00  1.610E+00  1.703E+00  1.804E+00  1.910E+00  2.012E+00  2.118E+00  2.242E+00  2.354E+00  2.480E+00  2.600E+00  2.734E+00  2.869E+00  3.027E+00  3.146E+00  3.301E+00  3.461E+00  3.619E+00  3.758E+00  3.938E+00  4.113E+00  4.284E+00  4.464E+00  4.648E+00  4.833E+00  5.027E+00  5.236E+00  5.414E+00  5.611E+00  5.823E+00  6.042E+00  6.244E+00  6.468E+00  6.680E+00  6.909E+00  7.125E+00  7.347E+00  7.583E+00  7.814E+00  8.049E+00  8.277E+00  8.521E+00  8.746E+00  8.965E+00  9.219E+00  9.425E+00  9.665E+00  9.879E+00  1.010E+01  1.033E+01  1.051E+01  1.076E+01  1.094E+01  1.114E+01  1.134E+01  1.152E+01  1.168E+01  1.184E+01  1.199E+01  1.215E+01  1.228E+01  1.240E+01  1.251E+01  1.262E+01  1.269E+01  1.277E+01  1.282E+01  1.284E+01  1.289E+01  1.289E+01  1.286E+01  1.286E+01  1.281E+01  1.272E+01  1.265E+01  1.254E+01  1.242E+01  1.226E+01  1.210E+01  1.189E+01  1.170E+01  1.148E+01  1.123E+01  1.095E+01  1.067E+01  1.037E+01  1.006E+01  9.735E+00  9.384E+00  9.032E+00  8.674E+00  8.306E+00  7.935E+00  7.571E+00  7.196E+00  6.823E+00  6.444E+00  6.081E+00  5.727E+00  5.362E+00  5.007E+00  4.681E+00  4.358E+00  4.032E+00  3.729E+00  3.444E+00  3.157E+00  2.901E+00  2.649E+00  2.414E+00  2.194E+00  1.990E+00  1.803E+00  1.619E+00  1.457E+00  1.305E+00  1.161E+00  1.029E+00  9.171E-01  8.137E-01  7.183E-01  6.273E-01  5.522E-01  4.827E-01  4.202E-01  3.647E-01  3.162E-01  2.709E-01  2.348E-01  2.021E-01  1.730E-01  1.486E-01  1.240E-01  1.064E-01  8.972E-02  7.553E-02  6.335E-02  5.485E-02  4.565E-02  3.817E-02  3.194E-02  2.650E-02  2.218E-02  1.799E-02  1.473E-02  1.243E-02  9.966E-03  8.493E-03  7.136E-03  5.395E-03  4.612E-03  3.843E-03  3.126E-03  2.659E-03  2.168E-03  1.726E-03  1.398E-03  1.193E-03  8.783E-04  6.902E-04  5.837E-04  4.774E-04  2.977E-04  1.829E-04  2.126E-04  2.233E-04  1.834E-04  4.112E-04  Z
 0.000E+00  0.000E+00  0.000E+00  0.000E+00  0.000E+00  0.000E+00  0.000E+00  0.000E+00  0.000E+00  0.000E+00  0.000E+00  0.000E+00  2.300E-05  0.000E+00  4.289E-05  0.000E+00  2.019E-05  7.842E-05  3.816E-05  9.245E-05  2.170E-04  2.110E-04  2.923E-04  4.885E-04  6.776E-04  7.775E-04  1.126E-03  1.278E-03  1.669E-03  1.913E-03  2.276E-03  3.395E-03  3.998E-03  5.078E-03  6.255E-03  7.322E-03  9.370E-03  1.110E-02  1.274E-02  1.539E-02  1.843E-02  2.207E-02  2.659E-02  3.070E-02  3.548E-02  4.255E-02  4.841E-02  5.670E-02  6.542E-02  7.447E-02  8.684E-02  1.014E-01  1.140E-01  1.284E-01  1.434E-01  1.637E-01  1.817E-01  2.049E-01  2.307E-01  2.520E-01  2.818E-01  3.113E-01  3.483E-01  3.844E-01  4.162E-01  4.557E-01  4.991E-01  5.455E-01  5.919E-01  6.438E-01  7.010E-01  7.542E-01  8.118E-01  8.742E-01  9.311E-01  1.010E+00  1.079E+00  1.150E+00  1.229E+00  1.309E+00  1.395E+00  1.483E+00  1.576E+00  1.674E+00  1.772E+00  1.867E+00  1.975E+00  2.083E+00  2.203E+00  2.329E+00  2.455E+00  2.580E+00  2.704E+00  2.843E+00  2.985E+00  3.124E+00  3.289E+00  3.428E+00  3.596E+00  3.759E+00  3.933E+00  4.101E+00  4.294E+00  4.473E+00  4.647E+00  4.849E+00  5.043E+00  5.244E+00  5.462E+00  5.665E+00  5.896E+00  6.103E+00  6.325E+00  6.553E+00  6.800E+00  7.029E+00  7.273E+00  7.516E+00  7.746E+00  7.997E+00  8.254E+00  8.502E+00  8.765E+00  9.021E+00  9.268E+00  9.517E+00  9.774E+00  1.002E+01  1.026E+01  1.054E+01  1.078E+01  1.101E+01  1.128E+01  1.151E+01  1.174E+01  1.199E+01  1.218E+01  1.240E+01  1.263E+01  1.282E+01  1.299E+01  1.318E+01  1.338E+01  1.353E+01  1.366E+01  1.381E+01  1.395E+01  1.405E+01  1.417E+01  1.423E+01  1.430E+01  1.435E+01  1.438E+01  1.441E+01  1.440E+01  1.439E+01  1.434E+01  1.426E+01  1.421E+01  1.407E+01  1.396E+01  1.380E+01  1.364E+01  1.346E+01  1.326E+01  1.301E+01  1.277E+01  1.248E+01  1.219E+01  1.188E+01  1.155E+01  1.120E+01  1.087E+01  1.047E+01  1.010E+01  9.708E+00  9.291E+00  8.897E+00  8.483E+00  8.068E+00  7.648E+00  7.246E+00  6.841E+00  6.437E+00  6.049E+00  5.666E+00  5.295E+00  4.929E+00  4.581E+00  4.231E+00  3.904E+00  3.594E+00  3.302E+00  3.024E+00  2.766E+00  2.513E+00  2.282E+00  2.064E+00  1.861E+00  1.676E+00  1.502E+00  1.344E+00  1.195E+00  1.059E+00  9.383E-01  8.293E-01  7.333E-01  6.435E-01  5.621E-01  4.918E-01  4.284E-01  3.700E-01  3.228E-01  2.777E-01  2.379E-01  2.022E-01  1.740E-01  1.496E-01  1.249E-01  1.078E-01  9.072E-02  7.732E-02  6.347E-02  5.525E-02  4.505E-02  3.883E-02  3.182E-02  2.608E-02  2.228E-02  1.858E-02  1.556E-02  1.284E-02  1.055E-02  8.578E-03  7.173E-03  5.425E-03  4.709E-03  3.823E-03  3.233E-03  2.641E-03  2.060E-03  1.810E-03  1.525E-03  1.068E-03  9.217E-04  7.212E-04  5.442E-04  5.158E-04  1.284E-03  Z
 0.000E+00  0.000E+00  0.000E+00  0.000E+00  0.000E+00  0.000E+00  0.000E+00  0.000E+00  0.000E+00  0.000E+00  0.000E+00  0.000E+00  0.000E+00  2.239E-05  0.000E+00  2.088E-05  0.000E+00  1.176E-04  3.803E-05  9.231E-05  1.992E-04  2.821E-04  2.234E-04  4.885E-04  4.615E-04  7.615E-04  9.048E-04  1.215E-03  1.621E-03  1.955E-03  2.322E-03  3.360E-03  3.927E-03  4.681E-03  5.810E-03  7.324E-03  8.658E-03  1.052E-02  1.210E-02  1.404E-02  1.822E-02  2.174E-02  2.452E-02  3.019E-02  3.435E-02  4.005E-02  4.665E-02  5.469E-02  6.217E-02  7.296E-02  8.488E-02  9.484E-02  1.101E-01  1.246E-01  1.394E-01  1.590E-01  1.764E-01  1.982E-01  2.241E-01  2.492E-01  2.776E-01  3.032E-01  3.382E-01  3.720E-01  4.115E-01  4.481E-01  4.886E-01  5.352E-01  5.807E-01  6.283E-01  6.804E-01  7.338E-01  7.958E-01  8.554E-01  9.224E-01  9.851E-01  1.057E+00  1.130E+00  1.211E+00  1.288E+00  1.374E+00  1.458E+00  1.555E+00  1.654E+00  1.746E+00  1.848E+00  1.953E+00  2.069E+00  2.189E+00  2.300E+00  2.422E+00  2.555E+00  2.689E+00  2.828E+00  2.968E+00  3.120E+00  3.270E+00  3.420E+00  3.578E+00  3.754E+00  3.926E+00  4.107E+00  4.276E+00  4.470E+00  4.658E+00  4.866E+00  5.061E+00  5.275E+00  5.493E+00  5.698E+00  5.932E+00  6.145E+00  6.386E+00  6.623E+00  6.873E+00  7.109E+00  7.355E+00  7.607E+00  7.884E+00  8.126E+00  8.389E+00  8.671E+00  8.922E+00  9.186E+00  9.459E+00  9.732E+00  1.000E+01  1.028E+01  1.056E+01  1.082E+01  1.109E+01  1.138E+01  1.163E+01  1.191E+01  1.217E+01  1.242E+01  1.267E+01  1.293E+01  1.316E+01  1.339E+01  1.363E+01  1.382E+01  1.402E+01  1.423E+01  1.443E+01  1.460E+01  1.477E+01  1.492E+01  1.506E+01  1.515E+01  1.527E+01  1.538E+01  1.545E+01  1.551E+01  1.556E+01  1.557E+01  1.558E+01  1.558E+01  1.552E+01  1.548E+01  1.538E+01  1.530E+01  1.519E+01  1.505E+01  1.487E+01  1.469E+01  1.447E+01  1.425E+01  1.400E+01  1.371E+01  1.339E+01  1.310E+01  1.276E+01  1.239E+01  1.204E+01  1.165E+01  1.126E+01  1.085E+01  1.042E+01  9.985E+00  9.577E+00  9.121E+00  8.676E+00  8.237E+00  7.794E+00  7.353E+00  6.935E+00  6.506E+00  6.093E+00  5.695E+00  5.299E+00  4.923E+00  4.557E+00  4.204E+00  3.884E+00  3.558E+00  3.254E+00  2.990E+00  2.715E+00  2.468E+00  2.229E+00  2.005E+00  1.811E+00  1.629E+00  1.453E+00  1.296E+00  1.154E+00  1.022E+00  9.024E-01  7.937E-01  6.999E-01  6.154E-01  5.371E-01  4.653E-01  4.044E-01  3.477E-01  3.009E-01  2.587E-01  2.229E-01  1.910E-01  1.618E-01  1.379E-01  1.178E-01  9.853E-02  8.314E-02  7.135E-02  5.931E-02  5.014E-02  4.228E-02  3.474E-02  2.944E-02  2.468E-02  1.984E-02  1.670E-02  1.380E-02  1.178E-02  9.315E-03  7.781E-03  6.594E-03  5.051E-03  4.325E-03  3.536E-03  2.553E-03  2.362E-03  1.768E-03  1.557E-03  1.271E-03  9.234E-04  2.793E-03  Z
 0.000E+00  0.000E+00  0.000E+00  0.000E+00  0.000E+00  0.000E+00  0.000E+00  0.000E+00  0.000E+00  0.000E+00  0.000E+00  0.000E+00  0.000E+00  0.000E+00  0.000E+00  2.083E-05  1.988E-05  3.918E-05  3.789E-05  7.412E-05  1.616E-04  3.339E-04  3.104E-04  4.205E-04  5.280E-04  7.428E-04  8.568E-04  1.151E-03  1.562E-03  1.686E-03  2.280E-03  3.040E-03  3.496E-03  4.855E-03  6.231E-03  6.224E-03  7.750E-03  9.662E-03  1.191E-02  1.397E-02  1.574E-02  2.018E-02  2.342E-02  2.802E-02  3.256E-02  3.798E-02  4.450E-02  5.240E-02  5.923E-02  6.980E-02  7.948E-02  9.209E-02  1.030E-01  1.200E-01  1.346E-01  1.529E-01  1.728E-01  1.945E-01  2.174E-01  2.423E-01  2.705E-01  2.961E-01  3.234E-01  3.627E-01  3.924E-01  4.328E-01  4.753E-01  5.162E-01  5.630E-01  6.089E-01  6.612E-01  7.163E-01  7.809E-01  8.372E-01  9.030E-01  9.588E-01  1.039E+00  1.109E+00  1.189E+00  1.270E+00  1.346E+00  1.439E+00  1.531E+00  1.614E+00  1.720E+00  1.823E+00  1.927E+00  2.033E+00  2.149E+00  2.259E+00  2.392E+00  2.529E+00  2.661E+00  2.798E+00  2.941E+00  3.095E+00  3.246E+00  3.399E+00  3.564E+00  3.734E+00  3.905E+00  4.092E+00  4.279E+00  4.468E+00  4.661E+00  4.871E+00  5.081E+00  5.295E+00  5.504E+00  5.728E+00  5.977E+00  6.220E+00  6.453E+00  6.705E+00  6.940E+00  7.210E+00  7.477E+00  7.735E+00  8.010E+00  8.287E+00  8.563E+00  8.846E+00  9.139E+00  9.427E+00  9.737E+00  1.001E+01  1.031E+01  1.062E+01  1.091E+01  1.121E+01  1.151E+01  1.183E+01  1.213E+01  1.241E+01  1.270E+01  1.300E+01  1.328E+01  1.358E+01  1.384E+01  1.411E+01  1.440E+01  1.468E+01  1.493E+01  1.517E+01  1.540E+01  1.563E+01  1.584E+01  1.605E+01  1.623E+01  1.641E+01  1.658E+01  1.674E+01  1.686E+01  1.699E+01  1.711E+01  1.719E+01  1.728E+01  1.731E+01  1.733E+01  1.733E+01  1.736E+01  1.729E+01  1.726E+01  1.719E+01  1.708E+01  1.697E+01  1.683E+01  1.668E+01  1.649E+01  1.625E+01  1.601E+01  1.575E+01  1.548E+01  1.517E+01  1.485E+01  1.450E+01  1.413E+01  1.374E+01  1.333E+01  1.291E+01  1.246E+01  1.204E+01  1.156E+01  1.110E+01  1.061E+01  1.013E+01  9.656E+00  9.161E+00  8.685E+00  8.209E+00  7.739E+00  7.264E+00  6.811E+00  6.370E+00  5.941E+00  5.508E+00  5.114E+00  4.732E+00  4.365E+00  4.006E+00  3.674E+00  3.361E+00  3.070E+00  2.778E+00  2.525E+00  2.284E+00  2.047E+00  1.848E+00  1.652E+00  1.472E+00  1.311E+00  1.164E+00  1.027E+00  9.093E-01  7.997E-01  7.003E-01  6.138E-01  5.336E-01  4.632E-01  4.022E-01  3.492E-01  3.002E-01  2.569E-01  2.197E-01  1.892E-01  1.607E-01  1.372E-01  1.162E-01  9.913E-02  8.307E-02  7.051E-02  5.881E-02  5.025E-02  4.019E-02  3.418E-02  2.874E-02  2.421E-02  1.929E-02  1.712E-02  1.351E-02  1.151E-02  9.043E-03  7.447E-03  6.522E-03  4.954E-03  4.187E-03  3.505E-03  2.875E-03  8.597E-03  Z
 0.000E+00  0.000E+00  0.000E+00  0.000E+00  0.000E+00  0.000E+00  0.000E+00  0.000E+00  0.000E+00  0.000E+00  0.000E+00  0.000E+00  0.000E+00  0.000E+00  0.000E+00  0.000E+00  0.000E+00  5.887E-05  3.801E-05  2.023E-04  1.447E-04  1.942E-04  3.086E-04  4.884E-04  4.460E-04  5.164E-04  7.439E-04  8.720E-04  1.394E-03  1.612E-03  1.997E-03  2.884E-03  3.126E-03  4.141E-03  4.923E-03  6.006E-03  7.116E-03  8.708E-03  1.115E-02  1.337E-02  1.583E-02  1.903E-02  2.185E-02  2.654E-02  3.043E-02  3.542E-02  4.377E-02  5.010E-02  5.673E-02  6.509E-02  7.675E-02  8.587E-02  1.005E-01  1.114E-01  1.284E-01  1.439E-01  1.641E-01  1.872E-01  2.051E-01  2.314E-01  2.539E-01  2.804E-01  3.168E-01  3.474E-01  3.812E-01  4.146E-01  4.580E-01  5.010E-01  5.411E-01  5.876E-01  6.440E-01  6.967E-01  7.490E-01  8.092E-01  8.753E-01  9.364E-01  1.008E+00  1.084E+00  1.154E+00  1.229E+00  1.311E+00  1.404E+00  1.487E+00  1.588E+00  1.684E+00  1.781E+00  1.899E+00  2.008E+00  2.123E+00  2.231E+00  2.353E+00  2.492E+00  2.629E+00  2.765E+00  2.913E+00  3.054E+00  3.217E+00  3.373E+00  3.543E+00  3.715E+00  3.894E+00  4.078E+00  4.260E+00  4.457E+00  4.665E+00  4.872E+00  5.094E+00  5.306E+00  5.543E+00  5.780E+00  6.017E+00  6.259E+00  6.512E+00  6.779E+00  7.037E+00  7.317E+00  7.591E+00  7.872E+00  8.160E+00  8.462E+00  8.758E+00  9.059E+00  9.389E+00  9.701E+00  1.001E+01  1.035E+01  1.065E+01  1.100E+01  1.134E+01  1.167E+01  1.200E+01  1.234E+01  1.269E+01  1.302E+01  1.335E+01  1.368E+01  1.403E+01  1.437E+01  1.470E+01  1.502E+01  1.535E+01  1.565E+01  1.598E+01  1.629E+01  1.658E+01  1.689E+01  1.718E+01  1.744E+01  1.771E+01  1.795E+01  1.821E+01  1.843E+01  1.863E+01  1.885E+01  1.903E+01  1.918E+01  1.934E+01  1.946E+01  1.962E+01  1.970E+01  1.978E+01  1.984E+01  1.985E+01  1.988E+01  1.987E+01  1.985E+01  1.979E+01  1.972E+01  1.960E+01  1.946E+01  1.933E+01  1.915E+01  1.897E+01  1.870E+01  1.846E+01  1.821E+01  1.789E+01  1.756E+01  1.722E+01  1.686E+01  1.642E+01  1.602E+01  1.559E+01  1.514E+01  1.466E+01  1.416E+01  1.366E+01  1.314E+01  1.261E+01  1.209E+01  1.153E+01  1.098E+01  1.047E+01  9.916E+00  9.364E+00  8.850E+00  8.307E+00  7.812E+00  7.294E+00  6.816E+00  6.350E+00  5.881E+00  5.448E+00  5.026E+00  4.631E+00  4.246E+00  3.884E+00  3.551E+00  3.233E+00  2.933E+00  2.656E+00  2.392E+00  2.156E+00  1.928E+00  1.726E+00  1.537E+00  1.370E+00  1.213E+00  1.072E+00  9.382E-01  8.225E-01  7.268E-01  6.334E-01  5.518E-01  4.807E-01  4.170E-01  3.574E-01  3.058E-01  2.634E-01  2.278E-01  1.934E-01  1.651E-01  1.404E-01  1.191E-01  1.011E-01  8.384E-02  7.145E-02  5.884E-02  5.044E-02  4.189E-02  3.515E-02  2.961E-02  2.434E-02  2.042E-02  1.656E-02  1.390E-02  1.108E-02  9.146E-03  3.050E-02  Z
