nu_m
Z
Z
Z
 0.000E+00  0.000E+00  0.000E+00  0.000E+00  3.085E-04  8.709E-04  1.987E-03  3.519E-03  5.689E-03  8.192E-03  1.145E-02  1.436E-02  1.948E-02  2.450E-02  3.153E-02  3.700E-02  4.648E-02  5.615E-02  6.305E-02  7.440E-02  8.466E-02  9.537E-02  1.098E-01  1.227E-01  1.351E-01  1.491E-01  1.635E-01  2.367E-01  3.713E-01  3.799E-01  3.828E-01  3.965E-01  3.985E-01  4.108E-01  4.163E-01  5.219E-01  7.860E-01  6.680E-01  6.782E-01  6.995E-01  7.025E-01  7.173E-01  7.255E-01  7.281E-01  7.433E-01  7.378E-01  7.404E-01  7.334E-01  7.316E-01  7.248E-01  7.241E-01  7.221E-01  7.197E-01  7.116E-01  7.124E-01  7.053E-01  7.022E-01  6.990E-01  6.881E-01  6.790E-01  6.632E-01  6.523E-01  6.421E-01  6.239E-01  6.097E-01  5.995E-01  5.815E-01  5.656E-01  5.479E-01  5.295E-01  5.122E-01  4.911E-01  4.700E-01  4.519E-01  4.350E-01  4.159E-01  3.990E-01  3.797E-01  3.609E-01  3.399E-01  3.191E-01  3.004E-01  2.816E-01  2.600E-01  2.459E-01  2.261E-01  2.121E-01  1.962E-01  1.789E-01  1.660E-01  1.533E-01  1.395E-01  1.284E-01  1.169E-01  1.065E-01  9.493E-02  8.656E-02  7.897E-02  6.978E-02  6.284E-02  5.607E-02  4.891E-02  4.334E-02  3.837E-02  3.343E-02  2.926E-02  2.632E-02  2.232E-02  1.900E-02  1.682E-02  1.435E-02  5.271E-03  4.028E-03  3.523E-03  3.011E-03  2.733E-03  1.933E-03  1.631E-03  1.405E-03  1.167E-03  9.188E-04  7.641E-04  6.492E-04  5.227E-04  5.441E-04  4.686E-04  3.287E-04  3.395E-04  2.370E-04  1.658E-04  1.575E-04  9.996E-05  9.832E-05  8.493E-05  2.764E-05  5.630E-05  4.218E-05  6.984E-05  1.392E-05  2.744E-05  0.000E+00  Z
 0.000E+00  0.000E+00  0.000E+00  8.719E-05  5.784E-04  1.046E-03  2.212E-03  3.161E-03  5.917E-03  8.406E-03  1.145E-02  1.605E-02  1.920E-02  2.455E-02  2.857E-02  3.506E-02  4.300E-02  1.023E-01  1.179E-01  1.279E-01  1.343E-01  1.427E-01  1.570E-01  1.681E-01  1.779E-01  1.930E-01  2.051E-01  2.189E-01  2.308E-01  2.436E-01  2.550E-01  2.712E-01  2.790E-01  2.941E-01  3.043E-01  4.583E-01  6.576E-01  6.622E-01  6.736E-01  6.897E-01  7.087E-01  7.052E-01  7.141E-01  7.226E-01  7.329E-01  7.356E-01  7.515E-01  7.581E-01  7.753E-01  7.824E-01  7.913E-01  7.985E-01  7.904E-01  7.779E-01  7.694E-01  7.537E-01  7.473E-01  7.403E-01  7.292E-01  7.070E-01  6.980E-01  6.801E-01  6.568E-01  6.427E-01  6.279E-01  6.043E-01  5.867E-01  5.707E-01  5.504E-01  5.319E-01  5.120E-01  4.927E-01  4.766E-01  4.571E-01  4.367E-01  4.135E-01  3.995E-01  3.811E-01  3.603E-01  3.453E-01  3.261E-01  3.098E-01  2.947E-01  2.787E-01  2.590E-01  2.459E-01  2.302E-01  2.161E-01  2.029E-01  1.867E-01  1.768E-01  1.628E-01  1.513E-01  1.418E-01  1.309E-01  1.194E-01  1.127E-01  1.027E-01  9.290E-02  8.640E-02  7.854E-02  7.000E-02  6.323E-02  5.778E-02  5.184E-02  4.627E-02  4.079E-02  3.480E-02  3.013E-02  2.687E-02  2.209E-02  1.937E-02  1.620E-02  1.374E-02  1.179E-02  1.066E-02  7.381E-03  3.372E-03  2.804E-03  2.373E-03  1.880E-03  1.598E-03  1.386E-03  9.437E-04  9.470E-04  6.808E-04  5.544E-04  4.538E-04  4.124E-04  3.470E-04  2.291E-04  2.360E-04  1.779E-04  1.764E-04  1.190E-04  9.852E-05  5.673E-05  7.704E-05  2.790E-05  2.104E-05  4.098E-05  2.764E-05  4.087E-05  3.355E-05  6.674E-06  6.902E-06  6.637E-06  6.983E-06  6.499E-06  0.000E+00  Z
 0.000E+00  0.000E+00  5.184E-05  8.738E-05  6.558E-04  1.325E-03  2.116E-03  3.461E-03  4.623E-03  6.496E-03  3.642E-02  4.665E-02  4.502E-02  5.057E-02  5.399E-02  5.899E-02  6.537E-02  7.126E-02  7.642E-02  8.977E-02  1.038E-01  1.173E-01  1.275E-01  1.383E-01  1.506E-01  1.603E-01  1.736E-01  1.901E-01  1.989E-01  2.103E-01  2.279E-01  2.373E-01  2.475E-01  2.594E-01  2.724E-01  4.355E-01  5.277E-01  5.402E-01  5.488E-01  5.659E-01  6.051E-01  6.379E-01  6.609E-01  6.813E-01  6.855E-01  6.989E-01  7.082E-01  7.148E-01  7.212E-01  7.280E-01  7.386E-01  7.466E-01  7.544E-01  7.576E-01  7.595E-01  7.607E-01  7.570E-01  7.590E-01  7.630E-01  7.614E-01  7.586E-01  7.512E-01  7.496E-01  7.398E-01  7.338E-01  7.210E-01  7.182E-01  7.119E-01  7.001E-01  6.773E-01  6.661E-01  6.510E-01  6.296E-01  6.158E-01  5.958E-01  5.795E-01  5.555E-01  5.398E-01  5.196E-01  4.990E-01  4.742E-01  4.570E-01  4.377E-01  4.154E-01  3.976E-01  3.771E-01  3.597E-01  3.395E-01  3.209E-01  3.019E-01  2.845E-01  2.660E-01  2.507E-01  2.337E-01  2.211E-01  2.065E-01  1.916E-01  1.797E-01  1.624E-01  1.484E-01  1.399E-01  1.292E-01  1.172E-01  1.089E-01  9.826E-02  8.862E-02  7.927E-02  7.264E-02  6.379E-02  5.682E-02  5.025E-02  4.614E-02  4.092E-02  3.585E-02  3.212E-02  2.844E-02  2.432E-02  2.053E-02  1.907E-02  1.597E-02  1.403E-02  1.206E-02  1.039E-02  8.773E-03  7.376E-03  6.007E-03  4.749E-03  3.651E-03  2.916E-03  1.626E-03  1.409E-03  9.585E-04  8.228E-04  6.752E-04  4.440E-04  4.215E-04  4.566E-04  3.612E-04  2.424E-04  2.769E-04  2.342E-04  1.358E-04  1.304E-04  4.003E-05  5.427E-05  4.756E-05  3.412E-05  2.678E-05  4.710E-05  1.997E-05  1.995E-05  1.997E-05  2.626E-05  6.656E-06  6.368E-06  0.000E+00  Z
 0.000E+00  0.000E+00  5.172E-05  1.309E-04  7.723E-05  4.173E-04  2.568E-04  8.977E-03  1.888E-02  2.082E-02  2.179E-02  2.307E-02  3.090E-02  3.526E-02  3.881E-02  4.147E-02  4.376E-02  4.667E-02  4.937E-02  5.581E-02  6.070E-02  6.466E-02  7.079E-02  7.708E-02  8.389E-02  9.056E-02  9.737E-02  1.067E-01  1.137E-01  1.243E-01  1.341E-01  1.460E-01  1.574E-01  1.685E-01  1.783E-01  2.268E-01  2.568E-01  2.799E-01  3.145E-01  3.373E-01  3.680E-01  3.959E-01  4.223E-01  4.568E-01  4.849E-01  5.143E-01  5.409E-01  5.769E-01  6.042E-01  6.320E-01  6.580E-01  6.875E-01  7.138E-01  7.407E-01  7.772E-01  7.966E-01  8.209E-01  8.466E-01  8.730E-01  8.916E-01  9.079E-01  9.263E-01  9.438E-01  9.490E-01  9.600E-01  9.683E-01  9.800E-01  9.836E-01  9.882E-01  9.826E-01  9.792E-01  9.756E-01  9.728E-01  9.641E-01  9.495E-01  9.371E-01  9.124E-01  8.990E-01  8.829E-01  8.609E-01  8.285E-01  8.160E-01  7.844E-01  7.660E-01  7.381E-01  7.072E-01  6.819E-01  6.493E-01  6.193E-01  5.926E-01  5.700E-01  5.389E-01  5.105E-01  4.855E-01  4.568E-01  4.311E-01  4.067E-01  3.780E-01  3.532E-01  3.313E-01  3.032E-01  2.851E-01  2.670E-01  2.440E-01  2.266E-01  2.058E-01  1.889E-01  1.742E-01  1.578E-01  1.439E-01  1.283E-01  1.173E-01  1.056E-01  9.216E-02  8.360E-02  7.396E-02  6.568E-02  5.804E-02  4.972E-02  4.482E-02  3.803E-02  3.242E-02  2.880E-02  2.293E-02  2.040E-02  1.744E-02  1.516E-02  1.204E-02  9.874E-03  8.506E-03  7.143E-03  5.479E-03  4.670E-03  3.519E-03  2.870E-03  2.459E-03  1.966E-03  1.371E-03  1.193E-03  6.990E-04  6.349E-04  4.600E-04  3.835E-04  3.557E-04  2.245E-04  2.302E-04  2.229E-04  1.151E-04  1.146E-04  1.264E-04  6.674E-05  2.683E-05  7.341E-05  5.991E-05  3.259E-05  1.319E-05  3.323E-05  2.618E-05  6.268E-06  3.231E-05  6.683E-06  0.000E+00  Z
 0.000E+00  0.000E+00  0.000E+00  0.000E+00  0.000E+00  0.000E+00  0.000E+00  0.000E+00  2.246E-04  5.031E-04  1.235E-03  1.734E-03  2.609E-03  3.581E-03  4.656E-03  5.667E-03  8.169E-03  1.094E-02  1.237E-02  1.555E-02  1.783E-02  2.061E-02  2.501E-02  2.874E-02  3.229E-02  3.742E-02  4.239E-02  4.861E-02  5.533E-02  6.305E-02  6.769E-02  7.895E-02  8.726E-02  9.821E-02  1.082E-01  1.177E-01  1.324E-01  1.501E-01  1.698E-01  1.946E-01  2.200E-01  2.459E-01  2.720E-01  3.045E-01  3.355E-01  3.718E-01  4.025E-01  4.358E-01  4.744E-01  5.157E-01  5.455E-01  5.937E-01  6.357E-01  6.820E-01  7.257E-01  7.661E-01  8.143E-01  8.573E-01  8.987E-01  9.448E-01  9.816E-01  1.030E+00  1.066E+00  1.107E+00  1.140E+00  1.178E+00  1.210E+00  1.232E+00  1.259E+00  1.278E+00  1.299E+00  1.314E+00  1.329E+00  1.338E+00  1.342E+00  1.355E+00  1.351E+00  1.343E+00  1.336E+00  1.317E+00  1.298E+00  1.291E+00  1.267E+00  1.244E+00  1.214E+00  1.189E+00  1.153E+00  1.123E+00  1.084E+00  1.050E+00  1.016E+00  9.811E-01  9.343E-01  8.934E-01  8.558E-01  8.125E-01  7.737E-01  7.351E-01  6.941E-01  6.532E-01  6.218E-01  5.771E-01  5.422E-01  5.061E-01  4.715E-01  4.384E-01  4.078E-01  3.783E-01  3.452E-01  3.193E-01  2.909E-01  2.637E-01  2.445E-01  2.192E-01  1.982E-01  1.796E-01  1.625E-01  1.437E-01  1.269E-01  1.128E-01  1.001E-01  8.853E-02  7.656E-02  6.645E-02  5.953E-02  5.142E-02  4.415E-02  3.731E-02  3.028E-02  2.645E-02  2.252E-02  1.809E-02  1.512E-02  1.251E-02  1.019E-02  8.198E-03  6.724E-03  5.253E-03  4.206E-03  3.480E-03  2.658E-03  2.267E-03  1.741E-03  1.156E-03  1.038E-03  8.838E-04  5.450E-04  5.175E-04  3.083E-04  2.949E-04  2.343E-04  2.458E-04  1.656E-04  1.528E-04  1.245E-04  6.522E-05  7.957E-05  1.941E-05  3.282E-05  4.562E-05  1.305E-05  1.954E-05  1.892E-05  6.598E-06  1.264E-05  0.000E+00  Z
 0.000E+00  0.000E+00  0.000E+00  0.000E+00  0.000E+00  3.492E-05  0.000E+00  8.927E-05  1.962E-04  3.975E-04  7.562E-04  1.156E-03  2.035E-03  3.578E-03  4.271E-03  5.084E-03  7.323E-03  8.266E-03  1.045E-02  1.253E-02  1.534E-02  1.768E-02  1.953E-02  2.336E-02  2.754E-02  3.247E-02  3.502E-02  3.992E-02  4.512E-02  5.230E-02  5.786E-02  6.649E-02  7.416E-02  8.348E-02  9.266E-02  1.032E-01  1.167E-01  1.331E-01  1.513E-01  1.704E-01  1.938E-01  2.142E-01  2.412E-01  2.712E-01  3.031E-01  3.282E-01  3.638E-01  3.959E-01  4.342E-01  4.685E-01  5.102E-01  5.570E-01  5.969E-01  6.364E-01  6.855E-01  7.281E-01  7.780E-01  8.308E-01  8.734E-01  9.222E-01  9.762E-01  1.017E+00  1.062E+00  1.110E+00  1.146E+00  1.191E+00  1.229E+00  1.266E+00  1.302E+00  1.329E+00  1.360E+00  1.380E+00  1.402E+00  1.417E+00  1.428E+00  1.438E+00  1.447E+00  1.447E+00  1.441E+00  1.438E+00  1.429E+00  1.414E+00  1.397E+00  1.384E+00  1.357E+00  1.329E+00  1.299E+00  1.273E+00  1.234E+00  1.194E+00  1.165E+00  1.120E+00  1.083E+00  1.044E+00  9.941E-01  9.518E-01  9.067E-01  8.636E-01  8.192E-01  7.798E-01  7.339E-01  6.899E-01  6.520E-01  6.157E-01  5.701E-01  5.314E-01  4.953E-01  4.577E-01  4.275E-01  3.953E-01  3.661E-01  3.326E-01  3.046E-01  2.768E-01  2.498E-01  2.240E-01  2.053E-01  1.862E-01  1.667E-01  1.483E-01  1.304E-01  1.157E-01  1.005E-01  8.831E-02  7.823E-02  6.668E-02  5.787E-02  4.770E-02  4.280E-02  3.640E-02  3.106E-02  2.620E-02  2.163E-02  1.913E-02  1.487E-02  1.245E-02  9.973E-03  7.920E-03  6.896E-03  5.546E-03  4.218E-03  3.828E-03  2.629E-03  2.124E-03  1.736E-03  1.298E-03  1.069E-03  7.984E-04  5.576E-04  5.949E-04  3.994E-04  4.057E-04  3.047E-04  1.789E-04  1.707E-04  9.847E-05  9.751E-05  7.832E-05  9.042E-05  5.782E-05  2.556E-05  3.842E-05  2.598E-05  0.000E+00  Z
 0.000E+00  0.000E+00  0.000E+00  0.000E+00  0.000E+00  0.000E+00  0.000E+00  3.001E-05  1.403E-04  0.000E+00  2.777E-04  2.401E-04  1.852E-04  7.791E-04  8.808E-04  1.163E-03  1.712E-03  1.954E-03  2.563E-03  3.647E-03  3.952E-03  5.039E-03  5.543E-03  7.295E-03  8.995E-03  9.613E-03  1.148E-02  1.375E-02  1.628E-02  1.823E-02  2.165E-02  2.557E-02  2.891E-02  3.338E-02  3.787E-02  4.320E-02  4.958E-02  5.634E-02  6.471E-02  7.382E-02  8.466E-02  9.698E-02  1.120E-01  1.301E-01  1.443E-01  1.633E-01  1.848E-01  2.030E-01  2.317E-01  2.541E-01  2.859E-01  3.172E-01  3.486E-01  3.871E-01  4.248E-01  4.657E-01  5.108E-01  5.520E-01  5.988E-01  6.537E-01  7.099E-01  7.624E-01  8.283E-01  8.813E-01  9.410E-01  1.002E+00  1.070E+00  1.135E+00  1.204E+00  1.281E+00  1.351E+00  1.421E+00  1.495E+00  1.567E+00  1.635E+00  1.713E+00  1.779E+00  1.841E+00  1.907E+00  1.971E+00  2.032E+00  2.080E+00  2.135E+00  2.186E+00  2.215E+00  2.256E+00  2.287E+00  2.323E+00  2.328E+00  2.355E+00  2.346E+00  2.345E+00  2.351E+00  2.337E+00  2.322E+00  2.291E+00  2.270E+00  2.228E+00  2.193E+00  2.138E+00  2.090E+00  2.040E+00  1.982E+00  1.934E+00  1.861E+00  1.798E+00  1.731E+00  1.657E+00  1.584E+00  1.522E+00  1.443E+00  1.371E+00  1.297E+00  1.233E+00  1.161E+00  1.094E+00  1.019E+00  9.537E-01  8.872E-01  8.247E-01  7.654E-01  7.084E-01  6.529E-01  5.995E-01  5.480E-01  5.009E-01  4.562E-01  4.137E-01  3.746E-01  3.351E-01  3.005E-01  2.683E-01  2.397E-01  2.120E-01  1.885E-01  1.674E-01  1.451E-01  1.284E-01  1.115E-01  9.415E-02  8.224E-02  7.150E-02  6.176E-02  5.178E-02  4.478E-02  3.697E-02  3.081E-02  2.606E-02  2.211E-02  1.871E-02  1.492E-02  1.243E-02  9.949E-03  8.442E-03  6.786E-03  5.767E-03  4.250E-03  3.507E-03  2.700E-03  2.052E-03  1.709E-03  1.213E-03  1.209E-03  8.447E-04  6.854E-04  5.541E-04  4.444E-04  3.090E-04  2.194E-04  1.884E-04  1.396E-04  8.807E-05  9.986E-05  6.910E-05  4.333E-05  2.430E-05  2.498E-05  1.219E-05  3.659E-05  1.251E-05  5.948E-06  1.239E-05  0.000E+00  Z
 0.000E+00  0.000E+00  0.000E+00  0.000E+00  0.000E+00  0.000E+00  0.000E+00  2.967E-05  2.792E-05  5.313E-05  5.049E-05  7.262E-05  2.078E-04  3.772E-04  4.074E-04  7.281E-04  9.862E-04  1.093E-03  1.406E-03  1.758E-03  2.544E-03  2.573E-03  3.739E-03  4.047E-03  5.996E-03  6.233E-03  7.688E-03  9.302E-03  1.115E-02  1.221E-02  1.573E-02  1.753E-02  1.889E-02  2.213E-02  2.699E-02  3.076E-02  3.519E-02  4.144E-02  4.666E-02  5.460E-02  6.310E-02  6.972E-02  8.134E-02  9.494E-02  1.066E-01  1.186E-01  1.355E-01  1.532E-01  1.737E-01  1.951E-01  2.169E-01  2.407E-01  2.695E-01  3.004E-01  3.334E-01  3.609E-01  4.025E-01  4.400E-01  4.803E-01  5.279E-01  5.709E-01  6.221E-01  6.702E-01  7.233E-01  7.843E-01  8.425E-01  9.000E-01  9.671E-01  1.029E+00  1.098E+00  1.168E+00  1.241E+00  1.321E+00  1.396E+00  1.475E+00  1.549E+00  1.638E+00  1.720E+00  1.797E+00  1.892E+00  1.978E+00  2.060E+00  2.143E+00  2.222E+00  2.312E+00  2.387E+00  2.468E+00  2.548E+00  2.620E+00  2.685E+00  2.758E+00  2.830E+00  2.882E+00  2.930E+00  2.985E+00  3.022E+00  3.048E+00  3.082E+00  3.104E+00  3.118E+00  3.114E+00  3.117E+00  3.099E+00  3.083E+00  3.050E+00  3.016E+00  2.973E+00  2.930E+00  2.870E+00  2.811E+00  2.745E+00  2.662E+00  2.594E+00  2.510E+00  2.418E+00  2.327E+00  2.237E+00  2.149E+00  2.050E+00  1.954E+00  1.858E+00  1.764E+00  1.663E+00  1.568E+00  1.470E+00  1.386E+00  1.297E+00  1.206E+00  1.122E+00  1.037E+00  9.572E-01  8.909E-01  8.163E-01  7.467E-01  6.860E-01  6.254E-01  5.616E-01  5.103E-01  4.631E-01  4.128E-01  3.719E-01  3.315E-01  2.960E-01  2.612E-01  2.306E-01  2.041E-01  1.777E-01  1.563E-01  1.337E-01  1.174E-01  1.003E-01  8.657E-02  7.543E-02  6.290E-02  5.459E-02  4.500E-02  3.841E-02  3.209E-02  2.713E-02  2.249E-02  1.894E-02  1.613E-02  1.326E-02  9.820E-03  8.322E-03  7.036E-03  5.403E-03  4.426E-03  3.768E-03  3.008E-03  2.242E-03  1.879E-03  1.469E-03  1.126E-03  9.372E-04  6.865E-04  6.814E-04  3.698E-04  4.108E-04  2.947E-04  2.805E-04  1.714E-04  1.269E-04  1.218E-04  8.527E-05  4.788E-05  4.794E-05  1.791E-05  3.560E-05  2.355E-05  1.784E-05  5.874E-06  2.347E-05  1.134E-05  1.170E-05  1.161E-05  1.154E-05  0.000E+00  Z
 0.000E+00  0.000E+00  0.000E+00  0.000E+00  0.000E+00  0.000E+00  0.000E+00  0.000E+00  0.000E+00  2.666E-05  5.040E-05  9.613E-05  1.622E-04  2.669E-04  2.144E-04  3.536E-04  3.623E-04  8.400E-04  8.743E-04  1.630E-03  1.803E-03  1.743E-03  2.583E-03  2.934E-03  3.616E-03  4.139E-03  6.037E-03  6.783E-03  7.083E-03  9.112E-03  1.034E-02  1.270E-02  1.508E-02  1.714E-02  1.995E-02  2.372E-02  2.649E-02  3.130E-02  3.610E-02  4.048E-02  4.880E-02  5.438E-02  6.056E-02  7.077E-02  8.028E-02  9.262E-02  1.063E-01  1.175E-01  1.358E-01  1.522E-01  1.745E-01  1.912E-01  2.176E-01  2.430E-01  2.682E-01  2.939E-01  3.309E-01  3.603E-01  3.981E-01  4.324E-01  4.738E-01  5.185E-01  5.575E-01  6.072E-01  6.550E-01  7.091E-01  7.643E-01  8.274E-01  8.842E-01  9.444E-01  1.013E+00  1.084E+00  1.149E+00  1.230E+00  1.298E+00  1.380E+00  1.459E+00  1.543E+00  1.625E+00  1.709E+00  1.791E+00  1.884E+00  1.979E+00  2.081E+00  2.165E+00  2.259E+00  2.352E+00  2.456E+00  2.557E+00  2.655E+00  2.764E+00  2.872E+00  2.963E+00  3.068E+00  3.174E+00  3.268E+00  3.370E+00  3.463E+00  3.558E+00  3.653E+00  3.739E+00  3.821E+00  3.900E+00  3.975E+00  4.045E+00  4.102E+00  4.158E+00  4.195E+00  4.246E+00  4.270E+00  4.281E+00  4.296E+00  4.302E+00  4.292E+00  4.277E+00  4.244E+00  4.202E+00  4.151E+00  4.092E+00  4.037E+00  3.952E+00  3.857E+00  3.773E+00  3.666E+00  3.558E+00  3.440E+00  3.326E+00  3.197E+00  3.065E+00  2.940E+00  2.812E+00  2.674E+00  2.544E+00  2.403E+00  2.276E+00  2.146E+00  2.012E+00  1.886E+00  1.768E+00  1.639E+00  1.532E+00  1.416E+00  1.311E+00  1.197E+00  1.112E+00  1.014E+00  9.233E-01  8.466E-01  7.655E-01  6.943E-01  6.225E-01  5.626E-01  5.031E-01  4.503E-01  4.034E-01  3.551E-01  3.129E-01  2.750E-01  2.411E-01  2.130E-01  1.840E-01  1.612E-01  1.382E-01  1.190E-01  1.019E-01  8.745E-02  7.519E-02  6.357E-02  5.396E-02  4.445E-02  3.847E-02  3.098E-02  2.639E-02  2.276E-02  1.833E-02  1.536E-02  1.248E-02  1.014E-02  8.816E-03  6.708E-03  5.758E-03  4.368E-03  4.100E-03  3.173E-03  2.519E-03  1.989E-03  1.647E-03  1.310E-03  1.220E-03  8.712E-04  7.660E-04  4.995E-04  4.272E-04  3.423E-04  1.869E-04  1.528E-04  1.417E-04  6.938E-05  8.731E-05  8.638E-05  7.596E-05  4.052E-05  2.263E-05  2.819E-05  1.721E-05  3.454E-05  5.585E-06  5.774E-06  5.849E-06  0.000E+00  Z
 0.000E+00  0.000E+00  0.000E+00  0.000E+00  0.000E+00  0.000E+00  0.000E+00  0.000E+00  0.000E+00  2.644E-05  1.515E-04  2.403E-05  9.226E-05  1.780E-04  1.508E-04  2.278E-04  3.216E-04  5.286E-04  6.261E-04  9.263E-04  1.390E-03  1.375E-03  2.051E-03  2.343E-03  2.807E-03  3.366E-03  4.269E-03  5.263E-03  6.707E-03  7.767E-03  9.161E-03  1.031E-02  1.273E-02  1.461E-02  1.692E-02  1.970E-02  2.233E-02  2.581E-02  3.048E-02  3.511E-02  4.051E-02  4.612E-02  5.378E-02  6.145E-02  7.077E-02  8.041E-02  9.156E-02  1.042E-01  1.176E-01  1.312E-01  1.532E-01  1.689E-01  1.879E-01  2.125E-01  2.381E-01  2.575E-01  2.897E-01  3.193E-01  3.544E-01  3.843E-01  4.216E-01  4.617E-01  5.085E-01  5.475E-01  5.948E-01  6.433E-01  6.911E-01  7.461E-01  8.066E-01  8.670E-01  9.297E-01  9.972E-01  1.068E+00  1.130E+00  1.196E+00  1.284E+00  1.362E+00  1.439E+00  1.522E+00  1.613E+00  1.690E+00  1.792E+00  1.876E+00  1.973E+00  2.071E+00  2.167E+00  2.276E+00  2.386E+00  2.491E+00  2.588E+00  2.699E+00  2.813E+00  2.926E+00  3.036E+00  3.145E+00  3.266E+00  3.385E+00  3.501E+00  3.616E+00  3.729E+00  3.852E+00  3.959E+00  4.076E+00  4.192E+00  4.298E+00  4.410E+00  4.514E+00  4.623E+00  4.712E+00  4.807E+00  4.905E+00  4.983E+00  5.058E+00  5.145E+00  5.197E+00  5.245E+00  5.304E+00  5.332E+00  5.361E+00  5.380E+00  5.381E+00  5.368E+00  5.338E+00  5.313E+00  5.275E+00  5.210E+00  5.143E+00  5.063E+00  4.984E+00  4.888E+00  4.766E+00  4.648E+00  4.512E+00  4.378E+00  4.241E+00  4.076E+00  3.922E+00  3.766E+00  3.601E+00  3.444E+00  3.262E+00  3.111E+00  2.940E+00  2.777E+00  2.612E+00  2.450E+00  2.295E+00  2.145E+00  1.994E+00  1.857E+00  1.715E+00  1.585E+00  1.455E+00  1.338E+00  1.222E+00  1.113E+00  1.014E+00  9.156E-01  8.326E-01  7.499E-01  6.690E-01  5.980E-01  5.367E-01  4.790E-01  4.226E-01  3.716E-01  3.281E-01  2.883E-01  2.519E-01  2.183E-01  1.894E-01  1.639E-01  1.426E-01  1.212E-01  1.048E-01  8.940E-02  7.438E-02  6.364E-02  5.398E-02  4.663E-02  3.860E-02  3.221E-02  2.684E-02  2.244E-02  1.852E-02  1.554E-02  1.266E-02  1.035E-02  8.799E-03  7.135E-03  6.154E-03  4.506E-03  3.975E-03  3.160E-03  2.631E-03  2.033E-03  1.607E-03  1.446E-03  1.100E-03  9.974E-04  6.888E-04  6.114E-04  4.302E-04  3.493E-04  1.887E-04  1.658E-04  1.421E-04  1.136E-04  9.626E-05  9.037E-05  5.629E-05  5.081E-05  3.361E-05  3.909E-05  2.247E-05  2.218E-05  2.823E-05  1.145E-05  5.702E-06  5.415E-06  0.000E+00  Z
 0.000E+00  0.000E+00  0.000E+00  0.000E+00  0.000E+00  0.000E+00  0.000E+00  0.000E+00  0.000E+00  2.640E-05  0.000E+00  4.823E-05  4.622E-05  8.933E-05  1.941E-04  3.110E-04  3.816E-04  5.862E-04  6.830E-04  9.264E-04  9.028E-04  1.533E-03  1.260E-03  2.139E-03  2.392E-03  3.493E-03  4.319E-03  4.457E-03  5.281E-03  6.935E-03  8.108E-03  8.837E-03  1.094E-02  1.300E-02  1.562E-02  1.734E-02  1.953E-02  2.328E-02  2.683E-02  3.073E-02  3.609E-02  4.167E-02  4.941E-02  5.547E-02  6.543E-02  7.356E-02  8.369E-02  9.395E-02  1.109E-01  1.225E-01  1.386E-01  1.581E-01  1.753E-01  1.990E-01  2.180E-01  2.454E-01  2.672E-01  2.969E-01  3.314E-01  3.633E-01  3.959E-01  4.325E-01  4.786E-01  5.205E-01  5.629E-01  6.076E-01  6.605E-01  7.119E-01  7.659E-01  8.240E-01  8.895E-01  9.508E-01  1.020E+00  1.091E+00  1.156E+00  1.229E+00  1.306E+00  1.386E+00  1.474E+00  1.554E+00  1.639E+00  1.730E+00  1.820E+00  1.922E+00  2.014E+00  2.123E+00  2.224E+00  2.330E+00  2.443E+00  2.547E+00  2.659E+00  2.756E+00  2.881E+00  3.012E+00  3.131E+00  3.250E+00  3.369E+00  3.493E+00  3.623E+00  3.754E+00  3.893E+00  4.012E+00  4.121E+00  4.259E+00  4.396E+00  4.513E+00  4.657E+00  4.766E+00  4.894E+00  5.021E+00  5.136E+00  5.261E+00  5.368E+00  5.477E+00  5.580E+00  5.679E+00  5.766E+00  5.865E+00  5.935E+00  6.010E+00  6.058E+00  6.121E+00  6.147E+00  6.196E+00  6.203E+00  6.207E+00  6.213E+00  6.208E+00  6.165E+00  6.132E+00  6.086E+00  5.996E+00  5.910E+00  5.822E+00  5.707E+00  5.591E+00  5.456E+00  5.312E+00  5.155E+00  4.993E+00  4.832E+00  4.660E+00  4.486E+00  4.289E+00  4.109E+00  3.912E+00  3.727E+00  3.525E+00  3.345E+00  3.154E+00  2.958E+00  2.787E+00  2.600E+00  2.425E+00  2.260E+00  2.092E+00  1.940E+00  1.785E+00  1.641E+00  1.512E+00  1.375E+00  1.260E+00  1.140E+00  1.031E+00  9.347E-01  8.423E-01  7.506E-01  6.735E-01  6.006E-01  5.380E-01  4.712E-01  4.167E-01  3.674E-01  3.218E-01  2.800E-01  2.424E-01  2.124E-01  1.829E-01  1.574E-01  1.334E-01  1.153E-01  1.001E-01  8.637E-02  7.196E-02  6.075E-02  5.140E-02  4.365E-02  3.584E-02  3.034E-02  2.536E-02  2.076E-02  1.819E-02  1.449E-02  1.231E-02  9.529E-03  8.235E-03  6.587E-03  5.247E-03  4.307E-03  3.620E-03  2.970E-03  2.204E-03  1.979E-03  1.595E-03  1.305E-03  9.638E-04  9.162E-04  6.256E-04  4.857E-04  4.088E-04  3.525E-04  3.279E-04  1.849E-04  1.399E-04  9.062E-05  7.249E-05  5.564E-05  5.571E-05  2.792E-05  2.218E-05  1.603E-05  2.154E-05  1.083E-05  1.661E-05  1.638E-05  5.469E-06  0.000E+00  Z
 0.000E+00  0.000E+00  0.000E+00  0.000E+00  0.000E+00  0.000E+00  0.000E+00  0.000E+00  2.796E-05  0.000E+00  2.518E-05  2.431E-05  1.157E-04  1.338E-04  1.284E-04  2.485E-04  4.018E-04  3.706E-04  4.743E-04  7.761E-04  1.063E-03  1.428E-03  1.603E-03  2.004E-03  2.806E-03  3.461E-03  4.217E-03  4.691E-03  5.783E-03  6.830E-03  7.927E-03  8.984E-03  1.038E-02  1.230E-02  1.508E-02  1.846E-02  2.000E-02  2.233E-02  2.719E-02  3.144E-02  3.690E-02  4.206E-02  4.831E-02  5.533E-02  6.391E-02  7.186E-02  8.254E-02  9.523E-02  1.056E-01  1.213E-01  1.363E-01  1.525E-01  1.757E-01  1.931E-01  2.169E-01  2.411E-01  2.680E-01  2.975E-01  3.285E-01  3.599E-01  3.945E-01  4.299E-01  4.700E-01  5.114E-01  5.561E-01  6.052E-01  6.526E-01  7.076E-01  7.642E-01  8.240E-01  8.875E-01  9.439E-01  1.013E+00  1.076E+00  1.148E+00  1.224E+00  1.301E+00  1.383E+00  1.457E+00  1.547E+00  1.635E+00  1.727E+00  1.814E+00  1.913E+00  2.010E+00  2.114E+00  2.214E+00  2.324E+00  2.428E+00  2.543E+00  2.658E+00  2.769E+00  2.875E+00  3.004E+00  3.124E+00  3.239E+00  3.378E+00  3.492E+00  3.630E+00  3.744E+00  3.886E+00  4.011E+00  4.141E+00  4.279E+00  4.406E+00  4.530E+00  4.670E+00  4.789E+00  4.911E+00  5.033E+00  5.167E+00  5.279E+00  5.392E+00  5.511E+00  5.629E+00  5.728E+00  5.817E+00  5.902E+00  6.001E+00  6.082E+00  6.133E+00  6.185E+00  6.254E+00  6.301E+00  6.326E+00  6.345E+00  6.324E+00  6.334E+00  6.306E+00  6.260E+00  6.210E+00  6.159E+00  6.074E+00  5.996E+00  5.891E+00  5.779E+00  5.644E+00  5.512E+00  5.352E+00  5.199E+00  5.040E+00  4.863E+00  4.690E+00  4.503E+00  4.319E+00  4.117E+00  3.933E+00  3.732E+00  3.532E+00  3.329E+00  3.153E+00  2.962E+00  2.770E+00  2.588E+00  2.422E+00  2.234E+00  2.083E+00  1.921E+00  1.772E+00  1.628E+00  1.487E+00  1.356E+00  1.239E+00  1.124E+00  1.017E+00  9.209E-01  8.294E-01  7.369E-01  6.628E-01  5.903E-01  5.216E-01  4.614E-01  4.048E-01  3.592E-01  3.136E-01  2.758E-01  2.375E-01  2.076E-01  1.759E-01  1.511E-01  1.317E-01  1.122E-01  9.667E-02  8.227E-02  6.801E-02  5.905E-02  4.991E-02  4.204E-02  3.470E-02  2.866E-02  2.426E-02  2.017E-02  1.659E-02  1.437E-02  1.163E-02  9.803E-03  8.174E-03  6.411E-03  5.311E-03  4.430E-03  3.394E-03  2.905E-03  2.279E-03  1.848E-03  1.380E-03  1.305E-03  1.034E-03  7.560E-04  6.926E-04  4.421E-04  3.775E-04  3.155E-04  3.011E-04  1.750E-04  1.682E-04  6.692E-05  1.121E-04  5.495E-05  6.614E-05  3.270E-05  2.767E-05  3.303E-05  0.000E+00  Z
 0.000E+00  0.000E+00  0.000E+00  0.000E+00  0.000E+00  0.000E+00  0.000E+00  0.000E+00  0.000E+00  0.000E+00  5.044E-05  7.225E-05  4.594E-05  1.337E-04  1.502E-04  2.903E-04  3.623E-04  5.658E-04  5.313E-04  7.214E-04  1.137E-03  1.322E-03  1.792E-03  1.937E-03  2.309E-03  2.606E-03  3.380E-03  4.332E-03  5.095E-03  6.014E-03  7.759E-03  8.259E-03  1.071E-02  1.216E-02  1.419E-02  1.760E-02  2.052E-02  2.223E-02  2.640E-02  3.125E-02  3.482E-02  3.985E-02  4.837E-02  5.486E-02  6.367E-02  7.038E-02  8.271E-02  9.337E-02  1.076E-01  1.194E-01  1.339E-01  1.542E-01  1.727E-01  1.919E-01  2.132E-01  2.392E-01  2.645E-01  2.926E-01  3.255E-01  3.563E-01  3.916E-01  4.306E-01  4.693E-01  5.085E-01  5.469E-01  6.006E-01  6.492E-01  7.020E-01  7.579E-01  8.167E-01  8.688E-01  9.363E-01  9.996E-01  1.071E+00  1.148E+00  1.218E+00  1.292E+00  1.373E+00  1.454E+00  1.534E+00  1.628E+00  1.710E+00  1.809E+00  1.903E+00  2.010E+00  2.109E+00  2.202E+00  2.314E+00  2.414E+00  2.533E+00  2.641E+00  2.763E+00  2.880E+00  2.998E+00  3.126E+00  3.244E+00  3.359E+00  3.498E+00  3.623E+00  3.755E+00  3.880E+00  4.018E+00  4.147E+00  4.283E+00  4.408E+00  4.540E+00  4.684E+00  4.799E+00  4.930E+00  5.057E+00  5.186E+00  5.312E+00  5.435E+00  5.546E+00  5.670E+00  5.772E+00  5.880E+00  5.962E+00  6.061E+00  6.152E+00  6.219E+00  6.284E+00  6.325E+00  6.379E+00  6.431E+00  6.440E+00  6.471E+00  6.466E+00  6.452E+00  6.426E+00  6.403E+00  6.339E+00  6.274E+00  6.186E+00  6.098E+00  5.990E+00  5.866E+00  5.732E+00  5.596E+00  5.451E+00  5.267E+00  5.118E+00  4.944E+00  4.742E+00  4.561E+00  4.361E+00  4.160E+00  3.978E+00  3.772E+00  3.564E+00  3.375E+00  3.179E+00  2.995E+00  2.795E+00  2.610E+00  2.431E+00  2.257E+00  2.096E+00  1.929E+00  1.777E+00  1.637E+00  1.498E+00  1.371E+00  1.243E+00  1.130E+00  1.031E+00  9.261E-01  8.267E-01  7.434E-01  6.621E-01  5.902E-01  5.213E-01  4.633E-01  4.055E-01  3.585E-01  3.125E-01  2.732E-01  2.362E-01  2.059E-01  1.784E-01  1.523E-01  1.316E-01  1.124E-01  9.538E-02  8.118E-02  6.919E-02  5.837E-02  4.907E-02  4.088E-02  3.506E-02  2.903E-02  2.370E-02  2.052E-02  1.652E-02  1.397E-02  1.120E-02  9.490E-03  7.721E-03  6.470E-03  5.519E-03  4.218E-03  3.157E-03  2.732E-03  2.350E-03  1.683E-03  1.421E-03  1.224E-03  9.469E-04  7.430E-04  6.563E-04  5.543E-04  3.549E-04  3.157E-04  2.596E-04  2.295E-04  1.840E-04  1.225E-04  9.971E-05  9.963E-05  9.503E-05  4.445E-05  4.499E-05  2.741E-05  2.186E-05  2.203E-05  1.654E-05  0.000E+00  Z
 0.000E+00  0.000E+00  0.000E+00  0.000E+00  0.000E+00  0.000E+00  0.000E+00  0.000E+00  0.000E+00  0.000E+00  7.539E-05  0.000E+00  9.230E-05  6.670E-05  1.077E-04  1.861E-04  3.417E-04  5.660E-04  6.080E-04  7.406E-04  9.556E-04  1.551E-03  1.637E-03  1.650E-03  2.463E-03  2.964E-03  3.348E-03  4.503E-03  5.082E-03  6.223E-03  7.844E-03  9.183E-03  9.762E-03  1.211E-02  1.455E-02  1.640E-02  1.913E-02  2.335E-02  2.698E-02  3.047E-02  3.563E-02  4.179E-02  4.770E-02  5.426E-02  6.126E-02  7.100E-02  8.082E-02  9.306E-02  1.062E-01  1.201E-01  1.355E-01  1.520E-01  1.737E-01  1.918E-01  2.136E-01  2.367E-01  2.642E-01  2.931E-01  3.213E-01  3.494E-01  3.888E-01  4.254E-01  4.686E-01  5.105E-01  5.471E-01  5.988E-01  6.536E-01  7.030E-01  7.590E-01  8.186E-01  8.787E-01  9.376E-01  1.004E+00  1.072E+00  1.138E+00  1.219E+00  1.294E+00  1.368E+00  1.452E+00  1.537E+00  1.616E+00  1.726E+00  1.808E+00  1.911E+00  2.002E+00  2.098E+00  2.207E+00  2.313E+00  2.421E+00  2.540E+00  2.648E+00  2.753E+00  2.883E+00  3.011E+00  3.124E+00  3.233E+00  3.374E+00  3.492E+00  3.624E+00  3.760E+00  3.877E+00  4.011E+00  4.153E+00  4.285E+00  4.429E+00  4.548E+00  4.681E+00  4.815E+00  4.939E+00  5.057E+00  5.196E+00  5.323E+00  5.440E+00  5.557E+00  5.663E+00  5.785E+00  5.883E+00  5.981E+00  6.069E+00  6.148E+00  6.231E+00  6.286E+00  6.346E+00  6.416E+00  6.429E+00  6.477E+00  6.472E+00  6.473E+00  6.465E+00  6.451E+00  6.411E+00  6.362E+00  6.290E+00  6.210E+00  6.117E+00  6.018E+00  5.899E+00  5.756E+00  5.624E+00  5.473E+00  5.313E+00  5.156E+00  4.971E+00  4.780E+00  4.592E+00  4.400E+00  4.197E+00  4.000E+00  3.804E+00  3.596E+00  3.404E+00  3.214E+00  3.016E+00  2.830E+00  2.639E+00  2.451E+00  2.281E+00  2.119E+00  1.959E+00  1.797E+00  1.652E+00  1.517E+00  1.381E+00  1.261E+00  1.142E+00  1.035E+00  9.337E-01  8.390E-01  7.516E-01  6.685E-01  5.952E-01  5.305E-01  4.696E-01  4.115E-01  3.638E-01  3.188E-01  2.770E-01  2.404E-01  2.088E-01  1.818E-01  1.551E-01  1.325E-01  1.144E-01  9.709E-02  8.345E-02  6.960E-02  5.978E-02  5.013E-02  4.189E-02  3.528E-02  2.980E-02  2.521E-02  2.045E-02  1.690E-02  1.401E-02  1.202E-02  9.535E-03  7.603E-03  6.222E-03  5.115E-03  4.115E-03  3.602E-03  2.960E-03  2.347E-03  2.008E-03  1.509E-03  1.072E-03  1.009E-03  8.391E-04  7.652E-04  5.691E-04  3.771E-04  3.223E-04  2.063E-04  2.138E-04  1.832E-04  1.105E-04  7.305E-05  5.581E-05  3.349E-05  6.004E-05  5.494E-05  1.105E-05  1.631E-05  2.223E-05  1.077E-05  2.158E-05  0.000E+00  Z
 0.000E+00  0.000E+00  0.000E+00  0.000E+00  0.000E+00  0.000E+00  0.000E+00  0.000E+00  0.000E+00  0.000E+00  5.017E-05  7.260E-05  1.157E-04  6.707E-05  1.290E-04  2.077E-04  3.011E-04  2.749E-04  5.689E-04  7.221E-04  7.936E-04  1.214E-03  1.879E-03  1.955E-03  2.590E-03  3.334E-03  3.540E-03  4.453E-03  5.237E-03  6.292E-03  7.666E-03  8.951E-03  1.092E-02  1.302E-02  1.460E-02  1.717E-02  2.005E-02  2.141E-02  2.641E-02  3.057E-02  3.521E-02  4.160E-02  4.776E-02  5.340E-02  6.181E-02  6.926E-02  8.237E-02  9.184E-02  1.060E-01  1.181E-01  1.343E-01  1.520E-01  1.725E-01  1.916E-01  2.139E-01  2.347E-01  2.654E-01  2.908E-01  3.209E-01  3.543E-01  3.890E-01  4.219E-01  4.637E-01  5.091E-01  5.499E-01  5.950E-01  6.473E-01  7.021E-01  7.538E-01  8.092E-01  8.744E-01  9.372E-01  9.966E-01  1.065E+00  1.137E+00  1.220E+00  1.290E+00  1.368E+00  1.453E+00  1.538E+00  1.620E+00  1.704E+00  1.799E+00  1.901E+00  2.000E+00  2.099E+00  2.201E+00  2.318E+00  2.422E+00  2.529E+00  2.641E+00  2.758E+00  2.881E+00  2.991E+00  3.111E+00  3.249E+00  3.372E+00  3.494E+00  3.632E+00  3.752E+00  3.891E+00  4.017E+00  4.154E+00  4.290E+00  4.427E+00  4.557E+00  4.691E+00  4.831E+00  4.950E+00  5.075E+00  5.209E+00  5.326E+00  5.453E+00  5.581E+00  5.695E+00  5.790E+00  5.906E+00  5.999E+00  6.106E+00  6.181E+00  6.253E+00  6.332E+00  6.404E+00  6.450E+00  6.482E+00  6.509E+00  6.541E+00  6.541E+00  6.551E+00  6.518E+00  6.483E+00  6.441E+00  6.387E+00  6.302E+00  6.221E+00  6.110E+00  5.998E+00  5.882E+00  5.728E+00  5.587E+00  5.430E+00  5.251E+00  5.082E+00  4.894E+00  4.703E+00  4.516E+00  4.308E+00  4.108E+00  3.920E+00  3.713E+00  3.513E+00  3.311E+00  3.113E+00  2.925E+00  2.738E+00  2.549E+00  2.373E+00  2.203E+00  2.030E+00  1.886E+00  1.730E+00  1.579E+00  1.454E+00  1.324E+00  1.198E+00  1.090E+00  9.823E-01  8.794E-01  7.909E-01  7.096E-01  6.314E-01  5.594E-01  4.947E-01  4.365E-01  3.851E-01  3.379E-01  2.976E-01  2.577E-01  2.247E-01  1.942E-01  1.665E-01  1.418E-01  1.242E-01  1.057E-01  8.863E-02  7.613E-02  6.484E-02  5.406E-02  4.511E-02  3.815E-02  3.181E-02  2.721E-02  2.224E-02  1.872E-02  1.550E-02  1.265E-02  1.023E-02  8.972E-03  7.029E-03  6.068E-03  4.696E-03  3.678E-03  2.999E-03  2.534E-03  1.722E-03  1.809E-03  1.225E-03  1.043E-03  9.062E-04  6.797E-04  6.648E-04  3.934E-04  2.818E-04  2.916E-04  2.355E-04  1.562E-04  1.229E-04  1.050E-04  7.829E-05  7.179E-05  5.024E-05  2.727E-05  2.754E-05  1.601E-05  5.596E-06  0.000E+00  Z
 0.000E+00  0.000E+00  0.000E+00  0.000E+00  0.000E+00  0.000E+00  0.000E+00  0.000E+00  0.000E+00  0.000E+00  2.539E-05  2.422E-05  2.305E-05  6.657E-05  1.498E-04  1.249E-04  2.212E-04  5.869E-04  4.754E-04  7.027E-04  1.030E-03  1.355E-03  1.739E-03  2.071E-03  2.343E-03  3.206E-03  3.953E-03  4.067E-03  5.554E-03  6.516E-03  7.743E-03  8.693E-03  1.133E-02  1.201E-02  1.432E-02  1.653E-02  1.972E-02  2.222E-02  2.731E-02  3.033E-02  3.511E-02  3.987E-02  4.778E-02  5.300E-02  6.062E-02  7.001E-02  8.068E-02  9.344E-02  1.041E-01  1.188E-01  1.349E-01  1.496E-01  1.716E-01  1.907E-01  2.121E-01  2.335E-01  2.605E-01  2.876E-01  3.179E-01  3.517E-01  3.853E-01  4.244E-01  4.641E-01  5.054E-01  5.514E-01  5.936E-01  6.440E-01  6.957E-01  7.544E-01  8.067E-01  8.683E-01  9.297E-01  9.944E-01  1.069E+00  1.135E+00  1.208E+00  1.278E+00  1.357E+00  1.439E+00  1.526E+00  1.613E+00  1.708E+00  1.796E+00  1.895E+00  1.998E+00  2.103E+00  2.204E+00  2.304E+00  2.410E+00  2.530E+00  2.629E+00  2.759E+00  2.869E+00  2.985E+00  3.118E+00  3.240E+00  3.365E+00  3.489E+00  3.616E+00  3.755E+00  3.885E+00  4.017E+00  4.155E+00  4.291E+00  4.425E+00  4.561E+00  4.698E+00  4.831E+00  4.973E+00  5.105E+00  5.228E+00  5.363E+00  5.476E+00  5.603E+00  5.704E+00  5.846E+00  5.938E+00  6.050E+00  6.138E+00  6.245E+00  6.318E+00  6.398E+00  6.464E+00  6.523E+00  6.577E+00  6.610E+00  6.626E+00  6.644E+00  6.643E+00  6.637E+00  6.608E+00  6.577E+00  6.511E+00  6.455E+00  6.375E+00  6.283E+00  6.172E+00  6.039E+00  5.916E+00  5.768E+00  5.599E+00  5.451E+00  5.276E+00  5.084E+00  4.896E+00  4.690E+00  4.498E+00  4.307E+00  4.094E+00  3.893E+00  3.695E+00  3.484E+00  3.288E+00  3.086E+00  2.900E+00  2.706E+00  2.518E+00  2.338E+00  2.168E+00  2.003E+00  1.842E+00  1.690E+00  1.557E+00  1.421E+00  1.293E+00  1.172E+00  1.060E+00  9.563E-01  8.569E-01  7.665E-01  6.918E-01  6.120E-01  5.405E-01  4.807E-01  4.240E-01  3.721E-01  3.246E-01  2.845E-01  2.490E-01  2.161E-01  1.841E-01  1.597E-01  1.373E-01  1.173E-01  1.002E-01  8.527E-02  7.172E-02  6.118E-02  5.163E-02  4.276E-02  3.706E-02  3.083E-02  2.526E-02  2.069E-02  1.800E-02  1.444E-02  1.216E-02  9.917E-03  8.460E-03  6.672E-03  5.602E-03  4.423E-03  3.731E-03  2.985E-03  2.424E-03  1.823E-03  1.552E-03  1.265E-03  1.088E-03  8.986E-04  6.660E-04  5.909E-04  4.986E-04  3.152E-04  3.009E-04  2.573E-04  2.045E-04  1.617E-04  1.284E-04  8.246E-05  2.225E-05  4.917E-05  4.921E-05  3.777E-05  3.320E-05  2.197E-05  5.217E-06  1.113E-05  1.087E-05  0.000E+00  Z
 0.000E+00  0.000E+00  0.000E+00  0.000E+00  0.000E+00  0.000E+00  0.000E+00  0.000E+00  0.000E+00  2.663E-05  5.024E-05  4.828E-05  6.925E-05  6.682E-05  2.579E-04  3.107E-04  2.013E-04  4.287E-04  4.562E-04  7.388E-04  8.495E-04  1.338E-03  1.964E-03  1.990E-03  2.345E-03  3.027E-03  3.729E-03  4.019E-03  5.099E-03  5.819E-03  7.381E-03  8.736E-03  1.062E-02  1.110E-02  1.412E-02  1.639E-02  1.944E-02  2.226E-02  2.506E-02  2.996E-02  3.452E-02  3.944E-02  4.713E-02  5.275E-02  6.118E-02  6.846E-02  8.165E-02  8.955E-02  1.025E-01  1.174E-01  1.302E-01  1.488E-01  1.679E-01  1.861E-01  2.086E-01  2.339E-01  2.577E-01  2.855E-01  3.163E-01  3.469E-01  3.789E-01  4.165E-01  4.560E-01  5.007E-01  5.396E-01  5.859E-01  6.414E-01  6.921E-01  7.430E-01  7.964E-01  8.579E-01  9.200E-01  9.901E-01  1.055E+00  1.127E+00  1.201E+00  1.278E+00  1.354E+00  1.442E+00  1.526E+00  1.599E+00  1.695E+00  1.785E+00  1.879E+00  1.984E+00  2.081E+00  2.193E+00  2.299E+00  2.399E+00  2.520E+00  2.633E+00  2.754E+00  2.863E+00  2.990E+00  3.114E+00  3.230E+00  3.363E+00  3.492E+00  3.625E+00  3.759E+00  3.902E+00  4.025E+00  4.164E+00  4.297E+00  4.444E+00  4.585E+00  4.713E+00  4.852E+00  4.998E+00  5.126E+00  5.259E+00  5.392E+00  5.521E+00  5.650E+00  5.775E+00  5.892E+00  6.007E+00  6.133E+00  6.221E+00  6.328E+00  6.423E+00  6.510E+00  6.593E+00  6.647E+00  6.705E+00  6.759E+00  6.801E+00  6.827E+00  6.826E+00  6.833E+00  6.820E+00  6.794E+00  6.760E+00  6.687E+00  6.626E+00  6.559E+00  6.463E+00  6.338E+00  6.225E+00  6.081E+00  5.937E+00  5.779E+00  5.618E+00  5.434E+00  5.245E+00  5.055E+00  4.856E+00  4.652E+00  4.446E+00  4.234E+00  4.021E+00  3.814E+00  3.608E+00  3.399E+00  3.194E+00  2.989E+00  2.794E+00  2.610E+00  2.432E+00  2.250E+00  2.077E+00  1.916E+00  1.761E+00  1.613E+00  1.473E+00  1.340E+00  1.221E+00  1.107E+00  9.997E-01  8.991E-01  7.979E-01  7.150E-01  6.374E-01  5.668E-01  5.010E-01  4.481E-01  3.875E-01  3.430E-01  2.978E-01  2.587E-01  2.256E-01  1.950E-01  1.682E-01  1.444E-01  1.241E-01  1.053E-01  9.106E-02  7.543E-02  6.407E-02  5.425E-02  4.635E-02  3.882E-02  3.257E-02  2.671E-02  2.249E-02  1.866E-02  1.471E-02  1.274E-02  1.061E-02  8.620E-03  7.031E-03  5.919E-03  4.941E-03  4.025E-03  3.477E-03  2.672E-03  2.097E-03  1.721E-03  1.361E-03  1.097E-03  7.931E-04  6.877E-04  6.062E-04  4.428E-04  3.421E-04  2.889E-04  2.670E-04  1.451E-04  9.451E-05  9.859E-05  1.096E-04  7.140E-05  4.442E-05  1.635E-05  3.318E-05  1.064E-05  2.184E-05  5.361E-06  3.207E-05  5.223E-06  0.000E+00  Z
 0.000E+00  0.000E+00  0.000E+00  0.000E+00  0.000E+00  0.000E+00  0.000E+00  0.000E+00  0.000E+00  2.643E-05  2.524E-05  7.197E-05  6.913E-05  1.778E-04  1.712E-04  3.945E-04  2.817E-04  4.687E-04  5.143E-04  6.669E-04  9.381E-04  1.358E-03  1.465E-03  1.750E-03  2.244E-03  2.912E-03  3.480E-03  4.237E-03  4.838E-03  6.106E-03  7.579E-03  9.180E-03  1.001E-02  1.152E-02  1.415E-02  1.692E-02  1.859E-02  2.155E-02  2.573E-02  2.963E-02  3.483E-02  3.854E-02  4.574E-02  5.182E-02  5.988E-02  6.831E-02  7.732E-02  8.722E-02  1.009E-01  1.139E-01  1.279E-01  1.475E-01  1.630E-01  1.849E-01  2.028E-01  2.288E-01  2.531E-01  2.816E-01  3.097E-01  3.464E-01  3.753E-01  4.109E-01  4.512E-01  4.954E-01  5.365E-01  5.845E-01  6.305E-01  6.827E-01  7.368E-01  7.854E-01  8.545E-01  9.157E-01  9.836E-01  1.040E+00  1.116E+00  1.191E+00  1.264E+00  1.345E+00  1.425E+00  1.513E+00  1.604E+00  1.687E+00  1.777E+00  1.872E+00  1.977E+00  2.074E+00  2.178E+00  2.286E+00  2.401E+00  2.509E+00  2.630E+00  2.744E+00  2.864E+00  2.983E+00  3.104E+00  3.234E+00  3.362E+00  3.506E+00  3.632E+00  3.764E+00  3.898E+00  4.044E+00  4.170E+00  4.316E+00  4.460E+00  4.600E+00  4.731E+00  4.874E+00  5.018E+00  5.152E+00  5.287E+00  5.434E+00  5.556E+00  5.702E+00  5.820E+00  5.956E+00  6.093E+00  6.198E+00  6.312E+00  6.409E+00  6.515E+00  6.619E+00  6.698E+00  6.773E+00  6.841E+00  6.894E+00  6.941E+00  6.988E+00  6.993E+00  7.018E+00  7.012E+00  7.011E+00  6.970E+00  6.937E+00  6.882E+00  6.810E+00  6.719E+00  6.624E+00  6.524E+00  6.392E+00  6.249E+00  6.093E+00  5.944E+00  5.761E+00  5.578E+00  5.395E+00  5.189E+00  4.985E+00  4.778E+00  4.582E+00  4.344E+00  4.134E+00  3.921E+00  3.706E+00  3.497E+00  3.281E+00  3.081E+00  2.883E+00  2.688E+00  2.494E+00  2.311E+00  2.141E+00  1.973E+00  1.815E+00  1.660E+00  1.515E+00  1.383E+00  1.259E+00  1.136E+00  1.022E+00  9.178E-01  8.238E-01  7.374E-01  6.577E-01  5.832E-01  5.181E-01  4.525E-01  3.968E-01  3.527E-01  3.069E-01  2.657E-01  2.329E-01  2.004E-01  1.739E-01  1.490E-01  1.256E-01  1.084E-01  9.262E-02  7.862E-02  6.532E-02  5.655E-02  4.743E-02  4.061E-02  3.317E-02  2.737E-02  2.329E-02  1.932E-02  1.646E-02  1.344E-02  1.132E-02  8.840E-03  7.011E-03  6.090E-03  5.003E-03  4.016E-03  3.458E-03  2.722E-03  2.309E-03  1.568E-03  1.426E-03  1.099E-03  9.480E-04  7.483E-04  5.858E-04  4.653E-04  4.613E-04  3.102E-04  2.497E-04  1.606E-04  2.337E-04  1.158E-04  1.098E-04  7.723E-05  4.373E-05  4.863E-05  4.304E-05  2.198E-05  4.821E-05  1.604E-05  1.070E-05  1.623E-05  5.608E-06  0.000E+00  Z
 0.000E+00  0.000E+00  0.000E+00  0.000E+00  0.000E+00  0.000E+00  0.000E+00  0.000E+00  0.000E+00  0.000E+00  2.512E-05  4.818E-05  2.294E-05  8.898E-05  8.630E-05  1.874E-04  2.016E-04  3.913E-04  5.510E-04  7.035E-04  8.287E-04  1.391E-03  1.311E-03  2.055E-03  2.212E-03  2.852E-03  3.126E-03  4.245E-03  5.338E-03  5.916E-03  7.101E-03  8.674E-03  1.010E-02  1.210E-02  1.403E-02  1.513E-02  1.849E-02  2.113E-02  2.422E-02  2.859E-02  3.457E-02  3.849E-02  4.401E-02  5.043E-02  6.026E-02  6.884E-02  7.810E-02  8.614E-02  1.013E-01  1.116E-01  1.275E-01  1.439E-01  1.627E-01  1.812E-01  2.040E-01  2.282E-01  2.531E-01  2.811E-01  3.109E-01  3.447E-01  3.712E-01  4.113E-01  4.476E-01  4.898E-01  5.357E-01  5.785E-01  6.289E-01  6.802E-01  7.343E-01  7.936E-01  8.482E-01  9.101E-01  9.799E-01  1.039E+00  1.113E+00  1.187E+00  1.258E+00  1.347E+00  1.425E+00  1.502E+00  1.599E+00  1.683E+00  1.768E+00  1.873E+00  1.970E+00  2.074E+00  2.172E+00  2.275E+00  2.392E+00  2.504E+00  2.618E+00  2.738E+00  2.859E+00  2.978E+00  3.097E+00  3.233E+00  3.358E+00  3.496E+00  3.629E+00  3.765E+00  3.897E+00  4.026E+00  4.171E+00  4.318E+00  4.453E+00  4.594E+00  4.739E+00  4.882E+00  5.038E+00  5.166E+00  5.308E+00  5.438E+00  5.565E+00  5.699E+00  5.850E+00  5.980E+00  6.103E+00  6.228E+00  6.340E+00  6.444E+00  6.548E+00  6.648E+00  6.753E+00  6.812E+00  6.880E+00  6.961E+00  7.009E+00  7.047E+00  7.069E+00  7.101E+00  7.116E+00  7.087E+00  7.068E+00  7.044E+00  6.996E+00  6.935E+00  6.855E+00  6.763E+00  6.651E+00  6.527E+00  6.387E+00  6.252E+00  6.079E+00  5.904E+00  5.741E+00  5.538E+00  5.355E+00  5.142E+00  4.929E+00  4.721E+00  4.498E+00  4.280E+00  4.069E+00  3.848E+00  3.635E+00  3.425E+00  3.212E+00  3.016E+00  2.810E+00  2.623E+00  2.428E+00  2.241E+00  2.078E+00  1.904E+00  1.751E+00  1.599E+00  1.460E+00  1.331E+00  1.206E+00  1.089E+00  9.794E-01  8.809E-01  7.894E-01  7.023E-01  6.271E-01  5.554E-01  4.903E-01  4.323E-01  3.798E-01  3.318E-01  2.862E-01  2.522E-01  2.197E-01  1.890E-01  1.626E-01  1.392E-01  1.183E-01  1.005E-01  8.656E-02  7.198E-02  6.149E-02  5.303E-02  4.375E-02  3.706E-02  3.042E-02  2.579E-02  2.104E-02  1.814E-02  1.498E-02  1.209E-02  9.965E-03  7.918E-03  6.461E-03  5.591E-03  4.839E-03  3.521E-03  3.064E-03  2.455E-03  2.069E-03  1.557E-03  1.407E-03  9.635E-04  7.432E-04  6.584E-04  5.088E-04  3.893E-04  3.349E-04  2.110E-04  2.320E-04  1.445E-04  9.902E-05  1.208E-04  1.050E-04  4.935E-05  6.576E-05  3.283E-05  2.130E-05  3.272E-05  2.682E-05  2.694E-05  5.401E-06  1.075E-05  1.618E-05  5.194E-06  0.000E+00  Z
 0.000E+00  0.000E+00  0.000E+00  0.000E+00  0.000E+00  0.000E+00  0.000E+00  0.000E+00  0.000E+00  2.647E-05  5.058E-05  0.000E+00  0.000E+00  8.913E-05  1.070E-04  2.914E-04  3.814E-04  4.310E-04  4.553E-04  7.569E-04  7.207E-04  8.797E-04  1.616E-03  1.919E-03  2.295E-03  2.623E-03  3.572E-03  4.232E-03  4.792E-03  5.581E-03  7.088E-03  8.005E-03  9.849E-03  1.198E-02  1.415E-02  1.584E-02  1.932E-02  2.134E-02  2.393E-02  2.889E-02  3.440E-02  3.811E-02  4.468E-02  5.214E-02  5.833E-02  6.680E-02  7.646E-02  8.571E-02  1.014E-01  1.137E-01  1.289E-01  1.447E-01  1.616E-01  1.834E-01  2.029E-01  2.244E-01  2.518E-01  2.778E-01  3.077E-01  3.363E-01  3.730E-01  4.087E-01  4.505E-01  4.897E-01  5.306E-01  5.787E-01  6.229E-01  6.791E-01  7.323E-01  7.883E-01  8.437E-01  9.111E-01  9.711E-01  1.034E+00  1.111E+00  1.181E+00  1.259E+00  1.339E+00  1.419E+00  1.504E+00  1.586E+00  1.680E+00  1.775E+00  1.869E+00  1.964E+00  2.069E+00  2.169E+00  2.279E+00  2.394E+00  2.496E+00  2.620E+00  2.739E+00  2.860E+00  2.979E+00  3.107E+00  3.241E+00  3.363E+00  3.502E+00  3.636E+00  3.765E+00  3.902E+00  4.039E+00  4.190E+00  4.313E+00  4.460E+00  4.616E+00  4.750E+00  4.901E+00  5.042E+00  5.173E+00  5.328E+00  5.465E+00  5.606E+00  5.745E+00  5.873E+00  6.013E+00  6.121E+00  6.261E+00  6.367E+00  6.489E+00  6.584E+00  6.692E+00  6.791E+00  6.863E+00  6.969E+00  7.021E+00  7.076E+00  7.122E+00  7.156E+00  7.183E+00  7.188E+00  7.191E+00  7.183E+00  7.141E+00  7.104E+00  7.039E+00  6.969E+00  6.888E+00  6.787E+00  6.661E+00  6.523E+00  6.383E+00  6.229E+00  6.060E+00  5.880E+00  5.698E+00  5.488E+00  5.282E+00  5.093E+00  4.876E+00  4.653E+00  4.443E+00  4.229E+00  3.991E+00  3.783E+00  3.561E+00  3.348E+00  3.138E+00  2.928E+00  2.741E+00  2.544E+00  2.359E+00  2.177E+00  2.006E+00  1.844E+00  1.694E+00  1.543E+00  1.411E+00  1.280E+00  1.152E+00  1.044E+00  9.391E-01  8.429E-01  7.459E-01  6.670E-01  5.913E-01  5.237E-01  4.654E-01  4.103E-01  3.589E-01  3.140E-01  2.716E-01  2.373E-01  2.038E-01  1.750E-01  1.511E-01  1.303E-01  1.096E-01  9.537E-02  8.053E-02  6.832E-02  5.738E-02  4.761E-02  4.130E-02  3.375E-02  2.865E-02  2.383E-02  1.962E-02  1.697E-02  1.354E-02  1.103E-02  9.362E-03  7.392E-03  5.992E-03  4.885E-03  4.179E-03  3.239E-03  2.443E-03  2.266E-03  1.730E-03  1.412E-03  1.135E-03  9.498E-04  7.283E-04  6.586E-04  4.852E-04  4.227E-04  2.729E-04  2.033E-04  2.198E-04  1.379E-04  1.475E-04  8.253E-05  4.416E-05  3.313E-05  6.489E-05  3.244E-05  2.214E-05  1.640E-05  5.218E-06  0.000E+00  Z
 0.000E+00  0.000E+00  0.000E+00  0.000E+00  0.000E+00  0.000E+00  0.000E+00  0.000E+00  2.802E-05  5.275E-05  0.000E+00  9.641E-05  4.583E-05  6.699E-05  8.568E-05  3.112E-04  2.019E-04  4.298E-04  4.369E-04  7.420E-04  9.923E-04  1.356E-03  1.621E-03  1.552E-03  2.327E-03  2.589E-03  3.240E-03  4.127E-03  4.576E-03  5.909E-03  6.807E-03  7.873E-03  1.007E-02  1.117E-02  1.332E-02  1.517E-02  1.833E-02  2.160E-02  2.398E-02  2.792E-02  3.262E-02  3.927E-02  4.314E-02  5.102E-02  5.862E-02  6.755E-02  7.617E-02  8.724E-02  1.004E-01  1.126E-01  1.273E-01  1.430E-01  1.599E-01  1.796E-01  1.989E-01  2.253E-01  2.483E-01  2.752E-01  3.077E-01  3.357E-01  3.673E-01  4.040E-01  4.408E-01  4.846E-01  5.278E-01  5.755E-01  6.206E-01  6.732E-01  7.289E-01  7.841E-01  8.398E-01  8.967E-01  9.665E-01  1.033E+00  1.095E+00  1.174E+00  1.249E+00  1.331E+00  1.406E+00  1.490E+00  1.579E+00  1.663E+00  1.766E+00  1.851E+00  1.958E+00  2.064E+00  2.171E+00  2.279E+00  2.381E+00  2.500E+00  2.609E+00  2.737E+00  2.842E+00  2.976E+00  3.095E+00  3.226E+00  3.358E+00  3.491E+00  3.616E+00  3.766E+00  3.902E+00  4.041E+00  4.192E+00  4.331E+00  4.475E+00  4.623E+00  4.765E+00  4.905E+00  5.049E+00  5.206E+00  5.338E+00  5.482E+00  5.640E+00  5.771E+00  5.891E+00  6.052E+00  6.187E+00  6.301E+00  6.427E+00  6.543E+00  6.665E+00  6.766E+00  6.873E+00  6.967E+00  7.053E+00  7.102E+00  7.187E+00  7.240E+00  7.296E+00  7.328E+00  7.337E+00  7.362E+00  7.351E+00  7.335E+00  7.293E+00  7.252E+00  7.185E+00  7.104E+00  7.009E+00  6.918E+00  6.797E+00  6.643E+00  6.515E+00  6.343E+00  6.174E+00  5.973E+00  5.788E+00  5.599E+00  5.383E+00  5.171E+00  4.948E+00  4.731E+00  4.518E+00  4.285E+00  4.056E+00  3.836E+00  3.614E+00  3.397E+00  3.176E+00  2.971E+00  2.766E+00  2.571E+00  2.392E+00  2.201E+00  2.028E+00  1.863E+00  1.706E+00  1.557E+00  1.420E+00  1.285E+00  1.164E+00  1.053E+00  9.407E-01  8.426E-01  7.544E-01  6.753E-01  5.953E-01  5.216E-01  4.689E-01  4.088E-01  3.602E-01  3.151E-01  2.714E-01  2.359E-01  2.041E-01  1.775E-01  1.518E-01  1.293E-01  1.111E-01  9.439E-02  8.087E-02  6.785E-02  5.701E-02  4.807E-02  4.028E-02  3.391E-02  2.861E-02  2.427E-02  1.994E-02  1.701E-02  1.353E-02  1.085E-02  9.435E-03  7.587E-03  5.856E-03  5.033E-03  4.153E-03  3.296E-03  2.925E-03  2.092E-03  1.732E-03  1.405E-03  1.095E-03  8.889E-04  6.963E-04  6.204E-04  5.173E-04  3.738E-04  2.876E-04  2.081E-04  1.998E-04  1.649E-04  8.877E-05  1.091E-04  5.972E-05  3.780E-05  3.246E-05  2.687E-05  3.287E-05  3.748E-05  1.048E-05  1.068E-05  0.000E+00  Z
 0.000E+00  0.000E+00  0.000E+00  0.000E+00  0.000E+00  0.000E+00  0.000E+00  0.000E+00  5.611E-05  5.305E-05  0.000E+00  2.427E-05  9.248E-05  4.416E-05  1.500E-04  1.864E-04  3.634E-04  4.102E-04  6.460E-04  6.487E-04  8.115E-04  1.233E-03  1.635E-03  2.207E-03  1.883E-03  2.652E-03  2.971E-03  4.020E-03  4.841E-03  5.850E-03  7.485E-03  7.420E-03  9.927E-03  1.095E-02  1.340E-02  1.472E-02  1.762E-02  2.121E-02  2.462E-02  2.814E-02  3.178E-02  3.853E-02  4.247E-02  5.027E-02  5.850E-02  6.687E-02  7.564E-02  8.719E-02  9.795E-02  1.104E-01  1.241E-01  1.416E-01  1.574E-01  1.788E-01  1.966E-01  2.193E-01  2.483E-01  2.781E-01  3.020E-01  3.331E-01  3.680E-01  4.021E-01  4.407E-01  4.808E-01  5.215E-01  5.690E-01  6.197E-01  6.678E-01  7.165E-01  7.762E-01  8.302E-01  8.970E-01  9.584E-01  1.031E+00  1.100E+00  1.172E+00  1.247E+00  1.321E+00  1.407E+00  1.494E+00  1.573E+00  1.662E+00  1.757E+00  1.850E+00  1.946E+00  2.062E+00  2.161E+00  2.260E+00  2.383E+00  2.497E+00  2.598E+00  2.720E+00  2.857E+00  2.977E+00  3.097E+00  3.233E+00  3.365E+00  3.495E+00  3.623E+00  3.763E+00  3.921E+00  4.050E+00  4.200E+00  4.340E+00  4.492E+00  4.639E+00  4.795E+00  4.921E+00  5.072E+00  5.228E+00  5.375E+00  5.519E+00  5.660E+00  5.802E+00  5.948E+00  6.089E+00  6.221E+00  6.364E+00  6.494E+00  6.606E+00  6.723E+00  6.849E+00  6.938E+00  7.047E+00  7.145E+00  7.230E+00  7.286E+00  7.372E+00  7.405E+00  7.455E+00  7.487E+00  7.504E+00  7.513E+00  7.488E+00  7.493E+00  7.440E+00  7.389E+00  7.325E+00  7.237E+00  7.142E+00  7.033E+00  6.903E+00  6.758E+00  6.606E+00  6.443E+00  6.248E+00  6.060E+00  5.863E+00  5.666E+00  5.451E+00  5.229E+00  4.998E+00  4.777E+00  4.553E+00  4.318E+00  4.079E+00  3.858E+00  3.638E+00  3.416E+00  3.196E+00  2.988E+00  2.771E+00  2.590E+00  2.392E+00  2.203E+00  2.034E+00  1.866E+00  1.717E+00  1.558E+00  1.415E+00  1.283E+00  1.162E+00  1.049E+00  9.412E-01  8.431E-01  7.524E-01  6.712E-01  5.961E-01  5.273E-01  4.625E-01  4.067E-01  3.585E-01  3.102E-01  2.719E-01  2.348E-01  2.018E-01  1.763E-01  1.515E-01  1.281E-01  1.106E-01  9.332E-02  7.876E-02  6.710E-02  5.648E-02  4.734E-02  4.104E-02  3.349E-02  2.855E-02  2.350E-02  1.934E-02  1.626E-02  1.361E-02  1.128E-02  9.190E-03  7.771E-03  6.280E-03  5.040E-03  4.089E-03  3.263E-03  2.622E-03  2.174E-03  1.642E-03  1.534E-03  1.102E-03  9.314E-04  6.768E-04  5.888E-04  4.436E-04  3.088E-04  3.212E-04  2.272E-04  2.358E-04  2.030E-04  1.200E-04  5.910E-05  6.083E-05  5.388E-05  1.617E-05  2.681E-05  1.082E-05  5.556E-06  4.300E-05  1.086E-05  0.000E+00  Z
 0.000E+00  0.000E+00  0.000E+00  0.000E+00  0.000E+00  0.000E+00  0.000E+00  0.000E+00  0.000E+00  2.659E-05  0.000E+00  2.424E-05  2.317E-05  2.201E-05  1.716E-04  2.488E-04  1.610E-04  3.714E-04  5.127E-04  5.360E-04  6.507E-04  1.074E-03  1.204E-03  1.585E-03  2.327E-03  2.544E-03  3.392E-03  3.470E-03  4.854E-03  5.669E-03  6.350E-03  7.774E-03  9.403E-03  1.083E-02  1.255E-02  1.506E-02  1.752E-02  2.072E-02  2.439E-02  2.702E-02  3.178E-02  3.580E-02  4.289E-02  4.750E-02  5.633E-02  6.419E-02  7.272E-02  8.451E-02  9.448E-02  1.081E-01  1.230E-01  1.397E-01  1.577E-01  1.730E-01  1.921E-01  2.191E-01  2.432E-01  2.685E-01  2.963E-01  3.277E-01  3.586E-01  3.928E-01  4.307E-01  4.727E-01  5.085E-01  5.634E-01  6.096E-01  6.550E-01  7.084E-01  7.668E-01  8.227E-01  8.821E-01  9.436E-01  1.009E+00  1.084E+00  1.154E+00  1.230E+00  1.306E+00  1.384E+00  1.473E+00  1.563E+00  1.647E+00  1.739E+00  1.835E+00  1.929E+00  2.038E+00  2.147E+00  2.248E+00  2.364E+00  2.477E+00  2.590E+00  2.710E+00  2.838E+00  2.965E+00  3.098E+00  3.226E+00  3.356E+00  3.496E+00  3.628E+00  3.780E+00  3.916E+00  4.053E+00  4.207E+00  4.354E+00  4.509E+00  4.659E+00  4.809E+00  4.964E+00  5.105E+00  5.270E+00  5.420E+00  5.568E+00  5.736E+00  5.873E+00  6.025E+00  6.172E+00  6.317E+00  6.458E+00  6.606E+00  6.726E+00  6.873E+00  6.990E+00  7.106E+00  7.225E+00  7.327E+00  7.439E+00  7.532E+00  7.608E+00  7.682E+00  7.743E+00  7.791E+00  7.829E+00  7.869E+00  7.880E+00  7.871E+00  7.853E+00  7.833E+00  7.787E+00  7.719E+00  7.650E+00  7.569E+00  7.436E+00  7.315E+00  7.198E+00  7.044E+00  6.881E+00  6.702E+00  6.513E+00  6.320E+00  6.112E+00  5.900E+00  5.663E+00  5.425E+00  5.198E+00  4.954E+00  4.729E+00  4.481E+00  4.238E+00  4.005E+00  3.768E+00  3.540E+00  3.314E+00  3.087E+00  2.875E+00  2.672E+00  2.474E+00  2.291E+00  2.103E+00  1.927E+00  1.766E+00  1.611E+00  1.459E+00  1.329E+00  1.200E+00  1.078E+00  9.743E-01  8.703E-01  7.755E-01  6.930E-01  6.122E-01  5.416E-01  4.786E-01  4.191E-01  3.695E-01  3.171E-01  2.770E-01  2.408E-01  2.086E-01  1.806E-01  1.531E-01  1.307E-01  1.116E-01  9.671E-02  8.012E-02  6.930E-02  5.883E-02  4.944E-02  4.055E-02  3.509E-02  2.888E-02  2.318E-02  2.060E-02  1.640E-02  1.359E-02  1.136E-02  9.761E-03  7.746E-03  6.567E-03  5.378E-03  4.144E-03  3.527E-03  2.692E-03  2.192E-03  1.996E-03  1.519E-03  1.096E-03  1.011E-03  7.989E-04  6.921E-04  3.607E-04  3.016E-04  3.245E-04  2.402E-04  1.476E-04  1.469E-04  1.032E-04  8.242E-05  8.106E-05  4.371E-05  3.185E-05  2.648E-05  3.221E-05  1.063E-05  5.583E-06  5.442E-06  5.358E-06  1.098E-05  1.569E-05  0.000E+00  Z
 0.000E+00  0.000E+00  0.000E+00  0.000E+00  0.000E+00  0.000E+00  0.000E+00  0.000E+00  0.000E+00  2.646E-05  0.000E+00  0.000E+00  4.622E-05  6.651E-05  1.718E-04  3.116E-04  2.413E-04  4.290E-04  5.128E-04  5.755E-04  9.378E-04  1.111E-03  1.394E-03  1.582E-03  2.197E-03  2.668E-03  3.208E-03  3.784E-03  4.282E-03  5.447E-03  5.799E-03  8.055E-03  9.035E-03  1.124E-02  1.209E-02  1.542E-02  1.774E-02  1.925E-02  2.274E-02  2.683E-02  3.127E-02  3.607E-02  4.197E-02  4.804E-02  5.528E-02  6.228E-02  7.069E-02  8.216E-02  9.437E-02  1.086E-01  1.209E-01  1.383E-01  1.528E-01  1.720E-01  1.917E-01  2.150E-01  2.374E-01  2.630E-01  2.905E-01  3.229E-01  3.508E-01  3.862E-01  4.294E-01  4.669E-01  5.094E-01  5.543E-01  5.967E-01  6.463E-01  7.036E-01  7.558E-01  8.135E-01  8.709E-01  9.334E-01  9.992E-01  1.074E+00  1.142E+00  1.213E+00  1.301E+00  1.375E+00  1.459E+00  1.545E+00  1.636E+00  1.727E+00  1.824E+00  1.932E+00  2.022E+00  2.130E+00  2.234E+00  2.353E+00  2.463E+00  2.576E+00  2.702E+00  2.829E+00  2.946E+00  3.091E+00  3.222E+00  3.341E+00  3.493E+00  3.621E+00  3.762E+00  3.907E+00  4.065E+00  4.199E+00  4.364E+00  4.507E+00  4.671E+00  4.829E+00  4.987E+00  5.158E+00  5.288E+00  5.459E+00  5.614E+00  5.786E+00  5.934E+00  6.084E+00  6.240E+00  6.390E+00  6.540E+00  6.678E+00  6.843E+00  6.977E+00  7.096E+00  7.227E+00  7.359E+00  7.466E+00  7.593E+00  7.677E+00  7.792E+00  7.881E+00  7.945E+00  8.015E+00  8.061E+00  8.110E+00  8.134E+00  8.167E+00  8.163E+00  8.162E+00  8.131E+00  8.087E+00  8.024E+00  7.958E+00  7.872E+00  7.765E+00  7.650E+00  7.516E+00  7.361E+00  7.211E+00  7.022E+00  6.837E+00  6.634E+00  6.413E+00  6.191E+00  5.965E+00  5.739E+00  5.491E+00  5.260E+00  5.003E+00  4.754E+00  4.508E+00  4.266E+00  4.020E+00  3.785E+00  3.545E+00  3.310E+00  3.088E+00  2.865E+00  2.652E+00  2.456E+00  2.264E+00  2.087E+00  1.906E+00  1.740E+00  1.585E+00  1.440E+00  1.305E+00  1.175E+00  1.063E+00  9.460E-01  8.464E-01  7.554E-01  6.738E-01  5.947E-01  5.234E-01  4.587E-01  4.051E-01  3.525E-01  3.100E-01  2.688E-01  2.303E-01  2.010E-01  1.719E-01  1.491E-01  1.268E-01  1.078E-01  9.167E-02  7.668E-02  6.581E-02  5.525E-02  4.639E-02  3.881E-02  3.224E-02  2.737E-02  2.327E-02  1.876E-02  1.568E-02  1.306E-02  1.069E-02  8.510E-03  7.644E-03  6.071E-03  5.104E-03  4.067E-03  3.188E-03  2.691E-03  2.052E-03  1.792E-03  1.416E-03  9.957E-04  9.374E-04  7.243E-04  5.288E-04  4.393E-04  2.376E-04  1.865E-04  2.137E-04  1.427E-04  1.918E-04  9.104E-05  9.793E-05  9.205E-05  3.261E-05  6.433E-05  1.578E-05  2.666E-05  2.695E-05  5.256E-06  5.136E-06  5.139E-06  2.686E-05  0.000E+00  Z
 0.000E+00  0.000E+00  0.000E+00  0.000E+00  0.000E+00  0.000E+00  0.000E+00  2.970E-05  0.000E+00  2.634E-05  2.513E-05  4.806E-05  2.289E-05  8.906E-05  1.928E-04  1.667E-04  2.013E-04  4.298E-04  3.033E-04  5.362E-04  9.011E-04  9.508E-04  1.225E-03  1.770E-03  1.981E-03  2.559E-03  2.508E-03  3.581E-03  3.890E-03  5.491E-03  5.927E-03  7.732E-03  9.219E-03  1.071E-02  1.188E-02  1.432E-02  1.703E-02  2.002E-02  2.267E-02  2.626E-02  2.936E-02  3.394E-02  3.951E-02  4.614E-02  5.492E-02  6.171E-02  7.040E-02  7.990E-02  8.990E-02  1.022E-01  1.185E-01  1.305E-01  1.491E-01  1.666E-01  1.882E-01  2.123E-01  2.314E-01  2.578E-01  2.848E-01  3.147E-01  3.452E-01  3.807E-01  4.207E-01  4.573E-01  4.983E-01  5.427E-01  5.841E-01  6.320E-01  6.864E-01  7.413E-01  7.989E-01  8.583E-01  9.194E-01  9.805E-01  1.053E+00  1.124E+00  1.194E+00  1.278E+00  1.356E+00  1.443E+00  1.532E+00  1.615E+00  1.711E+00  1.809E+00  1.904E+00  2.011E+00  2.113E+00  2.215E+00  2.331E+00  2.449E+00  2.556E+00  2.684E+00  2.818E+00  2.946E+00  3.069E+00  3.203E+00  3.333E+00  3.480E+00  3.627E+00  3.773E+00  3.919E+00  4.064E+00  4.234E+00  4.380E+00  4.542E+00  4.708E+00  4.858E+00  5.020E+00  5.177E+00  5.343E+00  5.521E+00  5.665E+00  5.851E+00  6.014E+00  6.187E+00  6.352E+00  6.518E+00  6.668E+00  6.830E+00  6.984E+00  7.144E+00  7.296E+00  7.441E+00  7.568E+00  7.713E+00  7.835E+00  7.964E+00  8.081E+00  8.195E+00  8.282E+00  8.381E+00  8.476E+00  8.551E+00  8.599E+00  8.654E+00  8.699E+00  8.691E+00  8.711E+00  8.694E+00  8.683E+00  8.647E+00  8.589E+00  8.522E+00  8.427E+00  8.330E+00  8.222E+00  8.070E+00  7.925E+00  7.749E+00  7.586E+00  7.365E+00  7.170E+00  6.945E+00  6.730E+00  6.483E+00  6.230E+00  5.979E+00  5.719E+00  5.470E+00  5.203E+00  4.939E+00  4.668E+00  4.411E+00  4.164E+00  3.901E+00  3.655E+00  3.405E+00  3.169E+00  2.945E+00  2.731E+00  2.521E+00  2.325E+00  2.130E+00  1.953E+00  1.780E+00  1.617E+00  1.470E+00  1.324E+00  1.194E+00  1.079E+00  9.604E-01  8.563E-01  7.645E-01  6.801E-01  5.983E-01  5.358E-01  4.656E-01  4.043E-01  3.543E-01  3.100E-01  2.660E-01  2.332E-01  2.016E-01  1.754E-01  1.473E-01  1.271E-01  1.077E-01  9.229E-02  7.758E-02  6.491E-02  5.622E-02  4.700E-02  3.843E-02  3.329E-02  2.725E-02  2.259E-02  1.914E-02  1.503E-02  1.288E-02  1.047E-02  8.724E-03  7.273E-03  5.875E-03  4.813E-03  3.869E-03  3.266E-03  2.736E-03  2.058E-03  1.607E-03  1.240E-03  1.142E-03  1.023E-03  6.806E-04  5.922E-04  4.086E-04  4.187E-04  3.481E-04  1.906E-04  1.198E-04  1.354E-04  1.561E-04  7.566E-05  1.115E-04  5.400E-05  3.704E-05  4.277E-05  2.651E-05  2.666E-05  5.274E-06  2.589E-05  1.582E-05  0.000E+00  Z
 0.000E+00  0.000E+00  0.000E+00  0.000E+00  0.000E+00  0.000E+00  0.000E+00  0.000E+00  0.000E+00  2.644E-05  0.000E+00  2.428E-05  2.326E-05  0.000E+00  1.286E-04  8.247E-05  2.005E-04  2.740E-04  2.664E-04  5.383E-04  6.860E-04  9.695E-04  1.326E-03  1.701E-03  1.996E-03  2.102E-03  2.777E-03  3.314E-03  4.149E-03  4.915E-03  6.022E-03  6.939E-03  8.260E-03  9.896E-03  1.195E-02  1.292E-02  1.538E-02  1.841E-02  2.038E-02  2.477E-02  2.847E-02  3.242E-02  3.857E-02  4.296E-02  5.139E-02  5.857E-02  6.609E-02  7.566E-02  8.753E-02  9.955E-02  1.118E-01  1.277E-01  1.410E-01  1.595E-01  1.815E-01  1.993E-01  2.210E-01  2.433E-01  2.738E-01  2.994E-01  3.324E-01  3.651E-01  4.018E-01  4.430E-01  4.786E-01  5.212E-01  5.661E-01  6.177E-01  6.647E-01  7.207E-01  7.758E-01  8.336E-01  8.954E-01  9.636E-01  1.027E+00  1.097E+00  1.166E+00  1.249E+00  1.328E+00  1.409E+00  1.498E+00  1.586E+00  1.671E+00  1.772E+00  1.871E+00  1.974E+00  2.081E+00  2.193E+00  2.308E+00  2.417E+00  2.536E+00  2.657E+00  2.791E+00  2.920E+00  3.049E+00  3.188E+00  3.325E+00  3.475E+00  3.619E+00  3.761E+00  3.922E+00  4.069E+00  4.248E+00  4.403E+00  4.562E+00  4.725E+00  4.897E+00  5.065E+00  5.243E+00  5.431E+00  5.599E+00  5.778E+00  5.956E+00  6.129E+00  6.307E+00  6.515E+00  6.684E+00  6.858E+00  7.041E+00  7.207E+00  7.388E+00  7.560E+00  7.737E+00  7.881E+00  8.049E+00  8.193E+00  8.371E+00  8.502E+00  8.649E+00  8.779E+00  8.911E+00  9.005E+00  9.134E+00  9.228E+00  9.312E+00  9.385E+00  9.467E+00  9.507E+00  9.565E+00  9.569E+00  9.596E+00  9.594E+00  9.559E+00  9.539E+00  9.479E+00  9.412E+00  9.338E+00  9.218E+00  9.108E+00  8.962E+00  8.809E+00  8.646E+00  8.433E+00  8.249E+00  8.022E+00  7.791E+00  7.562E+00  7.302E+00  7.034E+00  6.754E+00  6.486E+00  6.206E+00  5.915E+00  5.633E+00  5.343E+00  5.053E+00  4.774E+00  4.493E+00  4.202E+00  3.947E+00  3.678E+00  3.424E+00  3.177E+00  2.936E+00  2.714E+00  2.497E+00  2.294E+00  2.099E+00  1.902E+00  1.735E+00  1.577E+00  1.420E+00  1.281E+00  1.147E+00  1.032E+00  9.214E-01  8.214E-01  7.262E-01  6.439E-01  5.683E-01  4.979E-01  4.366E-01  3.827E-01  3.321E-01  2.868E-01  2.501E-01  2.146E-01  1.854E-01  1.579E-01  1.348E-01  1.153E-01  9.706E-02  8.320E-02  7.050E-02  6.020E-02  4.934E-02  4.193E-02  3.453E-02  2.960E-02  2.395E-02  2.065E-02  1.683E-02  1.411E-02  1.159E-02  9.302E-03  7.670E-03  6.588E-03  5.304E-03  4.544E-03  3.564E-03  2.825E-03  2.275E-03  1.832E-03  1.502E-03  1.203E-03  9.611E-04  8.145E-04  6.101E-04  5.858E-04  4.319E-04  2.917E-04  3.065E-04  1.669E-04  1.456E-04  1.334E-04  9.146E-05  4.781E-05  9.112E-05  3.670E-05  3.697E-05  3.126E-05  3.723E-05  1.045E-05  2.037E-05  1.565E-05  5.137E-06  5.045E-06  1.032E-05  7.537E-06  Z
 0.000E+00  0.000E+00  0.000E+00  0.000E+00  0.000E+00  0.000E+00  0.000E+00  0.000E+00  0.000E+00  0.000E+00  0.000E+00  2.428E-05  4.612E-05  4.427E-05  1.502E-04  1.658E-04  2.212E-04  2.536E-04  4.370E-04  6.842E-04  6.325E-04  8.632E-04  1.344E-03  1.144E-03  1.701E-03  2.182E-03  2.699E-03  3.395E-03  3.654E-03  4.272E-03  5.014E-03  6.228E-03  7.994E-03  9.019E-03  1.057E-02  1.206E-02  1.546E-02  1.690E-02  1.999E-02  2.341E-02  2.668E-02  3.076E-02  3.573E-02  4.110E-02  4.894E-02  5.518E-02  6.322E-02  7.142E-02  8.153E-02  9.331E-02  1.077E-01  1.199E-01  1.370E-01  1.514E-01  1.702E-01  1.931E-01  2.140E-01  2.352E-01  2.620E-01  2.935E-01  3.193E-01  3.534E-01  3.871E-01  4.237E-01  4.617E-01  5.036E-01  5.486E-01  5.986E-01  6.461E-01  6.977E-01  7.568E-01  8.115E-01  8.755E-01  9.356E-01  9.989E-01  1.076E+00  1.141E+00  1.214E+00  1.297E+00  1.389E+00  1.471E+00  1.555E+00  1.653E+00  1.741E+00  1.840E+00  1.940E+00  2.048E+00  2.153E+00  2.269E+00  2.389E+00  2.519E+00  2.632E+00  2.760E+00  2.893E+00  3.030E+00  3.169E+00  3.319E+00  3.458E+00  3.603E+00  3.766E+00  3.910E+00  4.077E+00  4.243E+00  4.419E+00  4.592E+00  4.752E+00  4.943E+00  5.122E+00  5.307E+00  5.492E+00  5.689E+00  5.867E+00  6.059E+00  6.252E+00  6.443E+00  6.656E+00  6.851E+00  7.052E+00  7.249E+00  7.430E+00  7.619E+00  7.810E+00  8.014E+00  8.198E+00  8.389E+00  8.566E+00  8.742E+00  8.925E+00  9.090E+00  9.272E+00  9.413E+00  9.569E+00  9.710E+00  9.840E+00  9.970E+00  1.010E+01  1.020E+01  1.031E+01  1.036E+01  1.045E+01  1.052E+01  1.056E+01  1.059E+01  1.061E+01  1.061E+01  1.062E+01  1.056E+01  1.052E+01  1.047E+01  1.038E+01  1.026E+01  1.017E+01  1.001E+01  9.862E+00  9.693E+00  9.485E+00  9.279E+00  9.053E+00  8.804E+00  8.549E+00  8.294E+00  7.998E+00  7.711E+00  7.414E+00  7.110E+00  6.796E+00  6.486E+00  6.164E+00  5.854E+00  5.540E+00  5.229E+00  4.918E+00  4.615E+00  4.327E+00  4.039E+00  3.762E+00  3.488E+00  3.223E+00  2.981E+00  2.748E+00  2.515E+00  2.300E+00  2.096E+00  1.906E+00  1.731E+00  1.567E+00  1.411E+00  1.263E+00  1.132E+00  1.016E+00  9.053E-01  8.038E-01  7.105E-01  6.283E-01  5.480E-01  4.834E-01  4.206E-01  3.670E-01  3.160E-01  2.758E-01  2.385E-01  2.051E-01  1.748E-01  1.506E-01  1.283E-01  1.088E-01  9.248E-02  7.702E-02  6.641E-02  5.486E-02  4.592E-02  3.917E-02  3.298E-02  2.683E-02  2.305E-02  1.918E-02  1.542E-02  1.276E-02  1.088E-02  9.046E-03  7.230E-03  6.036E-03  4.842E-03  3.886E-03  3.361E-03  2.624E-03  2.167E-03  1.895E-03  1.345E-03  1.176E-03  9.966E-04  8.133E-04  5.380E-04  4.694E-04  3.837E-04  3.107E-04  2.566E-04  1.482E-04  1.489E-04  1.209E-04  1.323E-04  5.855E-05  2.646E-05  4.196E-05  2.649E-05  3.675E-05  1.040E-05  0.000E+00  Z
 0.000E+00  0.000E+00  0.000E+00  0.000E+00  0.000E+00  0.000E+00  0.000E+00  0.000E+00  0.000E+00  0.000E+00  0.000E+00  2.409E-05  0.000E+00  6.678E-05  1.288E-04  1.245E-04  1.610E-04  2.925E-04  2.858E-04  2.590E-04  6.679E-04  8.087E-04  8.799E-04  1.230E-03  1.863E-03  1.460E-03  2.145E-03  2.895E-03  3.644E-03  4.548E-03  5.268E-03  6.023E-03  7.005E-03  8.017E-03  1.007E-02  1.194E-02  1.367E-02  1.677E-02  1.922E-02  2.220E-02  2.618E-02  2.845E-02  3.378E-02  3.963E-02  4.506E-02  5.224E-02  6.039E-02  6.917E-02  7.704E-02  9.019E-02  1.031E-01  1.135E-01  1.287E-01  1.460E-01  1.651E-01  1.843E-01  2.055E-01  2.296E-01  2.525E-01  2.812E-01  3.119E-01  3.393E-01  3.734E-01  4.094E-01  4.501E-01  4.848E-01  5.262E-01  5.743E-01  6.309E-01  6.754E-01  7.289E-01  7.911E-01  8.456E-01  9.140E-01  9.725E-01  1.044E+00  1.120E+00  1.189E+00  1.270E+00  1.348E+00  1.434E+00  1.519E+00  1.612E+00  1.708E+00  1.807E+00  1.902E+00  2.013E+00  2.125E+00  2.240E+00  2.363E+00  2.483E+00  2.603E+00  2.731E+00  2.863E+00  3.001E+00  3.149E+00  3.295E+00  3.442E+00  3.595E+00  3.754E+00  3.920E+00  4.078E+00  4.244E+00  4.418E+00  4.612E+00  4.791E+00  4.982E+00  5.160E+00  5.367E+00  5.555E+00  5.764E+00  5.969E+00  6.164E+00  6.389E+00  6.590E+00  6.801E+00  7.001E+00  7.223E+00  7.434E+00  7.653E+00  7.878E+00  8.084E+00  8.288E+00  8.519E+00  8.746E+00  8.949E+00  9.142E+00  9.362E+00  9.548E+00  9.746E+00  9.939E+00  1.012E+01  1.032E+01  1.049E+01  1.065E+01  1.082E+01  1.096E+01  1.113E+01  1.125E+01  1.137E+01  1.147E+01  1.156E+01  1.166E+01  1.174E+01  1.178E+01  1.184E+01  1.189E+01  1.189E+01  1.188E+01  1.187E+01  1.182E+01  1.175E+01  1.171E+01  1.160E+01  1.149E+01  1.136E+01  1.120E+01  1.103E+01  1.084E+01  1.064E+01  1.038E+01  1.015E+01  9.888E+00  9.606E+00  9.315E+00  9.001E+00  8.672E+00  8.368E+00  8.036E+00  7.679E+00  7.344E+00  6.999E+00  6.651E+00  6.300E+00  5.953E+00  5.610E+00  5.290E+00  4.941E+00  4.615E+00  4.309E+00  3.996E+00  3.714E+00  3.429E+00  3.165E+00  2.905E+00  2.665E+00  2.429E+00  2.218E+00  2.010E+00  1.821E+00  1.649E+00  1.479E+00  1.330E+00  1.189E+00  1.061E+00  9.423E-01  8.388E-01  7.402E-01  6.504E-01  5.719E-01  4.978E-01  4.358E-01  3.801E-01  3.294E-01  2.840E-01  2.466E-01  2.122E-01  1.807E-01  1.556E-01  1.331E-01  1.129E-01  9.492E-02  8.127E-02  6.743E-02  5.761E-02  4.837E-02  4.038E-02  3.383E-02  2.808E-02  2.365E-02  1.953E-02  1.582E-02  1.362E-02  1.038E-02  9.465E-03  7.341E-03  6.259E-03  4.906E-03  4.198E-03  3.324E-03  2.546E-03  2.305E-03  1.953E-03  1.518E-03  1.204E-03  1.012E-03  7.734E-04  6.155E-04  4.575E-04  3.453E-04  3.752E-04  2.235E-04  1.962E-04  1.256E-04  1.570E-04  1.249E-04  5.188E-05  5.235E-05  1.918E-04  Z
 0.000E+00  0.000E+00  0.000E+00  0.000E+00  0.000E+00  0.000E+00  0.000E+00  0.000E+00  0.000E+00  5.318E-05  0.000E+00  2.429E-05  2.300E-05  4.441E-05  6.475E-05  8.332E-05  2.208E-04  1.170E-04  3.031E-04  4.437E-04  4.691E-04  6.517E-04  9.474E-04  1.298E-03  1.386E-03  2.008E-03  2.268E-03  2.696E-03  3.368E-03  3.508E-03  5.306E-03  5.271E-03  7.364E-03  8.432E-03  9.237E-03  1.133E-02  1.364E-02  1.541E-02  1.840E-02  2.114E-02  2.369E-02  2.746E-02  3.240E-02  3.804E-02  4.417E-02  5.034E-02  5.834E-02  6.651E-02  7.593E-02  8.519E-02  9.754E-02  1.108E-01  1.243E-01  1.435E-01  1.583E-01  1.761E-01  1.987E-01  2.205E-01  2.463E-01  2.715E-01  2.990E-01  3.310E-01  3.636E-01  3.983E-01  4.401E-01  4.756E-01  5.204E-01  5.629E-01  6.096E-01  6.575E-01  7.150E-01  7.701E-01  8.291E-01  8.913E-01  9.587E-01  1.027E+00  1.088E+00  1.171E+00  1.246E+00  1.324E+00  1.408E+00  1.491E+00  1.591E+00  1.676E+00  1.781E+00  1.883E+00  1.998E+00  2.095E+00  2.213E+00  2.328E+00  2.463E+00  2.575E+00  2.712E+00  2.847E+00  2.981E+00  3.128E+00  3.280E+00  3.426E+00  3.581E+00  3.744E+00  3.914E+00  4.080E+00  4.257E+00  4.439E+00  4.626E+00  4.804E+00  4.995E+00  5.192E+00  5.398E+00  5.600E+00  5.797E+00  6.020E+00  6.221E+00  6.456E+00  6.655E+00  6.879E+00  7.109E+00  7.331E+00  7.559E+00  7.805E+00  8.021E+00  8.240E+00  8.493E+00  8.712E+00  8.951E+00  9.189E+00  9.414E+00  9.648E+00  9.863E+00  1.007E+01  1.029E+01  1.050E+01  1.073E+01  1.092E+01  1.112E+01  1.129E+01  1.149E+01  1.166E+01  1.183E+01  1.198E+01  1.214E+01  1.225E+01  1.241E+01  1.251E+01  1.260E+01  1.268E+01  1.277E+01  1.281E+01  1.285E+01  1.287E+01  1.288E+01  1.285E+01  1.284E+01  1.278E+01  1.272E+01  1.263E+01  1.253E+01  1.239E+01  1.223E+01  1.208E+01  1.190E+01  1.169E+01  1.146E+01  1.122E+01  1.093E+01  1.065E+01  1.035E+01  1.004E+01  9.730E+00  9.393E+00  9.037E+00  8.667E+00  8.299E+00  7.936E+00  7.561E+00  7.180E+00  6.815E+00  6.446E+00  6.083E+00  5.705E+00  5.348E+00  5.005E+00  4.666E+00  4.346E+00  4.025E+00  3.724E+00  3.437E+00  3.157E+00  2.893E+00  2.642E+00  2.417E+00  2.196E+00  1.983E+00  1.794E+00  1.618E+00  1.457E+00  1.296E+00  1.160E+00  1.030E+00  9.178E-01  8.103E-01  7.137E-01  6.290E-01  5.466E-01  4.789E-01  4.184E-01  3.650E-01  3.154E-01  2.716E-01  2.334E-01  2.007E-01  1.723E-01  1.466E-01  1.239E-01  1.066E-01  8.881E-02  7.535E-02  6.490E-02  5.462E-02  4.477E-02  3.806E-02  3.217E-02  2.671E-02  2.159E-02  1.824E-02  1.497E-02  1.242E-02  1.036E-02  8.760E-03  7.045E-03  5.513E-03  4.442E-03  4.004E-03  3.120E-03  2.608E-03  1.990E-03  1.733E-03  1.476E-03  9.878E-04  8.078E-04  7.647E-04  4.793E-04  3.313E-04  3.019E-04  3.305E-04  2.500E-04  2.036E-04  1.465E-04  4.003E-04  Z
 0.000E+00  0.000E+00  0.000E+00  0.000E+00  0.000E+00  0.000E+00  0.000E+00  0.000E+00  0.000E+00  0.000E+00  0.000E+00  0.000E+00  6.936E-05  4.464E-05  2.123E-05  6.266E-05  1.205E-04  2.332E-04  3.050E-04  4.448E-04  5.775E-04  7.049E-04  7.566E-04  1.094E-03  1.503E-03  1.798E-03  1.968E-03  2.647E-03  3.459E-03  4.256E-03  4.629E-03  5.452E-03  6.035E-03  7.078E-03  8.910E-03  1.018E-02  1.345E-02  1.429E-02  1.668E-02  2.003E-02  2.286E-02  2.717E-02  3.161E-02  3.614E-02  4.095E-02  4.757E-02  5.536E-02  6.336E-02  7.216E-02  8.251E-02  9.655E-02  1.055E-01  1.195E-01  1.373E-01  1.541E-01  1.693E-01  1.926E-01  2.114E-01  2.354E-01  2.600E-01  2.862E-01  3.208E-01  3.484E-01  3.811E-01  4.231E-01  4.611E-01  5.015E-01  5.415E-01  5.901E-01  6.394E-01  6.938E-01  7.496E-01  8.093E-01  8.654E-01  9.265E-01  9.953E-01  1.071E+00  1.138E+00  1.221E+00  1.298E+00  1.378E+00  1.468E+00  1.554E+00  1.654E+00  1.748E+00  1.856E+00  1.958E+00  2.068E+00  2.180E+00  2.302E+00  2.426E+00  2.565E+00  2.683E+00  2.819E+00  2.966E+00  3.101E+00  3.265E+00  3.413E+00  3.569E+00  3.731E+00  3.901E+00  4.077E+00  4.263E+00  4.443E+00  4.628E+00  4.828E+00  5.026E+00  5.218E+00  5.430E+00  5.642E+00  5.859E+00  6.081E+00  6.304E+00  6.529E+00  6.774E+00  7.018E+00  7.249E+00  7.489E+00  7.736E+00  7.989E+00  8.227E+00  8.489E+00  8.746E+00  8.992E+00  9.243E+00  9.504E+00  9.757E+00  1.000E+01  1.026E+01  1.052E+01  1.077E+01  1.102E+01  1.125E+01  1.149E+01  1.173E+01  1.196E+01  1.218E+01  1.239E+01  1.261E+01  1.281E+01  1.300E+01  1.318E+01  1.336E+01  1.354E+01  1.366E+01  1.381E+01  1.394E+01  1.403E+01  1.416E+01  1.422E+01  1.429E+01  1.435E+01  1.437E+01  1.440E+01  1.440E+01  1.437E+01  1.431E+01  1.426E+01  1.417E+01  1.408E+01  1.394E+01  1.381E+01  1.365E+01  1.345E+01  1.324E+01  1.302E+01  1.276E+01  1.249E+01  1.219E+01  1.188E+01  1.154E+01  1.120E+01  1.084E+01  1.048E+01  1.010E+01  9.696E+00  9.304E+00  8.902E+00  8.483E+00  8.060E+00  7.664E+00  7.248E+00  6.832E+00  6.439E+00  6.045E+00  5.662E+00  5.290E+00  4.924E+00  4.565E+00  4.236E+00  3.902E+00  3.593E+00  3.301E+00  3.023E+00  2.759E+00  2.513E+00  2.277E+00  2.061E+00  1.861E+00  1.670E+00  1.501E+00  1.337E+00  1.202E+00  1.058E+00  9.432E-01  8.308E-01  7.322E-01  6.426E-01  5.619E-01  4.933E-01  4.256E-01  3.708E-01  3.196E-01  2.758E-01  2.371E-01  2.049E-01  1.718E-01  1.468E-01  1.261E-01  1.061E-01  9.006E-02  7.708E-02  6.466E-02  5.445E-02  4.487E-02  3.782E-02  3.271E-02  2.577E-02  2.192E-02  1.810E-02  1.479E-02  1.255E-02  1.011E-02  8.461E-03  6.915E-03  5.692E-03  4.775E-03  3.815E-03  3.207E-03  2.550E-03  2.047E-03  1.792E-03  1.509E-03  1.003E-03  7.135E-04  6.412E-04  6.316E-04  3.815E-04  1.237E-03  Z
 0.000E+00  0.000E+00  0.000E+00  0.000E+00  0.000E+00  0.000E+00  0.000E+00  0.000E+00  0.000E+00  0.000E+00  0.000E+00  7.209E-05  0.000E+00  6.685E-05  6.449E-05  1.246E-04  1.806E-04  1.759E-04  3.608E-04  4.252E-04  4.527E-04  4.780E-04  7.225E-04  1.144E-03  1.238E-03  1.684E-03  2.303E-03  2.383E-03  2.742E-03  3.297E-03  4.948E-03  4.982E-03  5.964E-03  8.003E-03  8.647E-03  1.030E-02  1.202E-02  1.437E-02  1.643E-02  1.908E-02  2.151E-02  2.522E-02  2.991E-02  3.432E-02  4.047E-02  4.700E-02  5.308E-02  6.284E-02  6.890E-02  7.950E-02  9.199E-02  1.027E-01  1.169E-01  1.307E-01  1.488E-01  1.662E-01  1.839E-01  2.059E-01  2.278E-01  2.551E-01  2.839E-01  3.106E-01  3.446E-01  3.762E-01  4.128E-01  4.535E-01  4.906E-01  5.328E-01  5.835E-01  6.252E-01  6.775E-01  7.358E-01  7.937E-01  8.510E-01  9.182E-01  9.804E-01  1.052E+00  1.125E+00  1.198E+00  1.272E+00  1.362E+00  1.450E+00  1.543E+00  1.621E+00  1.727E+00  1.837E+00  1.934E+00  2.051E+00  2.155E+00  2.281E+00  2.405E+00  2.524E+00  2.665E+00  2.813E+00  2.943E+00  3.092E+00  3.242E+00  3.398E+00  3.551E+00  3.720E+00  3.894E+00  4.072E+00  4.248E+00  4.448E+00  4.634E+00  4.837E+00  5.035E+00  5.229E+00  5.440E+00  5.669E+00  5.896E+00  6.120E+00  6.354E+00  6.601E+00  6.835E+00  7.083E+00  7.339E+00  7.577E+00  7.843E+00  8.101E+00  8.380E+00  8.625E+00  8.889E+00  9.159E+00  9.431E+00  9.700E+00  9.999E+00  1.026E+01  1.054E+01  1.081E+01  1.107E+01  1.134E+01  1.161E+01  1.189E+01  1.216E+01  1.240E+01  1.266E+01  1.292E+01  1.315E+01  1.339E+01  1.360E+01  1.383E+01  1.402E+01  1.421E+01  1.440E+01  1.457E+01  1.476E+01  1.488E+01  1.504E+01  1.515E+01  1.527E+01  1.536E+01  1.544E+01  1.549E+01  1.551E+01  1.556E+01  1.554E+01  1.554E+01  1.552E+01  1.544E+01  1.539E+01  1.529E+01  1.516E+01  1.502E+01  1.487E+01  1.468E+01  1.447E+01  1.424E+01  1.401E+01  1.370E+01  1.341E+01  1.310E+01  1.278E+01  1.240E+01  1.205E+01  1.166E+01  1.126E+01  1.085E+01  1.042E+01  9.977E+00  9.563E+00  9.114E+00  8.683E+00  8.237E+00  7.793E+00  7.367E+00  6.931E+00  6.518E+00  6.090E+00  5.681E+00  5.302E+00  4.913E+00  4.560E+00  4.216E+00  3.887E+00  3.558E+00  3.265E+00  2.983E+00  2.706E+00  2.461E+00  2.235E+00  2.010E+00  1.813E+00  1.621E+00  1.450E+00  1.295E+00  1.152E+00  1.019E+00  9.000E-01  7.929E-01  7.002E-01  6.074E-01  5.299E-01  4.637E-01  4.033E-01  3.518E-01  3.010E-01  2.580E-01  2.203E-01  1.924E-01  1.616E-01  1.390E-01  1.177E-01  9.972E-02  8.352E-02  7.278E-02  5.980E-02  4.991E-02  4.232E-02  3.430E-02  2.876E-02  2.455E-02  2.067E-02  1.677E-02  1.394E-02  1.111E-02  9.479E-03  8.253E-03  6.189E-03  5.033E-03  4.159E-03  3.350E-03  2.786E-03  2.349E-03  1.777E-03  1.585E-03  1.112E-03  9.719E-04  2.925E-03  Z
 0.000E+00  0.000E+00  0.000E+00  0.000E+00  0.000E+00  0.000E+00  0.000E+00  0.000E+00  0.000E+00  0.000E+00  0.000E+00  2.427E-05  0.000E+00  2.235E-05  1.075E-04  8.295E-05  2.008E-04  1.753E-04  3.033E-04  4.257E-04  4.510E-04  5.300E-04  7.406E-04  9.438E-04  1.305E-03  1.324E-03  2.159E-03  2.398E-03  2.679E-03  3.371E-03  4.216E-03  5.052E-03  5.906E-03  6.512E-03  8.297E-03  9.802E-03  1.158E-02  1.325E-02  1.556E-02  1.785E-02  2.078E-02  2.503E-02  3.035E-02  3.305E-02  3.782E-02  4.534E-02  5.130E-02  5.867E-02  6.725E-02  7.498E-02  8.770E-02  9.799E-02  1.101E-01  1.262E-01  1.435E-01  1.584E-01  1.771E-01  1.963E-01  2.220E-01  2.469E-01  2.713E-01  3.006E-01  3.320E-01  3.665E-01  3.972E-01  4.330E-01  4.754E-01  5.180E-01  5.690E-01  6.086E-01  6.629E-01  7.075E-01  7.695E-01  8.315E-01  8.882E-01  9.553E-01  1.025E+00  1.095E+00  1.174E+00  1.250E+00  1.334E+00  1.422E+00  1.510E+00  1.601E+00  1.707E+00  1.801E+00  1.907E+00  2.024E+00  2.140E+00  2.254E+00  2.363E+00  2.506E+00  2.628E+00  2.770E+00  2.917E+00  3.064E+00  3.214E+00  3.370E+00  3.544E+00  3.708E+00  3.874E+00  4.063E+00  4.238E+00  4.429E+00  4.630E+00  4.842E+00  5.037E+00  5.257E+00  5.460E+00  5.707E+00  5.933E+00  6.165E+00  6.409E+00  6.656E+00  6.912E+00  7.165E+00  7.436E+00  7.700E+00  7.980E+00  8.236E+00  8.520E+00  8.812E+00  9.109E+00  9.415E+00  9.685E+00  9.980E+00  1.027E+01  1.059E+01  1.087E+01  1.119E+01  1.150E+01  1.180E+01  1.209E+01  1.240E+01  1.267E+01  1.299E+01  1.328E+01  1.355E+01  1.383E+01  1.411E+01  1.438E+01  1.464E+01  1.491E+01  1.514E+01  1.539E+01  1.561E+01  1.582E+01  1.603E+01  1.623E+01  1.641E+01  1.658E+01  1.673E+01  1.688E+01  1.699E+01  1.710E+01  1.718E+01  1.724E+01  1.729E+01  1.732E+01  1.734E+01  1.733E+01  1.730E+01  1.724E+01  1.718E+01  1.709E+01  1.697E+01  1.682E+01  1.665E+01  1.648E+01  1.626E+01  1.600E+01  1.578E+01  1.548E+01  1.516E+01  1.484E+01  1.449E+01  1.413E+01  1.372E+01  1.332E+01  1.290E+01  1.247E+01  1.201E+01  1.156E+01  1.109E+01  1.062E+01  1.014E+01  9.646E+00  9.157E+00  8.683E+00  8.218E+00  7.718E+00  7.262E+00  6.814E+00  6.359E+00  5.937E+00  5.515E+00  5.125E+00  4.737E+00  4.361E+00  4.005E+00  3.680E+00  3.355E+00  3.062E+00  2.784E+00  2.522E+00  2.276E+00  2.050E+00  1.843E+00  1.653E+00  1.478E+00  1.313E+00  1.163E+00  1.030E+00  9.104E-01  8.016E-01  7.037E-01  6.113E-01  5.320E-01  4.641E-01  4.034E-01  3.476E-01  3.008E-01  2.575E-01  2.214E-01  1.897E-01  1.597E-01  1.365E-01  1.163E-01  9.779E-02  8.323E-02  7.041E-02  5.864E-02  4.908E-02  4.205E-02  3.450E-02  2.930E-02  2.401E-02  1.968E-02  1.665E-02  1.364E-02  1.134E-02  8.900E-03  7.716E-03  6.213E-03  4.923E-03  4.132E-03  3.409E-03  2.900E-03  8.502E-03  Z
 0.000E+00  0.000E+00  0.000E+00  0.000E+00  0.000E+00  0.000E+00  0.000E+00  0.000E+00  0.000E+00  0.000E+00  2.514E-05  0.000E+00  0.000E+00  4.416E-05  8.597E-05  6.247E-05  2.003E-05  1.368E-04  1.527E-04  4.258E-04  4.335E-04  5.820E-04  4.991E-04  9.279E-04  1.320E-03  1.553E-03  1.683E-03  2.028E-03  2.525E-03  3.250E-03  3.771E-03  4.627E-03  5.299E-03  6.464E-03  7.680E-03  9.208E-03  9.928E-03  1.248E-02  1.444E-02  1.735E-02  1.957E-02  2.386E-02  2.737E-02  3.261E-02  3.772E-02  4.079E-02  4.859E-02  5.452E-02  6.378E-02  7.328E-02  8.219E-02  9.289E-02  1.060E-01  1.207E-01  1.348E-01  1.498E-01  1.675E-01  1.900E-01  2.089E-01  2.345E-01  2.627E-01  2.908E-01  3.161E-01  3.488E-01  3.850E-01  4.186E-01  4.590E-01  4.978E-01  5.434E-01  5.904E-01  6.433E-01  6.912E-01  7.472E-01  8.034E-01  8.613E-01  9.285E-01  9.966E-01  1.067E+00  1.145E+00  1.219E+00  1.306E+00  1.382E+00  1.466E+00  1.564E+00  1.666E+00  1.769E+00  1.869E+00  1.987E+00  2.094E+00  2.216E+00  2.341E+00  2.456E+00  2.606E+00  2.738E+00  2.878E+00  3.027E+00  3.184E+00  3.347E+00  3.507E+00  3.692E+00  3.858E+00  4.038E+00  4.240E+00  4.431E+00  4.631E+00  4.847E+00  5.060E+00  5.275E+00  5.501E+00  5.743E+00  5.977E+00  6.223E+00  6.478E+00  6.735E+00  7.000E+00  7.267E+00  7.556E+00  7.829E+00  8.133E+00  8.429E+00  8.736E+00  9.041E+00  9.359E+00  9.662E+00  9.987E+00  1.029E+01  1.065E+01  1.097E+01  1.131E+01  1.164E+01  1.196E+01  1.231E+01  1.266E+01  1.300E+01  1.335E+01  1.367E+01  1.401E+01  1.433E+01  1.469E+01  1.500E+01  1.532E+01  1.565E+01  1.598E+01  1.627E+01  1.656E+01  1.686E+01  1.714E+01  1.741E+01  1.770E+01  1.796E+01  1.819E+01  1.841E+01  1.862E+01  1.886E+01  1.902E+01  1.918E+01  1.936E+01  1.949E+01  1.958E+01  1.968E+01  1.977E+01  1.983E+01  1.986E+01  1.987E+01  1.986E+01  1.982E+01  1.978E+01  1.969E+01  1.958E+01  1.947E+01  1.931E+01  1.914E+01  1.893E+01  1.873E+01  1.845E+01  1.819E+01  1.788E+01  1.757E+01  1.721E+01  1.683E+01  1.645E+01  1.602E+01  1.557E+01  1.513E+01  1.464E+01  1.416E+01  1.366E+01  1.313E+01  1.260E+01  1.208E+01  1.156E+01  1.100E+01  1.045E+01  9.911E+00  9.371E+00  8.843E+00  8.314E+00  7.807E+00  7.303E+00  6.821E+00  6.346E+00  5.888E+00  5.447E+00  5.024E+00  4.632E+00  4.250E+00  3.883E+00  3.553E+00  3.233E+00  2.927E+00  2.646E+00  2.399E+00  2.149E+00  1.931E+00  1.720E+00  1.542E+00  1.366E+00  1.213E+00  1.070E+00  9.418E-01  8.289E-01  7.260E-01  6.320E-01  5.508E-01  4.762E-01  4.150E-01  3.584E-01  3.081E-01  2.679E-01  2.278E-01  1.958E-01  1.652E-01  1.412E-01  1.193E-01  1.001E-01  8.560E-02  7.108E-02  5.974E-02  5.031E-02  4.247E-02  3.544E-02  2.939E-02  2.469E-02  2.045E-02  1.682E-02  1.421E-02  1.159E-02  9.392E-03  3.021E-02  Z
