nu_m
 0.000E+00  0.000E+00  0.000E+00  0.000E+00  0.000E+00  0.000E+00  0.000E+00  0.000E+00  0.000E+00  0.000E+00  0.000E+00  0.000E+00  0.000E+00  0.000E+00  0.000E+00  0.000E+00  0.000E+00  0.000E+00  0.000E+00  0.000E+00  0.000E+00  0.000E+00  0.000E+00  0.000E+00  0.000E+00  0.000E+00  0.000E+00  0.000E+00  0.000E+00  0.000E+00  0.000E+00  0.000E+00  0.000E+00  0.000E+00  0.000E+00  0.000E+00  0.000E+00  0.000E+00  0.000E+00  0.000E+00  0.000E+00  0.000E+00  0.000E+00  0.000E+00  0.000E+00  0.000E+00  0.000E+00  0.000E+00  0.000E+00  0.000E+00  0.000E+00  0.000E+00  0.000E+00  0.000E+00  0.000E+00  0.000E+00  0.000E+00  0.000E+00  0.000E+00  0.000E+00  0.000E+00  0.000E+00  0.000E+00  0.000E+00  0.000E+00  0.000E+00  0.000E+00  0.000E+00  0.000E+00  0.000E+00  0.000E+00  0.000E+00  0.000E+00  0.000E+00  0.000E+00  0.000E+00  0.000E+00  0.000E+00  0.000E+00  0.000E+00  0.000E+00  0.000E+00  0.000E+00  0.000E+00  0.000E+00  0.000E+00  0.000E+00  0.000E+00  0.000E+00  0.000E+00  0.000E+00  0.000E+00  0.000E+00  0.000E+00  0.000E+00  0.000E+00  0.000E+00  0.000E+00  0.000E+00  0.000E+00  0.000E+00  0.000E+00  0.000E+00  0.000E+00  0.000E+00  0.000E+00  0.000E+00  0.000E+00  0.000E+00  0.000E+00  0.000E+00  0.000E+00  0.000E+00  0.000E+00  0.000E+00  0.000E+00  0.000E+00  0.000E+00  0.000E+00  0.000E+00  0.000E+00  0.000E+00  0.000E+00  0.000E+00  0.000E+00  0.000E+00  0.000E+00  0.000E+00  0.000E+00  0.000E+00  0.000E+00  0.000E+00  0.000E+00  0.000E+00  0.000E+00  0.000E+00  0.000E+00  0.000E+00  0.000E+00  0.000E+00  0.000E+00  0.000E+00  0.000E+00  0.000E+00  0.000E+00  0.000E+00  0.000E+00  0.000E+00  0.000E+00  0.000E+00  0.000E+00  0.000E+00  0.000E+00  0.000E+00  0.000E+00  0.000E+00  0.000E+00  0.000E+00  0.000E+00  0.000E+00  0.000E+00  0.000E+00  0.000E+00  0.000E+00  0.000E+00  0.000E+00  0.000E+00  0.000E+00  0.000E+00  0.000E+00  0.000E+00  0.000E+00  0.000E+00  0.000E+00  0.000E+00  0.000E+00  0.000E+00  0.000E+00  0.000E+00  0.000E+00  0.000E+00  0.000E+00  0.000E+00  0.000E+00  0.000E+00  0.000E+00  0.000E+00  0.000E+00  0.000E+00  0.000E+00  0.000E+00  0.000E+00  0.000E+00  0.000E+00  0.000E+00  0.000E+00  0.000E+00  0.000E+00  0.000E+00  0.000E+00  0.000E+00  0.000E+00  0.000E+00  0.000E+00  0.000E+00  0.000E+00  0.000E+00  0.000E+00  0.000E+00  0.000E+00  0.000E+00  0.000E+00  0.000E+00  0.000E+00  0.000E+00  0.000E+00  0.000E+00  0.000E+00  0.000E+00  0.000E+00  0.000E+00  0.000E+00  0.000E+00  0.000E+00  0.000E+00  0.000E+00  0.000E+00  0.000E+00  0.000E+00  0.000E+00  0.000E+00  0.000E+00  0.000E+00  0.000E+00  0.000E+00  0.000E+00  0.000E+00  0.000E+00  0.000E+00  0.000E+00  0.000E+00  0.000E+00  0.000E+00  0.000E+00  0.000E+00  0.000E+00  0.000E+00  0.000E+00  0.000E+00  Z
 0.000E+00  0.000E+00  0.000E+00  0.000E+00  0.000E+00  0.000E+00  0.000E+00  0.000E+00  0.000E+00  0.000E+00  0.000E+00  0.000E+00  0.000E+00  0.000E+00  0.000E+00  0.000E+00  0.000E+00  0.000E+00  0.000E+00  0.000E+00  0.000E+00  0.000E+00  0.000E+00  0.000E+00  0.000E+00  0.000E+00  0.000E+00  0.000E+00  5.447E-04  1.300E-02  4.526E-02  9.741E-02  1.657E-01  2.446E-01  3.278E-01  4.002E-01  4.653E-01  5.283E-01  5.794E-01  6.259E-01  6.678E-01  7.014E-01  7.261E-01  7.515E-01  7.608E-01  7.531E-01  7.162E-01  6.624E-01  6.130E-01  5.540E-01  2.065E+00  4.592E+00  4.385E+00  4.170E+00  9.935E-01  3.026E-01  2.687E-01  2.395E-01  2.140E-01  1.870E-01  1.651E-01  1.440E-01  1.307E-01  1.135E-01  1.004E-01  8.770E-02  7.478E-02  6.748E-02  5.907E-02  4.921E-02  4.351E-02  3.748E-02  3.294E-02  2.912E-02  2.273E-02  2.066E-02  1.767E-02  1.507E-02  1.364E-02  1.111E-02  9.335E-03  8.242E-03  6.804E-03  5.578E-03  5.053E-03  4.318E-03  3.731E-03  3.055E-03  2.627E-03  2.094E-03  1.853E-03  1.354E-03  1.166E-03  1.209E-03  8.574E-04  7.288E-04  5.349E-04  5.375E-04  4.262E-04  2.790E-04  2.779E-04  2.981E-04  2.585E-04  1.533E-04  1.274E-04  8.766E-05  9.468E-05  5.582E-05  6.263E-05  8.575E-05  2.349E-05  1.532E-05  3.061E-05  1.528E-05  2.261E-05  3.065E-05  3.057E-05  0.000E+00  Z
 0.000E+00  0.000E+00  0.000E+00  0.000E+00  0.000E+00  0.000E+00  1.913E-04  7.741E-04  2.634E-03  5.592E-03  9.456E-03  1.393E-02  1.934E-02  2.751E-02  3.539E-02  4.580E-02  5.649E-02  7.009E-02  8.161E-02  9.567E-02  1.127E-01  1.253E-01  1.403E-01  1.611E-01  1.788E-01  1.985E-01  2.188E-01  2.326E-01  2.560E-01  2.690E-01  2.855E-01  2.992E-01  3.109E-01  3.211E-01  3.359E-01  3.351E-01  4.759E-01  9.914E-01  9.682E-01  9.447E-01  9.271E-01  9.040E-01  8.777E-01  8.517E-01  8.282E-01  8.058E-01  7.725E-01  7.500E-01  7.268E-01  7.033E-01  6.712E-01  6.508E-01  6.276E-01  6.125E-01  5.848E-01  5.641E-01  5.342E-01  5.152E-01  4.972E-01  4.715E-01  4.509E-01  4.316E-01  4.118E-01  3.953E-01  3.789E-01  3.616E-01  3.424E-01  3.266E-01  3.108E-01  2.933E-01  2.842E-01  2.698E-01  2.542E-01  2.457E-01  2.310E-01  2.178E-01  2.080E-01  1.970E-01  1.863E-01  1.768E-01  1.689E-01  1.563E-01  1.471E-01  1.394E-01  1.275E-01  1.196E-01  1.111E-01  9.930E-02  9.205E-02  8.442E-02  7.659E-02  7.009E-02  6.429E-02  5.361E-02  1.503E-02  1.321E-02  1.105E-02  9.366E-03  8.184E-03  6.249E-03  5.685E-03  4.668E-03  4.065E-03  3.403E-03  2.827E-03  2.490E-03  2.024E-03  1.532E-03  1.350E-03  1.040E-03  8.965E-04  6.516E-04  4.852E-04  4.674E-04  5.073E-04  4.659E-04  2.656E-04  2.868E-04  2.690E-04  1.572E-04  1.180E-04  8.921E-05  8.137E-05  5.847E-05  6.618E-05  5.852E-05  5.125E-05  2.886E-05  3.605E-05  2.908E-05  7.333E-06  1.404E-05  0.000E+00  Z
 0.000E+00  0.000E+00  0.000E+00  0.000E+00  3.849E-04  1.114E-03  1.891E-03  2.477E-03  5.438E-03  7.477E-03  1.059E-02  1.441E-02  1.799E-02  2.268E-02  2.934E-02  3.561E-02  4.204E-02  5.037E-02  5.747E-02  6.914E-02  7.865E-02  8.909E-02  1.002E-01  1.129E-01  1.251E-01  1.363E-01  1.539E-01  2.217E-01  3.377E-01  3.478E-01  3.533E-01  3.664E-01  3.709E-01  3.764E-01  3.816E-01  4.837E-01  7.347E-01  6.219E-01  6.380E-01  6.546E-01  6.685E-01  6.780E-01  6.976E-01  7.033E-01  7.070E-01  7.183E-01  7.124E-01  7.184E-01  7.157E-01  7.114E-01  7.110E-01  7.153E-01  7.163E-01  7.185E-01  7.328E-01  7.503E-01  7.562E-01  7.468E-01  7.403E-01  7.304E-01  7.226E-01  7.062E-01  6.947E-01  6.821E-01  6.629E-01  6.499E-01  6.330E-01  6.147E-01  5.978E-01  5.813E-01  5.645E-01  5.432E-01  5.193E-01  5.029E-01  4.833E-01  4.616E-01  4.400E-01  4.180E-01  3.961E-01  3.741E-01  3.526E-01  3.296E-01  3.066E-01  2.872E-01  2.701E-01  2.490E-01  2.309E-01  2.119E-01  1.955E-01  1.822E-01  1.656E-01  1.518E-01  1.373E-01  1.252E-01  1.130E-01  1.019E-01  9.091E-02  8.264E-02  6.971E-02  6.226E-02  5.475E-02  4.775E-02  4.269E-02  3.792E-02  3.306E-02  2.820E-02  2.511E-02  2.245E-02  1.885E-02  1.579E-02  1.382E-02  4.988E-03  4.314E-03  3.415E-03  3.099E-03  2.907E-03  2.051E-03  1.615E-03  1.413E-03  1.159E-03  9.851E-04  8.979E-04  6.649E-04  6.760E-04  3.591E-04  3.298E-04  2.914E-04  2.696E-04  1.738E-04  1.662E-04  1.709E-04  1.436E-04  9.165E-05  7.830E-05  9.239E-05  4.181E-05  3.510E-05  1.394E-05  3.455E-05  2.074E-05  2.058E-05  3.470E-05  0.000E+00  Z
 0.000E+00  0.000E+00  0.000E+00  0.000E+00  4.235E-04  1.185E-03  1.700E-03  3.879E-03  5.347E-03  7.180E-03  1.097E-02  1.374E-02  1.908E-02  2.204E-02  2.897E-02  3.399E-02  4.093E-02  9.618E-02  1.103E-01  1.183E-01  1.252E-01  1.362E-01  1.444E-01  1.518E-01  1.666E-01  1.790E-01  1.890E-01  2.009E-01  2.157E-01  2.250E-01  2.393E-01  2.538E-01  2.682E-01  2.786E-01  2.913E-01  4.394E-01  6.236E-01  6.294E-01  6.439E-01  6.551E-01  6.700E-01  6.782E-01  6.824E-01  6.962E-01  7.023E-01  7.183E-01  7.345E-01  7.406E-01  7.568E-01  7.721E-01  7.846E-01  7.885E-01  7.885E-01  7.739E-01  7.715E-01  7.679E-01  7.617E-01  7.496E-01  7.433E-01  7.324E-01  7.152E-01  7.057E-01  6.895E-01  6.784E-01  6.602E-01  6.437E-01  6.263E-01  6.071E-01  5.868E-01  5.731E-01  5.572E-01  5.364E-01  5.161E-01  4.939E-01  4.723E-01  4.522E-01  4.339E-01  4.197E-01  3.977E-01  3.767E-01  3.584E-01  3.395E-01  3.195E-01  3.018E-01  2.864E-01  2.704E-01  2.526E-01  2.362E-01  2.203E-01  2.047E-01  1.901E-01  1.778E-01  1.649E-01  1.496E-01  1.385E-01  1.277E-01  1.181E-01  1.073E-01  9.720E-02  8.912E-02  8.045E-02  7.047E-02  6.415E-02  5.799E-02  5.144E-02  4.645E-02  4.007E-02  3.452E-02  3.028E-02  2.509E-02  2.215E-02  1.886E-02  1.589E-02  1.322E-02  1.203E-02  1.015E-02  7.304E-03  3.459E-03  2.763E-03  2.335E-03  2.012E-03  1.335E-03  1.380E-03  1.032E-03  7.560E-04  7.390E-04  6.512E-04  4.656E-04  3.614E-04  3.968E-04  2.234E-04  2.140E-04  1.784E-04  9.900E-05  1.478E-04  1.067E-04  1.266E-04  8.422E-05  2.719E-05  3.466E-05  2.038E-05  3.484E-05  2.096E-05  1.338E-05  6.829E-06  6.790E-06  6.849E-06  6.530E-06  1.371E-05  6.607E-06  0.000E+00  Z
 0.000E+00  0.000E+00  0.000E+00  3.943E-04  6.543E-04  1.045E-03  2.402E-03  3.134E-03  4.455E-03  6.789E-03  3.474E-02  4.402E-02  4.335E-02  4.900E-02  5.299E-02  5.672E-02  6.493E-02  7.144E-02  7.811E-02  8.939E-02  1.040E-01  1.144E-01  1.230E-01  1.334E-01  1.497E-01  1.594E-01  1.696E-01  1.807E-01  1.970E-01  2.091E-01  2.243E-01  2.373E-01  2.486E-01  2.599E-01  2.703E-01  4.282E-01  5.271E-01  5.371E-01  5.462E-01  5.684E-01  6.048E-01  6.391E-01  6.564E-01  6.711E-01  6.779E-01  6.944E-01  7.037E-01  7.046E-01  7.203E-01  7.294E-01  7.408E-01  7.425E-01  7.537E-01  7.511E-01  7.579E-01  7.638E-01  7.689E-01  7.682E-01  7.720E-01  7.655E-01  7.691E-01  7.654E-01  7.659E-01  7.584E-01  7.560E-01  7.483E-01  7.340E-01  7.202E-01  7.119E-01  6.928E-01  6.866E-01  6.659E-01  6.617E-01  6.328E-01  6.206E-01  5.980E-01  5.830E-01  5.567E-01  5.415E-01  5.202E-01  4.982E-01  4.832E-01  4.597E-01  4.395E-01  4.186E-01  3.971E-01  3.753E-01  3.603E-01  3.403E-01  3.209E-01  2.991E-01  2.820E-01  2.670E-01  2.464E-01  2.299E-01  2.152E-01  2.009E-01  1.842E-01  1.698E-01  1.569E-01  1.445E-01  1.322E-01  1.234E-01  1.118E-01  1.002E-01  9.042E-02  8.215E-02  7.337E-02  6.563E-02  5.947E-02  5.238E-02  4.516E-02  4.105E-02  3.676E-02  3.318E-02  2.851E-02  2.541E-02  2.138E-02  1.849E-02  1.596E-02  1.338E-02  1.221E-02  1.018E-02  7.813E-03  6.997E-03  6.394E-03  5.044E-03  3.668E-03  2.898E-03  1.284E-03  1.264E-03  1.020E-03  9.024E-04  7.875E-04  5.023E-04  5.115E-04  3.421E-04  2.092E-04  2.238E-04  2.008E-04  1.172E-04  1.440E-04  1.093E-04  5.407E-05  9.475E-05  6.081E-05  7.425E-05  5.424E-05  6.534E-06  1.335E-05  6.689E-06  2.002E-05  1.978E-05  1.307E-05  6.439E-06  6.747E-06  1.991E-05  0.000E+00  Z
 0.000E+00  0.000E+00  0.000E+00  8.742E-05  3.837E-05  1.740E-04  4.170E-04  8.114E-03  1.883E-02  1.853E-02  2.011E-02  2.177E-02  2.692E-02  3.181E-02  3.340E-02  3.621E-02  3.860E-02  4.249E-02  4.723E-02  4.746E-02  5.243E-02  5.729E-02  6.299E-02  7.017E-02  7.594E-02  8.323E-02  9.149E-02  9.697E-02  1.042E-01  1.188E-01  1.262E-01  1.370E-01  1.459E-01  1.587E-01  1.679E-01  2.108E-01  2.384E-01  2.623E-01  2.899E-01  3.138E-01  3.388E-01  3.668E-01  4.001E-01  4.292E-01  4.559E-01  4.814E-01  5.129E-01  5.423E-01  5.736E-01  6.070E-01  6.359E-01  6.652E-01  6.910E-01  7.175E-01  7.507E-01  7.715E-01  7.956E-01  8.221E-01  8.408E-01  8.719E-01  8.907E-01  8.933E-01  9.168E-01  9.369E-01  9.373E-01  9.496E-01  9.580E-01  9.674E-01  9.699E-01  9.681E-01  9.618E-01  9.602E-01  9.533E-01  9.467E-01  9.346E-01  9.257E-01  9.061E-01  8.949E-01  8.811E-01  8.600E-01  8.388E-01  8.135E-01  7.933E-01  7.630E-01  7.408E-01  7.106E-01  6.850E-01  6.575E-01  6.292E-01  5.999E-01  5.740E-01  5.438E-01  5.160E-01  4.880E-01  4.624E-01  4.344E-01  4.077E-01  3.822E-01  3.557E-01  3.347E-01  3.118E-01  2.874E-01  2.675E-01  2.464E-01  2.263E-01  2.104E-01  1.912E-01  1.743E-01  1.575E-01  1.423E-01  1.287E-01  1.144E-01  1.020E-01  9.373E-02  8.281E-02  7.158E-02  6.428E-02  5.682E-02  5.011E-02  4.215E-02  3.641E-02  3.237E-02  2.708E-02  2.366E-02  2.005E-02  1.670E-02  1.470E-02  1.174E-02  1.015E-02  8.425E-03  6.342E-03  5.442E-03  4.849E-03  3.316E-03  2.719E-03  2.175E-03  1.583E-03  1.368E-03  9.851E-04  8.745E-04  5.320E-04  4.405E-04  4.192E-04  2.934E-04  2.049E-04  2.041E-04  1.688E-04  9.405E-05  8.744E-05  1.208E-04  6.680E-05  5.330E-05  3.930E-05  2.638E-05  2.675E-05  2.632E-05  1.290E-05  6.505E-06  0.000E+00  Z
 0.000E+00  0.000E+00  0.000E+00  0.000E+00  0.000E+00  0.000E+00  0.000E+00  2.977E-05  8.380E-05  3.444E-04  5.288E-04  7.948E-04  1.363E-03  1.445E-03  2.255E-03  3.299E-03  3.963E-03  4.941E-03  6.381E-03  7.994E-03  9.316E-03  1.251E-02  1.379E-02  1.782E-02  2.027E-02  2.331E-02  2.748E-02  3.263E-02  3.619E-02  4.221E-02  4.848E-02  5.511E-02  6.316E-02  6.968E-02  8.075E-02  8.935E-02  1.014E-01  1.151E-01  1.267E-01  1.469E-01  1.670E-01  1.858E-01  2.067E-01  2.332E-01  2.611E-01  2.913E-01  3.262E-01  3.620E-01  3.979E-01  4.402E-01  4.819E-01  5.251E-01  5.669E-01  6.163E-01  6.632E-01  7.145E-01  7.608E-01  8.088E-01  8.517E-01  9.052E-01  9.552E-01  1.003E+00  1.040E+00  1.088E+00  1.129E+00  1.176E+00  1.218E+00  1.245E+00  1.280E+00  1.308E+00  1.334E+00  1.359E+00  1.377E+00  1.401E+00  1.410E+00  1.414E+00  1.422E+00  1.427E+00  1.418E+00  1.414E+00  1.405E+00  1.389E+00  1.365E+00  1.351E+00  1.324E+00  1.292E+00  1.258E+00  1.230E+00  1.191E+00  1.154E+00  1.116E+00  1.074E+00  1.028E+00  9.901E-01  9.462E-01  9.003E-01  8.588E-01  8.180E-01  7.717E-01  7.280E-01  6.852E-01  6.439E-01  6.036E-01  5.616E-01  5.270E-01  4.894E-01  4.493E-01  4.146E-01  3.839E-01  3.489E-01  3.197E-01  2.938E-01  2.659E-01  2.387E-01  2.165E-01  1.931E-01  1.732E-01  1.542E-01  1.377E-01  1.216E-01  1.075E-01  9.255E-02  8.131E-02  7.069E-02  5.976E-02  5.077E-02  4.298E-02  3.657E-02  3.155E-02  2.604E-02  2.176E-02  1.790E-02  1.507E-02  1.233E-02  1.012E-02  7.840E-03  6.429E-03  5.022E-03  3.796E-03  3.183E-03  2.324E-03  2.017E-03  1.504E-03  1.406E-03  9.183E-04  6.435E-04  5.334E-04  4.669E-04  3.635E-04  3.147E-04  2.931E-04  1.462E-04  1.255E-04  1.126E-04  1.054E-04  6.614E-05  7.153E-05  3.204E-05  1.983E-05  5.219E-05  2.557E-05  1.245E-05  1.296E-05  1.301E-05  1.898E-05  6.348E-06  1.296E-05  6.082E-06  1.920E-05  6.481E-06  0.000E+00  Z
 0.000E+00  0.000E+00  0.000E+00  0.000E+00  0.000E+00  0.000E+00  0.000E+00  5.929E-05  0.000E+00  5.279E-05  2.010E-04  3.124E-04  3.464E-04  7.986E-04  8.577E-04  1.618E-03  1.911E-03  2.600E-03  3.190E-03  3.757E-03  4.821E-03  5.568E-03  7.495E-03  8.921E-03  1.111E-02  1.284E-02  1.653E-02  2.013E-02  2.331E-02  2.831E-02  3.255E-02  3.761E-02  4.413E-02  4.988E-02  5.689E-02  6.664E-02  7.626E-02  8.692E-02  9.709E-02  1.146E-01  1.310E-01  1.465E-01  1.644E-01  1.895E-01  2.092E-01  2.377E-01  2.654E-01  2.987E-01  3.324E-01  3.738E-01  4.127E-01  4.561E-01  5.107E-01  5.572E-01  6.091E-01  6.630E-01  7.150E-01  7.661E-01  8.259E-01  8.823E-01  9.401E-01  9.935E-01  1.047E+00  1.100E+00  1.152E+00  1.203E+00  1.256E+00  1.297E+00  1.347E+00  1.386E+00  1.427E+00  1.463E+00  1.505E+00  1.526E+00  1.547E+00  1.563E+00  1.583E+00  1.592E+00  1.606E+00  1.606E+00  1.599E+00  1.599E+00  1.574E+00  1.558E+00  1.539E+00  1.516E+00  1.491E+00  1.455E+00  1.418E+00  1.381E+00  1.340E+00  1.302E+00  1.250E+00  1.205E+00  1.157E+00  1.110E+00  1.063E+00  1.009E+00  9.610E-01  9.070E-01  8.621E-01  8.045E-01  7.620E-01  7.106E-01  6.637E-01  6.224E-01  5.802E-01  5.369E-01  4.964E-01  4.545E-01  4.193E-01  3.829E-01  3.533E-01  3.195E-01  2.879E-01  2.587E-01  2.334E-01  2.092E-01  1.882E-01  1.655E-01  1.449E-01  1.291E-01  1.120E-01  9.926E-02  8.461E-02  7.328E-02  6.250E-02  5.412E-02  4.557E-02  3.830E-02  3.207E-02  2.657E-02  2.189E-02  1.798E-02  1.495E-02  1.204E-02  9.685E-03  7.775E-03  6.447E-03  4.659E-03  4.090E-03  2.994E-03  2.575E-03  1.844E-03  1.565E-03  1.148E-03  9.065E-04  6.469E-04  5.438E-04  4.150E-04  3.150E-04  3.201E-04  1.723E-04  2.176E-04  1.441E-04  1.760E-04  9.234E-05  9.163E-05  5.789E-05  6.512E-05  4.451E-05  3.892E-05  5.126E-05  1.922E-05  1.919E-05  6.531E-06  0.000E+00  Z
 0.000E+00  0.000E+00  0.000E+00  0.000E+00  0.000E+00  0.000E+00  0.000E+00  0.000E+00  0.000E+00  0.000E+00  0.000E+00  0.000E+00  2.305E-05  0.000E+00  0.000E+00  4.139E-05  2.027E-05  3.881E-05  3.814E-05  7.378E-05  9.087E-05  2.296E-04  2.769E-04  3.369E-04  4.455E-04  5.332E-04  7.297E-04  7.793E-04  1.118E-03  1.566E-03  1.836E-03  2.255E-03  3.126E-03  3.499E-03  4.662E-03  6.114E-03  7.145E-03  8.534E-03  1.125E-02  1.437E-02  1.660E-02  2.086E-02  2.358E-02  2.973E-02  3.556E-02  4.209E-02  5.025E-02  6.164E-02  7.204E-02  8.345E-02  9.925E-02  1.169E-01  1.362E-01  1.590E-01  1.851E-01  2.126E-01  2.447E-01  2.805E-01  3.206E-01  3.693E-01  4.158E-01  4.769E-01  5.348E-01  6.049E-01  6.754E-01  7.518E-01  8.374E-01  9.300E-01  1.021E+00  1.128E+00  1.224E+00  1.340E+00  1.456E+00  1.585E+00  1.704E+00  1.826E+00  1.952E+00  2.076E+00  2.209E+00  2.330E+00  2.470E+00  2.588E+00  2.703E+00  2.815E+00  2.914E+00  3.025E+00  3.114E+00  3.193E+00  3.256E+00  3.322E+00  3.374E+00  3.423E+00  3.439E+00  3.463E+00  3.465E+00  3.466E+00  3.443E+00  3.420E+00  3.397E+00  3.341E+00  3.286E+00  3.214E+00  3.136E+00  3.058E+00  2.972E+00  2.881E+00  2.772E+00  2.670E+00  2.568E+00  2.453E+00  2.335E+00  2.231E+00  2.111E+00  1.991E+00  1.885E+00  1.768E+00  1.655E+00  1.550E+00  1.446E+00  1.336E+00  1.242E+00  1.147E+00  1.051E+00  9.636E-01  8.794E-01  7.973E-01  7.254E-01  6.556E-01  5.893E-01  5.302E-01  4.708E-01  4.198E-01  3.689E-01  3.272E-01  2.887E-01  2.515E-01  2.201E-01  1.864E-01  1.614E-01  1.370E-01  1.177E-01  9.890E-02  8.414E-02  7.062E-02  5.795E-02  4.737E-02  3.923E-02  3.171E-02  2.609E-02  2.050E-02  1.672E-02  1.282E-02  1.074E-02  8.740E-03  6.728E-03  5.166E-03  4.279E-03  3.495E-03  2.628E-03  1.965E-03  1.653E-03  1.114E-03  9.012E-04  5.943E-04  5.540E-04  4.475E-04  3.362E-04  3.178E-04  1.826E-04  2.068E-04  1.120E-04  1.130E-04  9.905E-05  8.671E-05  3.689E-05  1.900E-05  7.291E-05  1.837E-05  1.250E-05  6.328E-06  1.178E-05  0.000E+00  Z
 0.000E+00  0.000E+00  0.000E+00  0.000E+00  0.000E+00  0.000E+00  0.000E+00  0.000E+00  0.000E+00  0.000E+00  0.000E+00  0.000E+00  0.000E+00  2.230E-05  0.000E+00  0.000E+00  4.021E-05  3.898E-05  3.800E-05  7.383E-05  7.171E-05  5.290E-05  1.034E-04  1.688E-04  2.299E-04  4.369E-04  4.608E-04  4.057E-04  5.982E-04  8.584E-04  9.319E-04  1.339E-03  1.720E-03  2.057E-03  2.323E-03  2.918E-03  3.703E-03  4.850E-03  5.736E-03  6.979E-03  8.754E-03  1.101E-02  1.319E-02  1.515E-02  1.913E-02  2.278E-02  2.875E-02  3.315E-02  3.852E-02  4.527E-02  5.418E-02  6.236E-02  7.515E-02  8.448E-02  1.013E-01  1.194E-01  1.343E-01  1.594E-01  1.839E-01  2.093E-01  2.427E-01  2.772E-01  3.202E-01  3.631E-01  4.138E-01  4.658E-01  5.265E-01  5.916E-01  6.649E-01  7.410E-01  8.255E-01  9.239E-01  1.018E+00  1.121E+00  1.243E+00  1.362E+00  1.486E+00  1.623E+00  1.764E+00  1.916E+00  2.058E+00  2.231E+00  2.402E+00  2.558E+00  2.728E+00  2.917E+00  3.092E+00  3.270E+00  3.452E+00  3.624E+00  3.802E+00  3.968E+00  4.128E+00  4.284E+00  4.436E+00  4.560E+00  4.687E+00  4.798E+00  4.899E+00  4.980E+00  5.048E+00  5.105E+00  5.142E+00  5.151E+00  5.152E+00  5.144E+00  5.106E+00  5.069E+00  5.000E+00  4.919E+00  4.834E+00  4.724E+00  4.608E+00  4.478E+00  4.349E+00  4.203E+00  4.045E+00  3.889E+00  3.730E+00  3.565E+00  3.394E+00  3.221E+00  3.047E+00  2.879E+00  2.703E+00  2.543E+00  2.388E+00  2.224E+00  2.062E+00  1.909E+00  1.769E+00  1.626E+00  1.492E+00  1.364E+00  1.240E+00  1.131E+00  1.023E+00  9.173E-01  8.241E-01  7.380E-01  6.618E-01  5.831E-01  5.130E-01  4.530E-01  3.960E-01  3.434E-01  3.031E-01  2.616E-01  2.224E-01  1.915E-01  1.626E-01  1.373E-01  1.155E-01  9.743E-02  8.064E-02  6.691E-02  5.653E-02  4.753E-02  3.819E-02  3.069E-02  2.474E-02  1.976E-02  1.580E-02  1.306E-02  1.032E-02  7.891E-03  6.281E-03  5.304E-03  3.788E-03  3.127E-03  2.377E-03  1.863E-03  1.456E-03  1.258E-03  9.217E-04  8.534E-04  5.195E-04  3.872E-04  3.422E-04  3.418E-04  1.037E-04  1.209E-04  1.022E-04  1.276E-04  4.848E-05  7.842E-05  2.406E-05  1.800E-05  3.585E-05  2.398E-05  1.194E-05  1.821E-05  1.169E-05  5.894E-06  1.181E-05  1.158E-05  5.591E-06  0.000E+00  Z
 0.000E+00  0.000E+00  0.000E+00  0.000E+00  0.000E+00  0.000E+00  0.000E+00  0.000E+00  0.000E+00  0.000E+00  0.000E+00  0.000E+00  0.000E+00  0.000E+00  0.000E+00  0.000E+00  0.000E+00  0.000E+00  7.589E-05  3.693E-05  3.625E-05  1.760E-04  1.547E-04  1.512E-04  1.648E-04  3.397E-04  4.434E-04  4.047E-04  5.805E-04  6.468E-04  7.534E-04  8.711E-04  1.290E-03  1.355E-03  1.823E-03  2.082E-03  2.935E-03  3.496E-03  3.436E-03  4.694E-03  5.824E-03  7.304E-03  8.846E-03  1.028E-02  1.215E-02  1.501E-02  1.803E-02  2.105E-02  2.506E-02  2.982E-02  3.507E-02  4.082E-02  4.869E-02  5.543E-02  6.610E-02  7.685E-02  8.737E-02  1.025E-01  1.203E-01  1.388E-01  1.608E-01  1.840E-01  2.101E-01  2.394E-01  2.707E-01  3.111E-01  3.511E-01  4.014E-01  4.499E-01  5.047E-01  5.661E-01  6.427E-01  7.066E-01  7.888E-01  8.811E-01  9.740E-01  1.078E+00  1.183E+00  1.307E+00  1.443E+00  1.574E+00  1.719E+00  1.857E+00  2.030E+00  2.195E+00  2.370E+00  2.560E+00  2.763E+00  2.956E+00  3.170E+00  3.382E+00  3.597E+00  3.835E+00  4.062E+00  4.301E+00  4.541E+00  4.787E+00  5.022E+00  5.262E+00  5.490E+00  5.741E+00  5.962E+00  6.178E+00  6.384E+00  6.604E+00  6.789E+00  6.965E+00  7.125E+00  7.257E+00  7.410E+00  7.503E+00  7.612E+00  7.665E+00  7.714E+00  7.732E+00  7.760E+00  7.716E+00  7.686E+00  7.608E+00  7.536E+00  7.399E+00  7.288E+00  7.123E+00  6.968E+00  6.782E+00  6.593E+00  6.381E+00  6.162E+00  5.935E+00  5.699E+00  5.445E+00  5.207E+00  4.951E+00  4.697E+00  4.444E+00  4.185E+00  3.939E+00  3.682E+00  3.457E+00  3.222E+00  2.991E+00  2.769E+00  2.560E+00  2.357E+00  2.159E+00  1.974E+00  1.805E+00  1.638E+00  1.484E+00  1.337E+00  1.207E+00  1.079E+00  9.654E-01  8.604E-01  7.600E-01  6.703E-01  5.870E-01  5.141E-01  4.490E-01  3.892E-01  3.394E-01  2.913E-01  2.500E-01  2.131E-01  1.832E-01  1.544E-01  1.313E-01  1.081E-01  8.908E-02  7.569E-02  6.249E-02  5.233E-02  4.214E-02  3.412E-02  2.879E-02  2.271E-02  1.874E-02  1.484E-02  1.187E-02  9.164E-03  7.840E-03  6.463E-03  5.045E-03  3.894E-03  2.967E-03  2.367E-03  1.830E-03  1.364E-03  1.120E-03  8.038E-04  7.517E-04  5.331E-04  3.566E-04  2.833E-04  2.584E-04  2.003E-04  1.695E-04  1.676E-04  6.440E-05  8.175E-05  6.940E-05  2.912E-05  2.320E-05  2.280E-05  2.899E-05  3.443E-05  1.692E-05  0.000E+00  Z
 0.000E+00  0.000E+00  0.000E+00  0.000E+00  0.000E+00  0.000E+00  0.000E+00  0.000E+00  0.000E+00  0.000E+00  0.000E+00  0.000E+00  2.308E-05  0.000E+00  0.000E+00  4.138E-05  0.000E+00  0.000E+00  0.000E+00  5.514E-05  5.427E-05  7.099E-05  1.380E-04  1.678E-05  1.327E-04  1.786E-04  2.856E-04  3.124E-04  3.825E-04  5.570E-04  6.657E-04  8.713E-04  1.203E-03  1.271E-03  1.614E-03  2.427E-03  2.406E-03  2.857E-03  3.462E-03  4.793E-03  4.967E-03  5.590E-03  7.261E-03  8.416E-03  1.065E-02  1.243E-02  1.408E-02  1.795E-02  2.074E-02  2.322E-02  2.781E-02  3.370E-02  3.929E-02  4.653E-02  5.371E-02  6.169E-02  7.215E-02  8.417E-02  9.651E-02  1.111E-01  1.287E-01  1.475E-01  1.695E-01  1.931E-01  2.229E-01  2.531E-01  2.874E-01  3.283E-01  3.705E-01  4.162E-01  4.715E-01  5.264E-01  5.827E-01  6.566E-01  7.301E-01  8.188E-01  9.079E-01  1.004E+00  1.109E+00  1.227E+00  1.341E+00  1.473E+00  1.612E+00  1.757E+00  1.908E+00  2.087E+00  2.257E+00  2.434E+00  2.628E+00  2.830E+00  3.055E+00  3.270E+00  3.497E+00  3.736E+00  3.980E+00  4.231E+00  4.481E+00  4.767E+00  5.020E+00  5.296E+00  5.568E+00  5.853E+00  6.137E+00  6.422E+00  6.710E+00  6.980E+00  7.260E+00  7.544E+00  7.808E+00  8.070E+00  8.308E+00  8.561E+00  8.785E+00  8.999E+00  9.178E+00  9.382E+00  9.536E+00  9.670E+00  9.782E+00  9.888E+00  9.962E+00  9.989E+00  1.001E+01  1.001E+01  9.969E+00  9.897E+00  9.824E+00  9.706E+00  9.554E+00  9.412E+00  9.215E+00  9.014E+00  8.758E+00  8.518E+00  8.261E+00  7.967E+00  7.688E+00  7.396E+00  7.082E+00  6.762E+00  6.452E+00  6.112E+00  5.797E+00  5.476E+00  5.157E+00  4.842E+00  4.542E+00  4.243E+00  3.949E+00  3.670E+00  3.384E+00  3.125E+00  2.882E+00  2.638E+00  2.414E+00  2.202E+00  1.998E+00  1.808E+00  1.631E+00  1.459E+00  1.311E+00  1.170E+00  1.044E+00  9.255E-01  8.220E-01  7.185E-01  6.303E-01  5.542E-01  4.833E-01  4.174E-01  3.631E-01  3.111E-01  2.648E-01  2.261E-01  1.944E-01  1.629E-01  1.409E-01  1.161E-01  9.888E-02  8.212E-02  6.829E-02  5.685E-02  4.681E-02  3.746E-02  3.107E-02  2.556E-02  2.093E-02  1.714E-02  1.350E-02  1.091E-02  8.610E-03  7.099E-03  5.502E-03  4.453E-03  3.484E-03  2.990E-03  2.173E-03  1.751E-03  1.245E-03  1.180E-03  8.563E-04  6.486E-04  5.421E-04  2.969E-04  3.024E-04  2.233E-04  1.817E-04  1.190E-04  5.532E-05  5.173E-05  9.584E-05  3.937E-05  3.981E-05  2.249E-05  2.798E-05  5.384E-06  5.802E-06  1.105E-05  0.000E+00  Z
 0.000E+00  0.000E+00  0.000E+00  0.000E+00  0.000E+00  0.000E+00  0.000E+00  0.000E+00  0.000E+00  0.000E+00  0.000E+00  0.000E+00  0.000E+00  0.000E+00  0.000E+00  0.000E+00  2.026E-05  1.930E-05  0.000E+00  5.569E-05  3.606E-05  5.295E-05  1.209E-04  6.742E-05  1.816E-04  1.790E-04  1.912E-04  2.336E-04  3.668E-04  5.108E-04  6.948E-04  1.003E-03  8.918E-04  1.101E-03  1.376E-03  2.124E-03  2.110E-03  2.706E-03  3.212E-03  4.080E-03  4.483E-03  5.619E-03  6.901E-03  8.060E-03  9.319E-03  1.112E-02  1.359E-02  1.597E-02  1.906E-02  2.240E-02  2.544E-02  3.053E-02  3.532E-02  4.053E-02  4.700E-02  5.388E-02  6.392E-02  7.329E-02  8.658E-02  9.801E-02  1.129E-01  1.328E-01  1.533E-01  1.737E-01  1.977E-01  2.254E-01  2.548E-01  2.917E-01  3.290E-01  3.707E-01  4.190E-01  4.706E-01  5.316E-01  5.924E-01  6.617E-01  7.378E-01  8.221E-01  9.094E-01  1.005E+00  1.114E+00  1.230E+00  1.347E+00  1.473E+00  1.616E+00  1.773E+00  1.923E+00  2.092E+00  2.266E+00  2.468E+00  2.647E+00  2.860E+00  3.080E+00  3.306E+00  3.537E+00  3.784E+00  4.044E+00  4.301E+00  4.568E+00  4.842E+00  5.139E+00  5.403E+00  5.718E+00  6.009E+00  6.326E+00  6.630E+00  6.945E+00  7.254E+00  7.569E+00  7.876E+00  8.198E+00  8.503E+00  8.808E+00  9.104E+00  9.379E+00  9.688E+00  9.955E+00  1.021E+01  1.047E+01  1.068E+01  1.090E+01  1.108E+01  1.127E+01  1.140E+01  1.154E+01  1.163E+01  1.169E+01  1.175E+01  1.176E+01  1.177E+01  1.173E+01  1.165E+01  1.155E+01  1.142E+01  1.127E+01  1.108E+01  1.087E+01  1.064E+01  1.038E+01  1.010E+01  9.810E+00  9.496E+00  9.150E+00  8.824E+00  8.465E+00  8.105E+00  7.728E+00  7.354E+00  6.983E+00  6.596E+00  6.233E+00  5.867E+00  5.499E+00  5.149E+00  4.812E+00  4.467E+00  4.146E+00  3.845E+00  3.531E+00  3.247E+00  2.980E+00  2.728E+00  2.478E+00  2.251E+00  2.037E+00  1.840E+00  1.652E+00  1.477E+00  1.323E+00  1.175E+00  1.045E+00  9.255E-01  8.153E-01  7.166E-01  6.269E-01  5.447E-01  4.719E-01  4.109E-01  3.555E-01  3.016E-01  2.592E-01  2.216E-01  1.871E-01  1.602E-01  1.338E-01  1.131E-01  9.409E-02  7.909E-02  6.361E-02  5.449E-02  4.476E-02  3.807E-02  3.041E-02  2.515E-02  2.026E-02  1.681E-02  1.357E-02  1.083E-02  9.087E-03  6.982E-03  5.560E-03  4.428E-03  3.618E-03  2.893E-03  2.181E-03  1.858E-03  1.368E-03  1.023E-03  7.441E-04  7.269E-04  4.133E-04  4.017E-04  2.988E-04  2.636E-04  1.846E-04  1.615E-04  1.188E-04  3.365E-05  5.090E-05  5.022E-05  3.304E-05  3.260E-05  1.106E-05  1.098E-05  2.176E-05  0.000E+00  Z
 0.000E+00  0.000E+00  0.000E+00  0.000E+00  0.000E+00  0.000E+00  0.000E+00  0.000E+00  0.000E+00  0.000E+00  0.000E+00  0.000E+00  0.000E+00  0.000E+00  0.000E+00  0.000E+00  0.000E+00  1.946E-05  3.783E-05  1.849E-05  7.204E-05  1.742E-05  3.463E-05  1.345E-04  1.483E-04  3.066E-04  3.018E-04  3.745E-04  3.058E-04  6.753E-04  7.395E-04  7.129E-04  1.146E-03  1.130E-03  1.640E-03  1.727E-03  2.246E-03  2.576E-03  3.532E-03  4.006E-03  4.812E-03  5.488E-03  6.620E-03  8.197E-03  1.025E-02  1.128E-02  1.307E-02  1.573E-02  1.790E-02  2.151E-02  2.445E-02  2.859E-02  3.442E-02  3.907E-02  4.632E-02  5.399E-02  6.416E-02  7.279E-02  8.523E-02  9.653E-02  1.118E-01  1.305E-01  1.509E-01  1.719E-01  1.937E-01  2.212E-01  2.529E-01  2.906E-01  3.249E-01  3.690E-01  4.143E-01  4.675E-01  5.207E-01  5.821E-01  6.539E-01  7.340E-01  8.172E-01  9.008E-01  9.987E-01  1.099E+00  1.216E+00  1.339E+00  1.467E+00  1.603E+00  1.749E+00  1.909E+00  2.073E+00  2.246E+00  2.435E+00  2.623E+00  2.847E+00  3.052E+00  3.272E+00  3.526E+00  3.761E+00  4.015E+00  4.264E+00  4.541E+00  4.826E+00  5.111E+00  5.388E+00  5.704E+00  6.013E+00  6.294E+00  6.626E+00  6.928E+00  7.250E+00  7.579E+00  7.881E+00  8.204E+00  8.524E+00  8.831E+00  9.128E+00  9.440E+00  9.716E+00  9.977E+00  1.025E+01  1.051E+01  1.076E+01  1.100E+01  1.118E+01  1.138E+01  1.154E+01  1.167E+01  1.179E+01  1.189E+01  1.194E+01  1.199E+01  1.197E+01  1.194E+01  1.188E+01  1.182E+01  1.170E+01  1.156E+01  1.138E+01  1.118E+01  1.099E+01  1.072E+01  1.046E+01  1.015E+01  9.861E+00  9.529E+00  9.184E+00  8.846E+00  8.476E+00  8.100E+00  7.723E+00  7.339E+00  6.966E+00  6.601E+00  6.213E+00  5.843E+00  5.482E+00  5.122E+00  4.774E+00  4.440E+00  4.109E+00  3.801E+00  3.502E+00  3.217E+00  2.936E+00  2.688E+00  2.447E+00  2.222E+00  2.006E+00  1.806E+00  1.627E+00  1.456E+00  1.300E+00  1.157E+00  1.024E+00  9.034E-01  7.976E-01  6.965E-01  6.098E-01  5.321E-01  4.600E-01  3.984E-01  3.451E-01  2.919E-01  2.501E-01  2.134E-01  1.813E-01  1.534E-01  1.303E-01  1.077E-01  9.152E-02  7.706E-02  6.341E-02  5.255E-02  4.381E-02  3.610E-02  2.942E-02  2.425E-02  1.934E-02  1.661E-02  1.291E-02  1.014E-02  8.403E-03  6.722E-03  5.612E-03  4.411E-03  3.292E-03  2.666E-03  2.020E-03  1.548E-03  1.426E-03  9.854E-04  8.142E-04  6.387E-04  4.461E-04  4.498E-04  2.879E-04  2.020E-04  1.394E-04  6.603E-05  8.334E-05  4.473E-05  5.542E-05  3.298E-05  2.748E-05  2.754E-05  1.695E-05  5.424E-06  1.651E-05  5.673E-06  5.297E-06  1.129E-05  5.477E-06  0.000E+00  Z
 0.000E+00  0.000E+00  0.000E+00  0.000E+00  0.000E+00  0.000E+00  0.000E+00  0.000E+00  0.000E+00  0.000E+00  0.000E+00  0.000E+00  0.000E+00  0.000E+00  0.000E+00  0.000E+00  2.011E-05  5.840E-05  3.805E-05  1.866E-05  1.785E-05  8.858E-05  6.857E-05  1.013E-04  1.490E-04  1.454E-04  2.218E-04  3.267E-04  3.676E-04  5.561E-04  6.076E-04  9.148E-04  9.452E-04  1.030E-03  1.488E-03  1.508E-03  2.121E-03  2.684E-03  3.529E-03  4.053E-03  4.862E-03  5.512E-03  6.871E-03  8.077E-03  9.280E-03  1.135E-02  1.270E-02  1.579E-02  1.826E-02  2.150E-02  2.534E-02  2.894E-02  3.275E-02  3.844E-02  4.652E-02  5.380E-02  6.369E-02  7.156E-02  8.394E-02  9.599E-02  1.095E-01  1.263E-01  1.493E-01  1.690E-01  1.923E-01  2.179E-01  2.488E-01  2.835E-01  3.202E-01  3.619E-01  4.075E-01  4.614E-01  5.147E-01  5.760E-01  6.453E-01  7.204E-01  7.972E-01  8.859E-01  9.867E-01  1.092E+00  1.200E+00  1.326E+00  1.452E+00  1.583E+00  1.729E+00  1.887E+00  2.050E+00  2.237E+00  2.423E+00  2.602E+00  2.809E+00  3.030E+00  3.253E+00  3.490E+00  3.730E+00  3.985E+00  4.248E+00  4.530E+00  4.796E+00  5.076E+00  5.379E+00  5.668E+00  5.983E+00  6.287E+00  6.605E+00  6.923E+00  7.241E+00  7.563E+00  7.890E+00  8.211E+00  8.533E+00  8.851E+00  9.166E+00  9.469E+00  9.754E+00  1.005E+01  1.035E+01  1.060E+01  1.084E+01  1.107E+01  1.131E+01  1.150E+01  1.169E+01  1.187E+01  1.199E+01  1.208E+01  1.216E+01  1.223E+01  1.226E+01  1.225E+01  1.223E+01  1.217E+01  1.208E+01  1.197E+01  1.179E+01  1.162E+01  1.141E+01  1.117E+01  1.093E+01  1.063E+01  1.035E+01  1.001E+01  9.686E+00  9.339E+00  8.969E+00  8.590E+00  8.205E+00  7.823E+00  7.440E+00  7.050E+00  6.669E+00  6.289E+00  5.903E+00  5.525E+00  5.168E+00  4.819E+00  4.472E+00  4.153E+00  3.827E+00  3.519E+00  3.233E+00  2.958E+00  2.705E+00  2.457E+00  2.227E+00  2.012E+00  1.815E+00  1.633E+00  1.456E+00  1.300E+00  1.158E+00  1.026E+00  9.016E-01  7.964E-01  6.950E-01  6.093E-01  5.314E-01  4.584E-01  3.988E-01  3.427E-01  2.935E-01  2.513E-01  2.132E-01  1.813E-01  1.536E-01  1.293E-01  1.088E-01  9.069E-02  7.592E-02  6.247E-02  5.284E-02  4.370E-02  3.617E-02  2.841E-02  2.381E-02  1.899E-02  1.605E-02  1.299E-02  1.058E-02  8.642E-03  6.719E-03  5.133E-03  4.472E-03  3.454E-03  2.463E-03  2.189E-03  1.584E-03  1.410E-03  1.016E-03  8.381E-04  6.658E-04  5.225E-04  3.140E-04  3.209E-04  1.844E-04  1.890E-04  8.970E-05  8.840E-05  1.094E-04  4.911E-05  3.828E-05  4.939E-05  1.665E-05  0.000E+00  Z
 0.000E+00  0.000E+00  0.000E+00  0.000E+00  0.000E+00  0.000E+00  0.000E+00  0.000E+00  0.000E+00  0.000E+00  0.000E+00  0.000E+00  0.000E+00  0.000E+00  2.165E-05  0.000E+00  0.000E+00  0.000E+00  1.877E-05  1.847E-05  5.397E-05  7.046E-05  6.959E-05  1.520E-04  1.817E-04  2.262E-04  2.692E-04  3.896E-04  4.426E-04  6.325E-04  6.502E-04  7.120E-04  1.119E-03  9.748E-04  1.643E-03  1.672E-03  2.229E-03  2.766E-03  3.000E-03  4.343E-03  4.495E-03  5.439E-03  6.474E-03  7.790E-03  9.169E-03  1.077E-02  1.337E-02  1.574E-02  1.815E-02  2.093E-02  2.438E-02  2.929E-02  3.280E-02  4.052E-02  4.556E-02  5.283E-02  6.318E-02  7.292E-02  8.297E-02  9.582E-02  1.122E-01  1.273E-01  1.477E-01  1.672E-01  1.918E-01  2.182E-01  2.495E-01  2.818E-01  3.203E-01  3.610E-01  4.086E-01  4.572E-01  5.164E-01  5.808E-01  6.474E-01  7.186E-01  8.020E-01  8.909E-01  9.823E-01  1.087E+00  1.191E+00  1.320E+00  1.438E+00  1.579E+00  1.732E+00  1.885E+00  2.050E+00  2.222E+00  2.415E+00  2.604E+00  2.813E+00  3.020E+00  3.258E+00  3.484E+00  3.733E+00  3.986E+00  4.247E+00  4.521E+00  4.797E+00  5.089E+00  5.374E+00  5.682E+00  5.977E+00  6.290E+00  6.599E+00  6.917E+00  7.242E+00  7.571E+00  7.891E+00  8.204E+00  8.540E+00  8.851E+00  9.158E+00  9.478E+00  9.775E+00  1.006E+01  1.033E+01  1.062E+01  1.088E+01  1.110E+01  1.133E+01  1.151E+01  1.172E+01  1.188E+01  1.201E+01  1.211E+01  1.220E+01  1.226E+01  1.229E+01  1.229E+01  1.226E+01  1.220E+01  1.212E+01  1.201E+01  1.185E+01  1.169E+01  1.147E+01  1.124E+01  1.097E+01  1.070E+01  1.040E+01  1.009E+01  9.761E+00  9.403E+00  9.038E+00  8.672E+00  8.271E+00  7.895E+00  7.514E+00  7.115E+00  6.735E+00  6.345E+00  5.961E+00  5.585E+00  5.214E+00  4.864E+00  4.519E+00  4.189E+00  3.876E+00  3.557E+00  3.277E+00  3.007E+00  2.736E+00  2.488E+00  2.262E+00  2.042E+00  1.840E+00  1.651E+00  1.478E+00  1.321E+00  1.175E+00  1.040E+00  9.164E-01  8.134E-01  7.081E-01  6.248E-01  5.406E-01  4.676E-01  4.041E-01  3.485E-01  2.993E-01  2.549E-01  2.181E-01  1.854E-01  1.583E-01  1.318E-01  1.121E-01  9.350E-02  7.740E-02  6.487E-02  5.354E-02  4.492E-02  3.674E-02  2.943E-02  2.409E-02  1.953E-02  1.620E-02  1.291E-02  1.087E-02  8.848E-03  7.074E-03  5.471E-03  4.553E-03  3.455E-03  2.791E-03  2.159E-03  1.720E-03  1.547E-03  1.105E-03  7.851E-04  6.044E-04  4.710E-04  3.645E-04  3.698E-04  2.183E-04  1.737E-04  1.555E-04  1.498E-04  8.926E-05  6.575E-05  4.954E-05  3.893E-05  2.231E-05  2.184E-05  0.000E+00  Z
 0.000E+00  0.000E+00  0.000E+00  0.000E+00  0.000E+00  0.000E+00  0.000E+00  0.000E+00  0.000E+00  0.000E+00  0.000E+00  0.000E+00  0.000E+00  0.000E+00  0.000E+00  0.000E+00  0.000E+00  0.000E+00  3.807E-05  3.701E-05  3.584E-05  7.030E-05  6.856E-05  5.078E-05  1.645E-04  2.274E-04  1.910E-04  3.754E-04  4.135E-04  5.425E-04  5.897E-04  6.848E-04  8.591E-04  1.187E-03  1.420E-03  1.824E-03  2.053E-03  2.760E-03  3.310E-03  3.737E-03  4.585E-03  5.287E-03  6.129E-03  7.771E-03  9.442E-03  1.143E-02  1.280E-02  1.535E-02  1.899E-02  2.042E-02  2.473E-02  2.927E-02  3.517E-02  4.092E-02  4.597E-02  5.342E-02  6.104E-02  7.185E-02  8.407E-02  9.754E-02  1.091E-01  1.262E-01  1.454E-01  1.649E-01  1.888E-01  2.158E-01  2.487E-01  2.814E-01  3.186E-01  3.589E-01  4.085E-01  4.538E-01  5.105E-01  5.717E-01  6.418E-01  7.137E-01  7.983E-01  8.804E-01  9.810E-01  1.083E+00  1.187E+00  1.309E+00  1.444E+00  1.569E+00  1.715E+00  1.877E+00  2.038E+00  2.215E+00  2.396E+00  2.590E+00  2.792E+00  3.010E+00  3.241E+00  3.473E+00  3.705E+00  3.954E+00  4.230E+00  4.493E+00  4.771E+00  5.060E+00  5.354E+00  5.674E+00  5.969E+00  6.273E+00  6.601E+00  6.911E+00  7.231E+00  7.573E+00  7.895E+00  8.220E+00  8.539E+00  8.860E+00  9.181E+00  9.483E+00  9.799E+00  1.007E+01  1.037E+01  1.065E+01  1.091E+01  1.113E+01  1.136E+01  1.160E+01  1.178E+01  1.194E+01  1.208E+01  1.222E+01  1.229E+01  1.237E+01  1.243E+01  1.242E+01  1.241E+01  1.234E+01  1.229E+01  1.218E+01  1.203E+01  1.185E+01  1.167E+01  1.144E+01  1.118E+01  1.092E+01  1.063E+01  1.031E+01  9.972E+00  9.629E+00  9.252E+00  8.863E+00  8.495E+00  8.120E+00  7.722E+00  7.353E+00  6.951E+00  6.551E+00  6.161E+00  5.780E+00  5.412E+00  5.050E+00  4.688E+00  4.354E+00  4.030E+00  3.718E+00  3.415E+00  3.130E+00  2.861E+00  2.608E+00  2.368E+00  2.144E+00  1.933E+00  1.743E+00  1.557E+00  1.392E+00  1.240E+00  1.100E+00  9.761E-01  8.607E-01  7.543E-01  6.576E-01  5.759E-01  4.994E-01  4.326E-01  3.723E-01  3.223E-01  2.747E-01  2.326E-01  1.996E-01  1.694E-01  1.426E-01  1.215E-01  1.013E-01  8.531E-02  7.124E-02  5.831E-02  4.759E-02  4.017E-02  3.303E-02  2.720E-02  2.225E-02  1.810E-02  1.454E-02  1.184E-02  9.142E-03  7.798E-03  6.047E-03  4.798E-03  3.791E-03  3.388E-03  2.386E-03  2.019E-03  1.566E-03  1.283E-03  8.199E-04  7.059E-04  5.370E-04  4.379E-04  3.216E-04  2.066E-04  1.850E-04  1.284E-04  9.390E-05  5.026E-05  6.034E-05  4.497E-05  3.912E-05  3.252E-05  1.652E-05  1.638E-05  5.619E-06  5.307E-06  5.309E-06  1.107E-05  5.603E-06  5.197E-06  0.000E+00  Z
 0.000E+00  0.000E+00  0.000E+00  0.000E+00  0.000E+00  0.000E+00  0.000E+00  0.000E+00  0.000E+00  0.000E+00  0.000E+00  0.000E+00  0.000E+00  0.000E+00  2.150E-05  0.000E+00  0.000E+00  0.000E+00  1.899E-05  3.695E-05  1.822E-05  6.990E-05  6.904E-05  6.720E-05  9.902E-05  1.466E-04  2.857E-04  2.020E-04  2.742E-04  5.717E-04  4.565E-04  6.562E-04  1.076E-03  1.129E-03  1.308E-03  1.766E-03  1.891E-03  2.663E-03  3.248E-03  3.948E-03  4.502E-03  5.600E-03  5.996E-03  7.499E-03  8.983E-03  1.111E-02  1.190E-02  1.558E-02  1.768E-02  2.121E-02  2.403E-02  2.889E-02  3.368E-02  3.929E-02  4.607E-02  5.347E-02  6.235E-02  7.209E-02  8.319E-02  9.435E-02  1.097E-01  1.230E-01  1.448E-01  1.667E-01  1.913E-01  2.129E-01  2.451E-01  2.762E-01  3.191E-01  3.555E-01  4.001E-01  4.529E-01  5.034E-01  5.703E-01  6.337E-01  7.104E-01  7.888E-01  8.775E-01  9.673E-01  1.071E+00  1.180E+00  1.303E+00  1.424E+00  1.560E+00  1.707E+00  1.866E+00  2.030E+00  2.192E+00  2.381E+00  2.580E+00  2.782E+00  2.990E+00  3.215E+00  3.457E+00  3.694E+00  3.962E+00  4.214E+00  4.476E+00  4.762E+00  5.039E+00  5.344E+00  5.651E+00  5.955E+00  6.263E+00  6.578E+00  6.895E+00  7.227E+00  7.569E+00  7.906E+00  8.194E+00  8.532E+00  8.872E+00  9.194E+00  9.512E+00  9.819E+00  1.012E+01  1.040E+01  1.069E+01  1.096E+01  1.122E+01  1.145E+01  1.168E+01  1.187E+01  1.207E+01  1.221E+01  1.235E+01  1.246E+01  1.255E+01  1.260E+01  1.264E+01  1.263E+01  1.261E+01  1.253E+01  1.244E+01  1.231E+01  1.215E+01  1.196E+01  1.175E+01  1.150E+01  1.125E+01  1.097E+01  1.066E+01  1.034E+01  9.981E+00  9.633E+00  9.257E+00  8.882E+00  8.477E+00  8.092E+00  7.690E+00  7.289E+00  6.877E+00  6.491E+00  6.111E+00  5.734E+00  5.353E+00  4.989E+00  4.630E+00  4.292E+00  3.969E+00  3.650E+00  3.352E+00  3.065E+00  2.799E+00  2.549E+00  2.314E+00  2.086E+00  1.885E+00  1.690E+00  1.517E+00  1.351E+00  1.200E+00  1.067E+00  9.425E-01  8.290E-01  7.281E-01  6.375E-01  5.564E-01  4.788E-01  4.166E-01  3.578E-01  3.082E-01  2.622E-01  2.247E-01  1.901E-01  1.613E-01  1.362E-01  1.156E-01  9.589E-02  7.897E-02  6.669E-02  5.524E-02  4.579E-02  3.801E-02  3.153E-02  2.644E-02  2.064E-02  1.676E-02  1.383E-02  1.139E-02  8.722E-03  7.095E-03  6.071E-03  4.856E-03  3.768E-03  2.778E-03  2.682E-03  1.781E-03  1.599E-03  9.924E-04  9.736E-04  6.420E-04  5.228E-04  4.079E-04  3.537E-04  2.682E-04  2.007E-04  2.054E-04  1.156E-04  9.370E-05  3.311E-05  4.946E-05  1.060E-05  1.067E-05  1.670E-05  5.204E-06  1.091E-05  2.130E-05  1.112E-05  5.482E-06  0.000E+00  Z
 0.000E+00  0.000E+00  0.000E+00  0.000E+00  0.000E+00  0.000E+00  0.000E+00  0.000E+00  0.000E+00  0.000E+00  0.000E+00  0.000E+00  2.320E-05  0.000E+00  0.000E+00  0.000E+00  2.022E-05  1.958E-05  1.916E-05  0.000E+00  7.214E-05  7.077E-05  6.878E-05  1.683E-05  1.649E-04  1.779E-04  1.902E-04  2.022E-04  3.821E-04  5.111E-04  6.082E-04  6.987E-04  1.089E-03  1.297E-03  1.418E-03  1.896E-03  1.882E-03  2.165E-03  2.993E-03  3.795E-03  4.518E-03  5.594E-03  6.025E-03  7.497E-03  8.571E-03  1.037E-02  1.263E-02  1.488E-02  1.778E-02  2.015E-02  2.389E-02  2.783E-02  3.323E-02  3.876E-02  4.409E-02  5.178E-02  6.157E-02  6.875E-02  8.239E-02  9.221E-02  1.068E-01  1.238E-01  1.410E-01  1.621E-01  1.836E-01  2.122E-01  2.362E-01  2.726E-01  3.103E-01  3.491E-01  3.949E-01  4.413E-01  5.006E-01  5.572E-01  6.234E-01  6.951E-01  7.717E-01  8.567E-01  9.517E-01  1.056E+00  1.171E+00  1.275E+00  1.404E+00  1.541E+00  1.679E+00  1.839E+00  2.002E+00  2.169E+00  2.354E+00  2.542E+00  2.744E+00  2.969E+00  3.187E+00  3.411E+00  3.662E+00  3.909E+00  4.179E+00  4.463E+00  4.728E+00  5.014E+00  5.313E+00  5.616E+00  5.931E+00  6.243E+00  6.576E+00  6.894E+00  7.231E+00  7.547E+00  7.885E+00  8.235E+00  8.563E+00  8.886E+00  9.212E+00  9.541E+00  9.863E+00  1.017E+01  1.050E+01  1.078E+01  1.108E+01  1.133E+01  1.159E+01  1.183E+01  1.208E+01  1.227E+01  1.243E+01  1.263E+01  1.273E+01  1.287E+01  1.293E+01  1.300E+01  1.301E+01  1.298E+01  1.296E+01  1.291E+01  1.279E+01  1.268E+01  1.252E+01  1.234E+01  1.214E+01  1.188E+01  1.160E+01  1.132E+01  1.099E+01  1.067E+01  1.031E+01  9.937E+00  9.552E+00  9.156E+00  8.760E+00  8.369E+00  7.956E+00  7.530E+00  7.120E+00  6.709E+00  6.310E+00  5.931E+00  5.542E+00  5.169E+00  4.801E+00  4.447E+00  4.113E+00  3.796E+00  3.487E+00  3.191E+00  2.917E+00  2.656E+00  2.406E+00  2.180E+00  1.963E+00  1.766E+00  1.582E+00  1.416E+00  1.255E+00  1.114E+00  9.815E-01  8.701E-01  7.648E-01  6.691E-01  5.813E-01  5.053E-01  4.349E-01  3.778E-01  3.223E-01  2.774E-01  2.358E-01  2.007E-01  1.708E-01  1.454E-01  1.208E-01  1.022E-01  8.465E-02  7.105E-02  5.925E-02  4.911E-02  3.953E-02  3.363E-02  2.715E-02  2.164E-02  1.820E-02  1.478E-02  1.207E-02  1.021E-02  8.118E-03  6.748E-03  5.169E-03  3.816E-03  3.087E-03  2.631E-03  2.055E-03  1.659E-03  1.349E-03  9.061E-04  8.381E-04  5.486E-04  3.903E-04  3.659E-04  2.508E-04  1.499E-04  1.838E-04  9.817E-05  1.114E-04  6.665E-05  2.790E-05  1.626E-05  4.387E-05  1.659E-05  4.331E-05  1.076E-05  5.310E-06  5.196E-06  1.615E-05  1.070E-05  5.178E-06  0.000E+00  Z
 0.000E+00  0.000E+00  0.000E+00  0.000E+00  0.000E+00  0.000E+00  0.000E+00  0.000E+00  0.000E+00  0.000E+00  0.000E+00  0.000E+00  0.000E+00  0.000E+00  2.131E-05  2.068E-05  1.994E-05  0.000E+00  1.896E-05  5.618E-05  3.598E-05  5.249E-05  8.641E-05  1.012E-04  1.810E-04  1.294E-04  2.371E-04  2.802E-04  4.430E-04  4.963E-04  6.199E-04  6.106E-04  1.018E-03  9.877E-04  1.433E-03  1.590E-03  1.905E-03  2.641E-03  3.108E-03  3.759E-03  4.325E-03  5.008E-03  6.545E-03  7.878E-03  8.730E-03  1.078E-02  1.208E-02  1.500E-02  1.704E-02  2.074E-02  2.285E-02  2.866E-02  3.272E-02  3.784E-02  4.330E-02  5.129E-02  5.952E-02  6.923E-02  7.994E-02  9.230E-02  1.035E-01  1.205E-01  1.369E-01  1.582E-01  1.833E-01  2.077E-01  2.373E-01  2.671E-01  3.055E-01  3.423E-01  3.886E-01  4.364E-01  4.906E-01  5.463E-01  6.192E-01  6.816E-01  7.606E-01  8.447E-01  9.377E-01  1.038E+00  1.153E+00  1.268E+00  1.386E+00  1.522E+00  1.661E+00  1.816E+00  1.975E+00  2.144E+00  2.330E+00  2.522E+00  2.720E+00  2.939E+00  3.154E+00  3.388E+00  3.632E+00  3.880E+00  4.146E+00  4.418E+00  4.704E+00  4.988E+00  5.291E+00  5.584E+00  5.903E+00  6.212E+00  6.533E+00  6.873E+00  7.207E+00  7.549E+00  7.877E+00  8.218E+00  8.569E+00  8.890E+00  9.228E+00  9.569E+00  9.912E+00  1.023E+01  1.055E+01  1.085E+01  1.115E+01  1.144E+01  1.170E+01  1.197E+01  1.221E+01  1.244E+01  1.263E+01  1.283E+01  1.296E+01  1.312E+01  1.321E+01  1.329E+01  1.335E+01  1.339E+01  1.336E+01  1.332E+01  1.325E+01  1.316E+01  1.302E+01  1.286E+01  1.265E+01  1.245E+01  1.218E+01  1.191E+01  1.161E+01  1.127E+01  1.094E+01  1.058E+01  1.019E+01  9.810E+00  9.401E+00  8.997E+00  8.572E+00  8.156E+00  7.736E+00  7.325E+00  6.908E+00  6.487E+00  6.082E+00  5.676E+00  5.306E+00  4.930E+00  4.581E+00  4.216E+00  3.900E+00  3.574E+00  3.276E+00  2.994E+00  2.716E+00  2.472E+00  2.245E+00  2.018E+00  1.815E+00  1.625E+00  1.452E+00  1.294E+00  1.146E+00  1.011E+00  8.936E-01  7.815E-01  6.855E-01  5.936E-01  5.189E-01  4.502E-01  3.886E-01  3.347E-01  2.877E-01  2.424E-01  2.072E-01  1.768E-01  1.490E-01  1.253E-01  1.046E-01  8.912E-02  7.504E-02  6.172E-02  5.040E-02  4.179E-02  3.481E-02  2.837E-02  2.363E-02  1.866E-02  1.543E-02  1.260E-02  1.075E-02  8.053E-03  6.647E-03  5.178E-03  4.437E-03  3.375E-03  2.763E-03  2.095E-03  1.586E-03  1.279E-03  1.014E-03  8.860E-04  6.325E-04  5.968E-04  2.955E-04  2.225E-04  2.167E-04  1.643E-04  1.451E-04  7.238E-05  4.995E-05  8.303E-05  4.877E-05  3.833E-05  4.981E-05  2.716E-05  0.000E+00  Z
 0.000E+00  0.000E+00  0.000E+00  0.000E+00  0.000E+00  0.000E+00  0.000E+00  0.000E+00  0.000E+00  0.000E+00  0.000E+00  0.000E+00  0.000E+00  0.000E+00  0.000E+00  2.097E-05  0.000E+00  1.944E-05  3.803E-05  1.835E-05  7.252E-05  0.000E+00  8.646E-05  1.175E-04  1.323E-04  1.456E-04  3.500E-04  1.871E-04  4.596E-04  4.208E-04  7.260E-04  6.834E-04  1.160E-03  1.115E-03  1.266E-03  1.564E-03  2.326E-03  2.511E-03  3.238E-03  3.420E-03  4.503E-03  5.012E-03  6.366E-03  7.709E-03  8.332E-03  1.115E-02  1.288E-02  1.488E-02  1.676E-02  2.020E-02  2.350E-02  2.677E-02  3.155E-02  3.765E-02  4.355E-02  5.000E-02  5.804E-02  6.840E-02  7.775E-02  9.309E-02  1.054E-01  1.204E-01  1.363E-01  1.568E-01  1.784E-01  2.051E-01  2.340E-01  2.673E-01  2.987E-01  3.402E-01  3.813E-01  4.336E-01  4.881E-01  5.453E-01  6.097E-01  6.788E-01  7.552E-01  8.416E-01  9.328E-01  1.035E+00  1.137E+00  1.249E+00  1.372E+00  1.509E+00  1.645E+00  1.795E+00  1.960E+00  2.136E+00  2.318E+00  2.506E+00  2.711E+00  2.923E+00  3.141E+00  3.382E+00  3.625E+00  3.870E+00  4.122E+00  4.397E+00  4.684E+00  4.978E+00  5.273E+00  5.586E+00  5.883E+00  6.206E+00  6.527E+00  6.857E+00  7.194E+00  7.552E+00  7.879E+00  8.224E+00  8.571E+00  8.893E+00  9.267E+00  9.581E+00  9.917E+00  1.027E+01  1.058E+01  1.091E+01  1.120E+01  1.147E+01  1.178E+01  1.206E+01  1.228E+01  1.251E+01  1.273E+01  1.295E+01  1.309E+01  1.325E+01  1.337E+01  1.344E+01  1.352E+01  1.354E+01  1.356E+01  1.353E+01  1.346E+01  1.337E+01  1.325E+01  1.311E+01  1.292E+01  1.269E+01  1.247E+01  1.219E+01  1.190E+01  1.158E+01  1.123E+01  1.085E+01  1.050E+01  1.011E+01  9.714E+00  9.308E+00  8.885E+00  8.452E+00  8.031E+00  7.590E+00  7.167E+00  6.765E+00  6.341E+00  5.948E+00  5.556E+00  5.168E+00  4.804E+00  4.431E+00  4.098E+00  3.774E+00  3.463E+00  3.161E+00  2.879E+00  2.619E+00  2.379E+00  2.146E+00  1.934E+00  1.737E+00  1.556E+00  1.380E+00  1.230E+00  1.090E+00  9.643E-01  8.450E-01  7.435E-01  6.519E-01  5.658E-01  4.895E-01  4.207E-01  3.640E-01  3.147E-01  2.680E-01  2.289E-01  1.935E-01  1.670E-01  1.384E-01  1.176E-01  9.795E-02  8.107E-02  6.794E-02  5.710E-02  4.569E-02  3.923E-02  3.256E-02  2.605E-02  2.191E-02  1.715E-02  1.455E-02  1.151E-02  9.226E-03  7.240E-03  5.724E-03  4.693E-03  3.946E-03  3.059E-03  2.519E-03  1.921E-03  1.471E-03  1.196E-03  9.587E-04  6.815E-04  5.952E-04  4.791E-04  3.222E-04  2.383E-04  2.040E-04  1.764E-04  1.155E-04  8.302E-05  5.505E-05  7.662E-05  1.632E-05  1.630E-05  2.137E-05  2.194E-05  5.509E-06  1.067E-05  1.054E-05  1.082E-05  1.606E-05  0.000E+00  Z
 0.000E+00  0.000E+00  0.000E+00  0.000E+00  0.000E+00  0.000E+00  0.000E+00  0.000E+00  0.000E+00  0.000E+00  0.000E+00  0.000E+00  0.000E+00  0.000E+00  2.159E-05  0.000E+00  1.990E-05  0.000E+00  1.900E-05  1.838E-05  0.000E+00  1.744E-05  1.379E-04  1.183E-04  3.304E-05  1.305E-04  1.897E-04  2.171E-04  3.356E-04  4.357E-04  6.078E-04  7.580E-04  7.451E-04  1.313E-03  1.335E-03  1.880E-03  2.324E-03  2.201E-03  3.202E-03  3.596E-03  4.619E-03  4.923E-03  5.918E-03  7.269E-03  8.589E-03  1.055E-02  1.233E-02  1.438E-02  1.719E-02  2.005E-02  2.427E-02  2.694E-02  3.267E-02  3.798E-02  4.231E-02  4.962E-02  5.735E-02  6.666E-02  7.726E-02  9.068E-02  1.051E-01  1.184E-01  1.365E-01  1.559E-01  1.806E-01  2.026E-01  2.332E-01  2.627E-01  2.994E-01  3.370E-01  3.797E-01  4.287E-01  4.862E-01  5.384E-01  6.059E-01  6.746E-01  7.505E-01  8.333E-01  9.280E-01  1.026E+00  1.132E+00  1.249E+00  1.369E+00  1.503E+00  1.646E+00  1.794E+00  1.962E+00  2.126E+00  2.304E+00  2.496E+00  2.698E+00  2.911E+00  3.123E+00  3.358E+00  3.604E+00  3.852E+00  4.114E+00  4.392E+00  4.674E+00  4.955E+00  5.257E+00  5.574E+00  5.884E+00  6.194E+00  6.519E+00  6.852E+00  7.193E+00  7.533E+00  7.871E+00  8.219E+00  8.564E+00  8.924E+00  9.240E+00  9.584E+00  9.960E+00  1.026E+01  1.060E+01  1.092E+01  1.123E+01  1.153E+01  1.182E+01  1.209E+01  1.237E+01  1.258E+01  1.282E+01  1.300E+01  1.318E+01  1.335E+01  1.346E+01  1.359E+01  1.367E+01  1.370E+01  1.372E+01  1.370E+01  1.365E+01  1.359E+01  1.349E+01  1.334E+01  1.315E+01  1.294E+01  1.273E+01  1.247E+01  1.218E+01  1.185E+01  1.153E+01  1.118E+01  1.081E+01  1.040E+01  1.001E+01  9.586E+00  9.169E+00  8.754E+00  8.334E+00  7.887E+00  7.458E+00  7.036E+00  6.617E+00  6.198E+00  5.796E+00  5.403E+00  5.019E+00  4.646E+00  4.301E+00  3.966E+00  3.654E+00  3.340E+00  3.045E+00  2.766E+00  2.512E+00  2.279E+00  2.053E+00  1.844E+00  1.653E+00  1.476E+00  1.317E+00  1.165E+00  1.026E+00  9.121E-01  7.983E-01  6.959E-01  6.078E-01  5.256E-01  4.591E-01  3.992E-01  3.408E-01  2.923E-01  2.502E-01  2.119E-01  1.821E-01  1.540E-01  1.287E-01  1.094E-01  8.920E-02  7.471E-02  6.291E-02  5.125E-02  4.310E-02  3.566E-02  2.943E-02  2.442E-02  1.913E-02  1.602E-02  1.242E-02  1.056E-02  8.337E-03  6.857E-03  5.310E-03  4.405E-03  3.623E-03  2.546E-03  2.301E-03  1.621E-03  1.499E-03  9.384E-04  8.817E-04  4.860E-04  4.079E-04  3.759E-04  3.653E-04  2.990E-04  1.499E-04  9.922E-05  1.148E-04  4.397E-05  4.416E-05  4.395E-05  2.192E-05  3.229E-05  3.302E-05  2.702E-05  2.178E-05  1.625E-05  5.235E-06  0.000E+00  Z
 0.000E+00  0.000E+00  0.000E+00  0.000E+00  0.000E+00  0.000E+00  0.000E+00  0.000E+00  0.000E+00  0.000E+00  0.000E+00  0.000E+00  0.000E+00  0.000E+00  0.000E+00  2.076E-05  0.000E+00  3.891E-05  0.000E+00  1.827E-05  0.000E+00  3.489E-05  6.904E-05  1.185E-04  9.938E-05  2.269E-04  3.800E-04  3.901E-04  3.053E-04  5.118E-04  5.773E-04  7.571E-04  1.033E-03  9.723E-04  1.476E-03  1.643E-03  2.206E-03  2.442E-03  3.122E-03  3.671E-03  4.466E-03  4.936E-03  6.803E-03  7.052E-03  8.467E-03  1.012E-02  1.159E-02  1.419E-02  1.648E-02  1.979E-02  2.381E-02  2.740E-02  3.083E-02  3.627E-02  4.268E-02  4.841E-02  5.841E-02  6.591E-02  7.633E-02  8.953E-02  1.020E-01  1.186E-01  1.345E-01  1.547E-01  1.769E-01  1.988E-01  2.289E-01  2.609E-01  2.944E-01  3.362E-01  3.735E-01  4.258E-01  4.769E-01  5.323E-01  5.959E-01  6.619E-01  7.458E-01  8.259E-01  9.187E-01  1.016E+00  1.120E+00  1.228E+00  1.359E+00  1.484E+00  1.626E+00  1.774E+00  1.933E+00  2.095E+00  2.282E+00  2.474E+00  2.673E+00  2.883E+00  3.105E+00  3.357E+00  3.578E+00  3.828E+00  4.093E+00  4.365E+00  4.647E+00  4.930E+00  5.236E+00  5.547E+00  5.866E+00  6.176E+00  6.516E+00  6.844E+00  7.180E+00  7.529E+00  7.861E+00  8.218E+00  8.569E+00  8.930E+00  9.278E+00  9.618E+00  9.987E+00  1.032E+01  1.066E+01  1.099E+01  1.130E+01  1.163E+01  1.191E+01  1.219E+01  1.246E+01  1.269E+01  1.296E+01  1.319E+01  1.338E+01  1.356E+01  1.370E+01  1.384E+01  1.392E+01  1.398E+01  1.402E+01  1.406E+01  1.402E+01  1.396E+01  1.385E+01  1.375E+01  1.359E+01  1.342E+01  1.321E+01  1.296E+01  1.270E+01  1.240E+01  1.206E+01  1.174E+01  1.135E+01  1.097E+01  1.058E+01  1.016E+01  9.743E+00  9.315E+00  8.866E+00  8.424E+00  8.004E+00  7.554E+00  7.115E+00  6.686E+00  6.271E+00  5.863E+00  5.461E+00  5.076E+00  4.698E+00  4.337E+00  3.992E+00  3.675E+00  3.358E+00  3.064E+00  2.793E+00  2.535E+00  2.292E+00  2.067E+00  1.862E+00  1.658E+00  1.484E+00  1.329E+00  1.174E+00  1.043E+00  9.104E-01  8.021E-01  6.995E-01  6.099E-01  5.341E-01  4.608E-01  3.995E-01  3.412E-01  2.932E-01  2.504E-01  2.132E-01  1.800E-01  1.516E-01  1.275E-01  1.084E-01  9.092E-02  7.587E-02  6.272E-02  5.221E-02  4.384E-02  3.542E-02  2.943E-02  2.393E-02  1.981E-02  1.597E-02  1.253E-02  1.098E-02  8.405E-03  6.764E-03  5.860E-03  4.531E-03  3.472E-03  2.771E-03  2.150E-03  1.663E-03  1.407E-03  9.847E-04  7.609E-04  6.734E-04  5.862E-04  4.666E-04  2.772E-04  2.473E-04  1.536E-04  1.866E-04  8.073E-05  7.142E-05  6.573E-05  2.671E-05  6.558E-05  3.271E-05  2.168E-05  5.328E-06  2.742E-05  1.074E-05  5.380E-06  0.000E+00  Z
 0.000E+00  0.000E+00  0.000E+00  0.000E+00  0.000E+00  0.000E+00  0.000E+00  0.000E+00  0.000E+00  0.000E+00  0.000E+00  0.000E+00  0.000E+00  0.000E+00  0.000E+00  0.000E+00  2.033E-05  0.000E+00  1.906E-05  3.672E-05  3.591E-05  1.771E-05  3.454E-05  8.443E-05  1.325E-04  1.128E-04  2.058E-04  2.807E-04  4.745E-04  3.161E-04  6.946E-04  6.397E-04  9.323E-04  1.241E-03  1.474E-03  1.755E-03  2.233E-03  2.470E-03  2.738E-03  3.948E-03  3.905E-03  5.036E-03  6.407E-03  7.339E-03  8.494E-03  1.036E-02  1.179E-02  1.389E-02  1.681E-02  1.926E-02  2.326E-02  2.732E-02  3.152E-02  3.595E-02  4.233E-02  4.933E-02  5.778E-02  6.542E-02  7.678E-02  8.711E-02  1.015E-01  1.140E-01  1.321E-01  1.531E-01  1.732E-01  1.978E-01  2.260E-01  2.579E-01  2.914E-01  3.279E-01  3.735E-01  4.165E-01  4.685E-01  5.277E-01  5.890E-01  6.560E-01  7.327E-01  8.153E-01  9.069E-01  1.002E+00  1.109E+00  1.211E+00  1.338E+00  1.471E+00  1.609E+00  1.764E+00  1.919E+00  2.089E+00  2.265E+00  2.459E+00  2.645E+00  2.854E+00  3.081E+00  3.328E+00  3.555E+00  3.796E+00  4.072E+00  4.342E+00  4.613E+00  4.907E+00  5.213E+00  5.538E+00  5.837E+00  6.162E+00  6.491E+00  6.833E+00  7.175E+00  7.521E+00  7.879E+00  8.212E+00  8.572E+00  8.946E+00  9.295E+00  9.646E+00  1.001E+01  1.035E+01  1.070E+01  1.105E+01  1.134E+01  1.169E+01  1.199E+01  1.228E+01  1.259E+01  1.285E+01  1.309E+01  1.330E+01  1.354E+01  1.373E+01  1.389E+01  1.405E+01  1.415E+01  1.425E+01  1.433E+01  1.433E+01  1.436E+01  1.431E+01  1.422E+01  1.414E+01  1.401E+01  1.384E+01  1.363E+01  1.341E+01  1.317E+01  1.290E+01  1.258E+01  1.224E+01  1.187E+01  1.150E+01  1.110E+01  1.070E+01  1.026E+01  9.835E+00  9.400E+00  8.956E+00  8.502E+00  8.072E+00  7.617E+00  7.179E+00  6.737E+00  6.316E+00  5.892E+00  5.495E+00  5.103E+00  4.717E+00  4.355E+00  4.008E+00  3.673E+00  3.367E+00  3.075E+00  2.796E+00  2.537E+00  2.297E+00  2.073E+00  1.858E+00  1.664E+00  1.485E+00  1.321E+00  1.168E+00  1.033E+00  9.110E-01  7.973E-01  6.986E-01  6.093E-01  5.284E-01  4.592E-01  3.940E-01  3.384E-01  2.905E-01  2.473E-01  2.107E-01  1.784E-01  1.499E-01  1.270E-01  1.074E-01  9.001E-02  7.624E-02  6.277E-02  5.218E-02  4.281E-02  3.488E-02  2.941E-02  2.408E-02  1.880E-02  1.538E-02  1.294E-02  1.069E-02  8.720E-03  6.939E-03  5.248E-03  4.252E-03  3.347E-03  2.791E-03  2.149E-03  1.761E-03  1.446E-03  1.169E-03  8.639E-04  7.042E-04  5.563E-04  4.385E-04  3.266E-04  1.973E-04  1.488E-04  1.092E-04  9.905E-05  8.824E-05  4.310E-05  5.827E-05  1.626E-05  2.693E-05  2.183E-05  2.155E-05  0.000E+00  Z
 0.000E+00  0.000E+00  0.000E+00  0.000E+00  0.000E+00  0.000E+00  0.000E+00  0.000E+00  0.000E+00  0.000E+00  0.000E+00  0.000E+00  0.000E+00  2.219E-05  0.000E+00  2.067E-05  2.022E-05  0.000E+00  0.000E+00  1.831E-05  0.000E+00  1.058E-04  1.029E-04  3.364E-05  1.650E-04  1.293E-04  1.907E-04  2.645E-04  1.839E-04  5.119E-04  3.975E-04  5.379E-04  7.730E-04  1.270E-03  1.489E-03  1.549E-03  1.609E-03  2.483E-03  2.875E-03  3.095E-03  4.365E-03  5.100E-03  6.112E-03  7.101E-03  8.307E-03  1.051E-02  1.141E-02  1.343E-02  1.733E-02  1.898E-02  2.149E-02  2.687E-02  3.023E-02  3.562E-02  3.996E-02  4.742E-02  5.540E-02  6.419E-02  7.360E-02  8.634E-02  9.583E-02  1.133E-01  1.319E-01  1.471E-01  1.696E-01  1.910E-01  2.198E-01  2.457E-01  2.821E-01  3.187E-01  3.615E-01  4.079E-01  4.568E-01  5.149E-01  5.739E-01  6.363E-01  7.156E-01  7.973E-01  8.740E-01  9.779E-01  1.077E+00  1.187E+00  1.313E+00  1.439E+00  1.578E+00  1.719E+00  1.875E+00  2.043E+00  2.223E+00  2.402E+00  2.599E+00  2.809E+00  3.032E+00  3.257E+00  3.503E+00  3.759E+00  4.020E+00  4.275E+00  4.569E+00  4.848E+00  5.152E+00  5.476E+00  5.795E+00  6.127E+00  6.448E+00  6.794E+00  7.135E+00  7.490E+00  7.850E+00  8.215E+00  8.587E+00  8.948E+00  9.331E+00  9.681E+00  1.005E+01  1.041E+01  1.077E+01  1.112E+01  1.148E+01  1.183E+01  1.215E+01  1.249E+01  1.279E+01  1.311E+01  1.338E+01  1.366E+01  1.391E+01  1.412E+01  1.434E+01  1.453E+01  1.468E+01  1.482E+01  1.492E+01  1.501E+01  1.506E+01  1.510E+01  1.506E+01  1.501E+01  1.493E+01  1.481E+01  1.466E+01  1.447E+01  1.426E+01  1.403E+01  1.374E+01  1.345E+01  1.311E+01  1.277E+01  1.239E+01  1.196E+01  1.156E+01  1.113E+01  1.070E+01  1.021E+01  9.766E+00  9.290E+00  8.817E+00  8.350E+00  7.883E+00  7.434E+00  6.988E+00  6.533E+00  6.100E+00  5.673E+00  5.272E+00  4.878E+00  4.492E+00  4.137E+00  3.809E+00  3.482E+00  3.173E+00  2.884E+00  2.609E+00  2.362E+00  2.128E+00  1.908E+00  1.709E+00  1.525E+00  1.359E+00  1.206E+00  1.060E+00  9.335E-01  8.199E-01  7.199E-01  6.263E-01  5.397E-01  4.707E-01  4.072E-01  3.505E-01  2.999E-01  2.561E-01  2.182E-01  1.834E-01  1.544E-01  1.305E-01  1.117E-01  9.254E-02  7.621E-02  6.483E-02  5.334E-02  4.410E-02  3.618E-02  3.009E-02  2.412E-02  2.093E-02  1.670E-02  1.368E-02  1.084E-02  9.098E-03  6.823E-03  6.161E-03  4.532E-03  3.427E-03  2.868E-03  2.181E-03  1.785E-03  1.439E-03  1.144E-03  9.282E-04  6.966E-04  6.118E-04  4.156E-04  3.786E-04  1.966E-04  2.417E-04  1.138E-04  1.247E-04  6.618E-05  3.824E-05  4.295E-05  3.170E-05  2.135E-05  2.194E-05  1.105E-05  1.079E-05  5.303E-06  5.527E-06  0.000E+00  Z
 0.000E+00  0.000E+00  0.000E+00  0.000E+00  0.000E+00  0.000E+00  0.000E+00  0.000E+00  0.000E+00  2.669E-05  0.000E+00  0.000E+00  0.000E+00  0.000E+00  0.000E+00  0.000E+00  0.000E+00  0.000E+00  0.000E+00  7.393E-05  5.402E-05  3.520E-05  8.603E-05  1.005E-04  6.589E-05  8.104E-05  2.708E-04  2.803E-04  3.987E-04  4.675E-04  6.068E-04  5.820E-04  8.908E-04  9.172E-04  1.471E-03  1.644E-03  1.850E-03  2.150E-03  2.634E-03  3.260E-03  4.242E-03  4.975E-03  5.864E-03  7.046E-03  8.614E-03  1.009E-02  1.163E-02  1.300E-02  1.604E-02  1.824E-02  2.234E-02  2.619E-02  2.995E-02  3.403E-02  4.087E-02  4.700E-02  5.374E-02  6.185E-02  7.412E-02  8.418E-02  9.527E-02  1.085E-01  1.250E-01  1.431E-01  1.660E-01  1.894E-01  2.145E-01  2.449E-01  2.760E-01  3.131E-01  3.537E-01  4.025E-01  4.441E-01  5.009E-01  5.611E-01  6.291E-01  7.012E-01  7.796E-01  8.663E-01  9.601E-01  1.059E+00  1.172E+00  1.285E+00  1.408E+00  1.548E+00  1.690E+00  1.838E+00  2.016E+00  2.174E+00  2.375E+00  2.567E+00  2.775E+00  3.000E+00  3.223E+00  3.461E+00  3.718E+00  3.971E+00  4.249E+00  4.537E+00  4.812E+00  5.133E+00  5.431E+00  5.753E+00  6.082E+00  6.411E+00  6.754E+00  7.109E+00  7.476E+00  7.847E+00  8.205E+00  8.584E+00  8.947E+00  9.344E+00  9.733E+00  1.008E+01  1.047E+01  1.084E+01  1.120E+01  1.157E+01  1.193E+01  1.229E+01  1.263E+01  1.296E+01  1.328E+01  1.360E+01  1.389E+01  1.414E+01  1.442E+01  1.466E+01  1.487E+01  1.507E+01  1.522E+01  1.538E+01  1.550E+01  1.557E+01  1.565E+01  1.566E+01  1.565E+01  1.560E+01  1.552E+01  1.544E+01  1.528E+01  1.510E+01  1.489E+01  1.465E+01  1.439E+01  1.407E+01  1.376E+01  1.337E+01  1.301E+01  1.261E+01  1.217E+01  1.174E+01  1.129E+01  1.082E+01  1.035E+01  9.854E+00  9.378E+00  8.893E+00  8.408E+00  7.929E+00  7.447E+00  6.983E+00  6.527E+00  6.094E+00  5.659E+00  5.248E+00  4.848E+00  4.468E+00  4.099E+00  3.755E+00  3.433E+00  3.133E+00  2.840E+00  2.574E+00  2.319E+00  2.087E+00  1.867E+00  1.666E+00  1.491E+00  1.323E+00  1.169E+00  1.030E+00  8.997E-01  7.954E-01  6.962E-01  6.027E-01  5.223E-01  4.522E-01  3.919E-01  3.372E-01  2.837E-01  2.444E-01  2.077E-01  1.759E-01  1.501E-01  1.261E-01  1.046E-01  8.905E-02  7.488E-02  6.157E-02  5.057E-02  4.251E-02  3.536E-02  2.872E-02  2.326E-02  1.925E-02  1.618E-02  1.298E-02  1.065E-02  8.533E-03  6.797E-03  5.510E-03  4.436E-03  3.314E-03  2.871E-03  2.314E-03  1.742E-03  1.441E-03  1.013E-03  8.451E-04  6.595E-04  5.100E-04  4.146E-04  2.963E-04  2.669E-04  2.240E-04  1.470E-04  8.278E-05  5.951E-05  8.119E-05  1.097E-05  2.653E-05  1.075E-05  1.046E-05  2.658E-05  2.618E-05  5.531E-06  1.050E-05  0.000E+00  Z
 0.000E+00  0.000E+00  0.000E+00  0.000E+00  0.000E+00  0.000E+00  0.000E+00  0.000E+00  0.000E+00  0.000E+00  0.000E+00  0.000E+00  0.000E+00  0.000E+00  0.000E+00  0.000E+00  2.014E-05  1.936E-05  1.882E-05  7.396E-05  5.384E-05  0.000E+00  5.146E-05  5.075E-05  1.154E-04  9.705E-05  1.739E-04  2.954E-04  2.297E-04  4.817E-04  6.212E-04  7.571E-04  8.024E-04  1.228E-03  1.169E-03  1.618E-03  1.962E-03  1.986E-03  2.803E-03  3.417E-03  4.019E-03  4.625E-03  5.765E-03  6.704E-03  7.819E-03  9.730E-03  1.080E-02  1.255E-02  1.571E-02  1.766E-02  2.100E-02  2.500E-02  2.894E-02  3.276E-02  3.849E-02  4.577E-02  5.131E-02  6.017E-02  6.976E-02  8.005E-02  9.282E-02  1.052E-01  1.201E-01  1.403E-01  1.594E-01  1.798E-01  2.079E-01  2.329E-01  2.640E-01  2.994E-01  3.416E-01  3.869E-01  4.308E-01  4.828E-01  5.406E-01  6.050E-01  6.733E-01  7.558E-01  8.381E-01  9.229E-01  1.022E+00  1.129E+00  1.248E+00  1.369E+00  1.502E+00  1.634E+00  1.801E+00  1.964E+00  2.133E+00  2.317E+00  2.504E+00  2.716E+00  2.935E+00  3.157E+00  3.383E+00  3.635E+00  3.906E+00  4.183E+00  4.463E+00  4.743E+00  5.050E+00  5.362E+00  5.688E+00  6.013E+00  6.364E+00  6.713E+00  7.067E+00  7.440E+00  7.803E+00  8.206E+00  8.567E+00  8.953E+00  9.352E+00  9.737E+00  1.014E+01  1.052E+01  1.093E+01  1.132E+01  1.171E+01  1.209E+01  1.246E+01  1.285E+01  1.322E+01  1.356E+01  1.392E+01  1.425E+01  1.458E+01  1.489E+01  1.515E+01  1.543E+01  1.567E+01  1.590E+01  1.611E+01  1.627E+01  1.643E+01  1.656E+01  1.665E+01  1.671E+01  1.673E+01  1.674E+01  1.672E+01  1.662E+01  1.653E+01  1.639E+01  1.620E+01  1.601E+01  1.575E+01  1.546E+01  1.516E+01  1.482E+01  1.445E+01  1.406E+01  1.363E+01  1.319E+01  1.273E+01  1.224E+01  1.177E+01  1.126E+01  1.074E+01  1.023E+01  9.724E+00  9.210E+00  8.684E+00  8.182E+00  7.673E+00  7.197E+00  6.714E+00  6.259E+00  5.806E+00  5.386E+00  4.969E+00  4.580E+00  4.200E+00  3.847E+00  3.498E+00  3.189E+00  2.893E+00  2.604E+00  2.355E+00  2.111E+00  1.898E+00  1.688E+00  1.500E+00  1.333E+00  1.181E+00  1.041E+00  9.126E-01  7.954E-01  6.941E-01  6.056E-01  5.243E-01  4.552E-01  3.934E-01  3.350E-01  2.887E-01  2.454E-01  2.086E-01  1.745E-01  1.514E-01  1.257E-01  1.056E-01  8.756E-02  7.313E-02  6.059E-02  4.986E-02  4.291E-02  3.504E-02  2.890E-02  2.398E-02  1.945E-02  1.535E-02  1.247E-02  1.062E-02  8.548E-03  7.121E-03  5.830E-03  4.308E-03  3.528E-03  2.920E-03  2.404E-03  1.866E-03  1.522E-03  1.185E-03  8.781E-04  6.118E-04  5.025E-04  4.860E-04  3.256E-04  2.111E-04  1.899E-04  1.029E-04  1.294E-04  1.237E-04  3.749E-05  4.822E-05  3.739E-05  1.065E-05  1.642E-05  2.110E-05  1.054E-05  5.314E-06  5.061E-06  5.065E-06  5.269E-06  0.000E+00  Z
 0.000E+00  0.000E+00  0.000E+00  0.000E+00  0.000E+00  0.000E+00  0.000E+00  0.000E+00  0.000E+00  0.000E+00  0.000E+00  0.000E+00  0.000E+00  0.000E+00  0.000E+00  0.000E+00  0.000E+00  1.932E-05  1.907E-05  3.736E-05  3.630E-05  1.760E-05  8.681E-05  5.003E-05  8.240E-05  1.781E-04  1.753E-04  2.642E-04  2.610E-04  3.602E-04  4.730E-04  4.802E-04  8.596E-04  9.335E-04  1.070E-03  1.304E-03  1.919E-03  1.974E-03  2.570E-03  3.054E-03  3.663E-03  4.541E-03  5.539E-03  6.344E-03  7.677E-03  9.532E-03  1.076E-02  1.241E-02  1.434E-02  1.655E-02  1.992E-02  2.354E-02  2.732E-02  3.153E-02  3.653E-02  4.273E-02  4.928E-02  5.697E-02  6.571E-02  7.602E-02  8.603E-02  1.005E-01  1.143E-01  1.317E-01  1.519E-01  1.729E-01  1.932E-01  2.218E-01  2.536E-01  2.853E-01  3.245E-01  3.656E-01  4.122E-01  4.559E-01  5.138E-01  5.734E-01  6.477E-01  7.150E-01  7.910E-01  8.795E-01  9.761E-01  1.079E+00  1.191E+00  1.311E+00  1.443E+00  1.578E+00  1.720E+00  1.888E+00  2.053E+00  2.228E+00  2.430E+00  2.623E+00  2.844E+00  3.056E+00  3.296E+00  3.545E+00  3.787E+00  4.074E+00  4.358E+00  4.654E+00  4.956E+00  5.281E+00  5.599E+00  5.931E+00  6.285E+00  6.632E+00  7.005E+00  7.380E+00  7.764E+00  8.161E+00  8.555E+00  8.955E+00  9.358E+00  9.783E+00  1.022E+01  1.063E+01  1.104E+01  1.148E+01  1.188E+01  1.231E+01  1.274E+01  1.314E+01  1.353E+01  1.395E+01  1.434E+01  1.475E+01  1.513E+01  1.547E+01  1.583E+01  1.616E+01  1.648E+01  1.680E+01  1.708E+01  1.732E+01  1.759E+01  1.778E+01  1.799E+01  1.815E+01  1.829E+01  1.836E+01  1.844E+01  1.848E+01  1.850E+01  1.847E+01  1.840E+01  1.828E+01  1.817E+01  1.798E+01  1.774E+01  1.751E+01  1.721E+01  1.690E+01  1.654E+01  1.616E+01  1.575E+01  1.530E+01  1.484E+01  1.435E+01  1.384E+01  1.330E+01  1.276E+01  1.221E+01  1.165E+01  1.109E+01  1.053E+01  9.958E+00  9.399E+00  8.843E+00  8.309E+00  7.785E+00  7.252E+00  6.754E+00  6.264E+00  5.797E+00  5.354E+00  4.932E+00  4.513E+00  4.132E+00  3.771E+00  3.429E+00  3.107E+00  2.810E+00  2.527E+00  2.265E+00  2.032E+00  1.821E+00  1.620E+00  1.437E+00  1.268E+00  1.110E+00  9.798E-01  8.563E-01  7.476E-01  6.520E-01  5.607E-01  4.904E-01  4.186E-01  3.598E-01  3.077E-01  2.641E-01  2.235E-01  1.905E-01  1.608E-01  1.350E-01  1.147E-01  9.582E-02  8.012E-02  6.711E-02  5.616E-02  4.546E-02  3.784E-02  2.953E-02  2.626E-02  2.066E-02  1.738E-02  1.424E-02  1.176E-02  9.629E-03  7.785E-03  6.298E-03  5.266E-03  4.075E-03  3.637E-03  2.445E-03  2.108E-03  1.539E-03  1.312E-03  1.046E-03  8.254E-04  5.432E-04  4.960E-04  4.475E-04  3.433E-04  2.980E-04  2.027E-04  1.280E-04  1.234E-04  5.879E-05  5.777E-05  2.659E-05  3.238E-05  1.599E-05  2.090E-05  5.325E-06  5.447E-06  1.046E-05  1.044E-05  5.163E-06  4.138E-06  Z
 0.000E+00  0.000E+00  0.000E+00  0.000E+00  0.000E+00  0.000E+00  0.000E+00  0.000E+00  0.000E+00  0.000E+00  0.000E+00  0.000E+00  0.000E+00  0.000E+00  0.000E+00  0.000E+00  0.000E+00  0.000E+00  5.676E-05  1.864E-05  1.808E-05  1.741E-05  0.000E+00  1.697E-05  3.289E-05  1.136E-04  1.269E-04  1.554E-04  2.297E-04  3.609E-04  6.075E-04  5.970E-04  7.455E-04  8.047E-04  1.087E-03  1.439E-03  1.571E-03  2.108E-03  2.645E-03  3.262E-03  3.554E-03  4.786E-03  5.240E-03  6.065E-03  6.419E-03  8.666E-03  1.008E-02  1.242E-02  1.357E-02  1.679E-02  1.889E-02  2.291E-02  2.683E-02  2.992E-02  3.525E-02  4.076E-02  4.653E-02  5.396E-02  6.286E-02  7.295E-02  8.255E-02  9.610E-02  1.095E-01  1.223E-01  1.428E-01  1.630E-01  1.868E-01  2.112E-01  2.408E-01  2.733E-01  3.072E-01  3.469E-01  3.911E-01  4.374E-01  4.894E-01  5.517E-01  6.104E-01  6.821E-01  7.607E-01  8.436E-01  9.296E-01  1.036E+00  1.141E+00  1.255E+00  1.382E+00  1.516E+00  1.656E+00  1.818E+00  1.971E+00  2.145E+00  2.338E+00  2.533E+00  2.750E+00  2.957E+00  3.197E+00  3.446E+00  3.695E+00  3.972E+00  4.248E+00  4.537E+00  4.848E+00  5.148E+00  5.487E+00  5.833E+00  6.190E+00  6.546E+00  6.922E+00  7.317E+00  7.697E+00  8.110E+00  8.527E+00  8.933E+00  9.357E+00  9.787E+00  1.024E+01  1.069E+01  1.114E+01  1.157E+01  1.203E+01  1.249E+01  1.295E+01  1.341E+01  1.384E+01  1.429E+01  1.475E+01  1.516E+01  1.562E+01  1.601E+01  1.644E+01  1.685E+01  1.723E+01  1.762E+01  1.797E+01  1.833E+01  1.863E+01  1.892E+01  1.922E+01  1.946E+01  1.969E+01  1.992E+01  2.008E+01  2.024E+01  2.036E+01  2.044E+01  2.049E+01  2.052E+01  2.046E+01  2.042E+01  2.030E+01  2.019E+01  2.001E+01  1.979E+01  1.956E+01  1.927E+01  1.891E+01  1.858E+01  1.816E+01  1.772E+01  1.728E+01  1.677E+01  1.627E+01  1.573E+01  1.515E+01  1.457E+01  1.399E+01  1.337E+01  1.276E+01  1.214E+01  1.151E+01  1.092E+01  1.028E+01  9.680E+00  9.095E+00  8.512E+00  7.952E+00  7.400E+00  6.877E+00  6.359E+00  5.874E+00  5.394E+00  4.940E+00  4.528E+00  4.137E+00  3.757E+00  3.410E+00  3.074E+00  2.775E+00  2.484E+00  2.237E+00  2.000E+00  1.776E+00  1.576E+00  1.395E+00  1.226E+00  1.085E+00  9.500E-01  8.266E-01  7.182E-01  6.221E-01  5.411E-01  4.657E-01  4.007E-01  3.439E-01  2.924E-01  2.495E-01  2.118E-01  1.809E-01  1.516E-01  1.278E-01  1.082E-01  8.872E-02  7.583E-02  6.240E-02  5.152E-02  4.391E-02  3.581E-02  2.946E-02  2.395E-02  1.991E-02  1.605E-02  1.386E-02  1.072E-02  8.627E-03  7.509E-03  5.825E-03  4.682E-03  3.701E-03  2.924E-03  2.536E-03  1.860E-03  1.558E-03  1.215E-03  1.048E-03  7.701E-04  6.308E-04  4.951E-04  3.863E-04  2.684E-04  2.115E-04  1.538E-04  1.325E-04  7.392E-05  7.857E-05  4.234E-05  6.428E-05  3.655E-05  2.607E-05  1.541E-05  5.720E-05  Z
 0.000E+00  0.000E+00  0.000E+00  0.000E+00  0.000E+00  0.000E+00  0.000E+00  0.000E+00  0.000E+00  0.000E+00  0.000E+00  0.000E+00  0.000E+00  0.000E+00  0.000E+00  0.000E+00  0.000E+00  1.938E-05  0.000E+00  0.000E+00  3.638E-05  3.540E-05  5.153E-05  1.709E-05  1.979E-04  8.036E-05  2.223E-04  2.186E-04  2.915E-04  4.069E-04  5.627E-04  5.973E-04  6.043E-04  9.302E-04  1.029E-03  1.275E-03  1.731E-03  2.089E-03  2.730E-03  3.046E-03  3.326E-03  3.855E-03  4.674E-03  5.751E-03  7.341E-03  7.804E-03  9.521E-03  1.058E-02  1.359E-02  1.604E-02  1.796E-02  2.128E-02  2.458E-02  2.793E-02  3.423E-02  3.930E-02  4.494E-02  5.012E-02  5.945E-02  6.850E-02  7.827E-02  8.976E-02  1.055E-01  1.182E-01  1.345E-01  1.540E-01  1.738E-01  1.991E-01  2.274E-01  2.575E-01  2.901E-01  3.237E-01  3.680E-01  4.113E-01  4.675E-01  5.201E-01  5.815E-01  6.499E-01  7.266E-01  8.006E-01  8.912E-01  9.879E-01  1.089E+00  1.198E+00  1.317E+00  1.451E+00  1.587E+00  1.752E+00  1.895E+00  2.070E+00  2.255E+00  2.452E+00  2.641E+00  2.870E+00  3.089E+00  3.334E+00  3.593E+00  3.858E+00  4.125E+00  4.423E+00  4.749E+00  5.054E+00  5.380E+00  5.727E+00  6.078E+00  6.458E+00  6.810E+00  7.228E+00  7.633E+00  8.034E+00  8.470E+00  8.899E+00  9.354E+00  9.802E+00  1.028E+01  1.073E+01  1.120E+01  1.168E+01  1.216E+01  1.265E+01  1.315E+01  1.364E+01  1.413E+01  1.464E+01  1.511E+01  1.562E+01  1.609E+01  1.658E+01  1.705E+01  1.751E+01  1.800E+01  1.842E+01  1.887E+01  1.929E+01  1.968E+01  2.009E+01  2.045E+01  2.083E+01  2.115E+01  2.144E+01  2.175E+01  2.203E+01  2.222E+01  2.243E+01  2.260E+01  2.275E+01  2.286E+01  2.296E+01  2.299E+01  2.298E+01  2.295E+01  2.289E+01  2.278E+01  2.262E+01  2.241E+01  2.216E+01  2.188E+01  2.156E+01  2.121E+01  2.079E+01  2.040E+01  1.991E+01  1.940E+01  1.886E+01  1.829E+01  1.770E+01  1.708E+01  1.645E+01  1.579E+01  1.512E+01  1.445E+01  1.377E+01  1.307E+01  1.239E+01  1.172E+01  1.105E+01  1.037E+01  9.739E+00  9.084E+00  8.483E+00  7.883E+00  7.304E+00  6.742E+00  6.219E+00  5.722E+00  5.242E+00  4.784E+00  4.360E+00  3.971E+00  3.581E+00  3.242E+00  2.919E+00  2.622E+00  2.337E+00  2.088E+00  1.861E+00  1.648E+00  1.453E+00  1.279E+00  1.124E+00  9.850E-01  8.596E-01  7.484E-01  6.472E-01  5.580E-01  4.817E-01  4.135E-01  3.560E-01  3.021E-01  2.589E-01  2.191E-01  1.864E-01  1.579E-01  1.324E-01  1.106E-01  9.350E-02  7.615E-02  6.583E-02  5.423E-02  4.390E-02  3.650E-02  3.070E-02  2.493E-02  2.073E-02  1.696E-02  1.413E-02  1.123E-02  9.186E-03  7.643E-03  6.034E-03  4.774E-03  4.358E-03  3.231E-03  2.487E-03  2.088E-03  1.705E-03  1.142E-03  9.141E-04  7.331E-04  5.333E-04  6.243E-04  3.721E-04  2.471E-04  2.475E-04  2.254E-04  1.315E-04  1.404E-04  1.141E-04  2.238E-04  Z
 0.000E+00  0.000E+00  0.000E+00  0.000E+00  0.000E+00  0.000E+00  0.000E+00  0.000E+00  0.000E+00  0.000E+00  0.000E+00  0.000E+00  0.000E+00  0.000E+00  0.000E+00  0.000E+00  0.000E+00  0.000E+00  0.000E+00  1.844E-05  0.000E+00  3.487E-05  0.000E+00  6.767E-05  6.576E-05  1.454E-04  1.587E-04  2.490E-04  1.990E-04  2.550E-04  4.582E-04  4.221E-04  4.155E-04  8.194E-04  1.141E-03  1.468E-03  1.434E-03  1.939E-03  2.277E-03  2.664E-03  3.053E-03  4.320E-03  4.701E-03  5.574E-03  6.755E-03  7.974E-03  9.479E-03  1.135E-02  1.255E-02  1.493E-02  1.691E-02  2.000E-02  2.320E-02  2.778E-02  3.111E-02  3.697E-02  4.322E-02  4.914E-02  5.577E-02  6.533E-02  7.542E-02  8.543E-02  9.808E-02  1.154E-01  1.319E-01  1.472E-01  1.686E-01  1.910E-01  2.152E-01  2.447E-01  2.807E-01  3.143E-01  3.524E-01  3.979E-01  4.460E-01  5.021E-01  5.626E-01  6.246E-01  6.949E-01  7.734E-01  8.591E-01  9.499E-01  1.049E+00  1.162E+00  1.276E+00  1.405E+00  1.538E+00  1.691E+00  1.843E+00  2.016E+00  2.196E+00  2.382E+00  2.588E+00  2.794E+00  3.018E+00  3.262E+00  3.509E+00  3.773E+00  4.046E+00  4.349E+00  4.648E+00  4.966E+00  5.309E+00  5.658E+00  6.019E+00  6.381E+00  6.778E+00  7.170E+00  7.566E+00  7.994E+00  8.420E+00  8.858E+00  9.315E+00  9.788E+00  1.027E+01  1.075E+01  1.124E+01  1.174E+01  1.223E+01  1.276E+01  1.327E+01  1.380E+01  1.432E+01  1.484E+01  1.536E+01  1.591E+01  1.644E+01  1.693E+01  1.745E+01  1.796E+01  1.847E+01  1.897E+01  1.944E+01  1.994E+01  2.042E+01  2.084E+01  2.129E+01  2.171E+01  2.211E+01  2.247E+01  2.285E+01  2.317E+01  2.347E+01  2.378E+01  2.402E+01  2.425E+01  2.446E+01  2.461E+01  2.474E+01  2.483E+01  2.491E+01  2.493E+01  2.493E+01  2.487E+01  2.479E+01  2.462E+01  2.444E+01  2.421E+01  2.396E+01  2.365E+01  2.329E+01  2.289E+01  2.244E+01  2.202E+01  2.148E+01  2.092E+01  2.037E+01  1.976E+01  1.912E+01  1.846E+01  1.777E+01  1.705E+01  1.634E+01  1.561E+01  1.487E+01  1.415E+01  1.340E+01  1.269E+01  1.197E+01  1.125E+01  1.056E+01  9.870E+00  9.202E+00  8.569E+00  7.932E+00  7.349E+00  6.766E+00  6.222E+00  5.708E+00  5.210E+00  4.749E+00  4.312E+00  3.910E+00  3.536E+00  3.179E+00  2.857E+00  2.557E+00  2.287E+00  2.029E+00  1.804E+00  1.594E+00  1.406E+00  1.240E+00  1.085E+00  9.439E-01  8.251E-01  7.139E-01  6.182E-01  5.329E-01  4.603E-01  3.960E-01  3.371E-01  2.866E-01  2.461E-01  2.074E-01  1.763E-01  1.486E-01  1.237E-01  1.055E-01  8.702E-02  7.386E-02  6.029E-02  5.131E-02  4.202E-02  3.533E-02  2.936E-02  2.387E-02  1.977E-02  1.589E-02  1.276E-02  1.104E-02  8.277E-03  6.967E-03  5.642E-03  4.412E-03  3.862E-03  3.072E-03  2.353E-03  2.015E-03  1.675E-03  1.321E-03  8.915E-04  8.292E-04  5.665E-04  4.713E-04  3.553E-04  3.007E-04  2.200E-04  6.137E-04  Z
 0.000E+00  0.000E+00  0.000E+00  0.000E+00  0.000E+00  0.000E+00  0.000E+00  0.000E+00  0.000E+00  0.000E+00  0.000E+00  0.000E+00  0.000E+00  0.000E+00  0.000E+00  4.154E-05  0.000E+00  0.000E+00  1.890E-05  1.848E-05  1.819E-05  1.751E-05  3.442E-05  6.707E-05  9.895E-05  1.131E-04  1.584E-04  2.030E-04  2.602E-04  3.461E-04  2.965E-04  5.977E-04  5.597E-04  6.911E-04  1.141E-03  1.206E-03  1.568E-03  2.000E-03  2.306E-03  2.664E-03  2.978E-03  4.159E-03  4.738E-03  4.950E-03  6.355E-03  7.501E-03  9.306E-03  1.102E-02  1.171E-02  1.458E-02  1.670E-02  1.985E-02  2.279E-02  2.599E-02  3.054E-02  3.601E-02  4.104E-02  4.667E-02  5.394E-02  6.383E-02  7.224E-02  8.104E-02  9.632E-02  1.096E-01  1.236E-01  1.411E-01  1.603E-01  1.812E-01  2.067E-01  2.363E-01  2.643E-01  2.997E-01  3.371E-01  3.827E-01  4.283E-01  4.789E-01  5.346E-01  5.962E-01  6.627E-01  7.423E-01  8.204E-01  9.093E-01  1.006E+00  1.115E+00  1.227E+00  1.351E+00  1.482E+00  1.625E+00  1.778E+00  1.948E+00  2.105E+00  2.301E+00  2.497E+00  2.705E+00  2.937E+00  3.169E+00  3.407E+00  3.682E+00  3.938E+00  4.251E+00  4.551E+00  4.864E+00  5.196E+00  5.540E+00  5.927E+00  6.284E+00  6.660E+00  7.065E+00  7.484E+00  7.925E+00  8.367E+00  8.812E+00  9.292E+00  9.772E+00  1.026E+01  1.075E+01  1.127E+01  1.178E+01  1.233E+01  1.288E+01  1.340E+01  1.396E+01  1.453E+01  1.509E+01  1.565E+01  1.625E+01  1.680E+01  1.736E+01  1.795E+01  1.851E+01  1.909E+01  1.964E+01  2.020E+01  2.074E+01  2.130E+01  2.184E+01  2.234E+01  2.286E+01  2.334E+01  2.383E+01  2.425E+01  2.470E+01  2.510E+01  2.551E+01  2.585E+01  2.623E+01  2.653E+01  2.680E+01  2.707E+01  2.731E+01  2.748E+01  2.765E+01  2.779E+01  2.784E+01  2.789E+01  2.792E+01  2.785E+01  2.778E+01  2.766E+01  2.748E+01  2.725E+01  2.698E+01  2.671E+01  2.635E+01  2.595E+01  2.552E+01  2.505E+01  2.453E+01  2.397E+01  2.334E+01  2.271E+01  2.204E+01  2.133E+01  2.063E+01  1.989E+01  1.909E+01  1.832E+01  1.753E+01  1.672E+01  1.590E+01  1.509E+01  1.428E+01  1.348E+01  1.269E+01  1.191E+01  1.117E+01  1.041E+01  9.694E+00  9.006E+00  8.327E+00  7.698E+00  7.089E+00  6.504E+00  5.963E+00  5.435E+00  4.952E+00  4.493E+00  4.069E+00  3.674E+00  3.296E+00  2.959E+00  2.636E+00  2.357E+00  2.097E+00  1.856E+00  1.631E+00  1.441E+00  1.264E+00  1.103E+00  9.675E-01  8.388E-01  7.240E-01  6.289E-01  5.412E-01  4.687E-01  4.009E-01  3.423E-01  2.915E-01  2.495E-01  2.111E-01  1.779E-01  1.485E-01  1.263E-01  1.056E-01  8.871E-02  7.469E-02  6.175E-02  5.099E-02  4.156E-02  3.565E-02  2.948E-02  2.455E-02  1.969E-02  1.645E-02  1.392E-02  1.085E-02  8.996E-03  6.899E-03  6.037E-03  4.965E-03  3.721E-03  3.065E-03  2.470E-03  1.840E-03  1.461E-03  1.134E-03  9.004E-04  8.155E-04  2.293E-03  Z
 0.000E+00  0.000E+00  0.000E+00  0.000E+00  0.000E+00  0.000E+00  0.000E+00  0.000E+00  0.000E+00  0.000E+00  0.000E+00  0.000E+00  0.000E+00  0.000E+00  0.000E+00  0.000E+00  0.000E+00  0.000E+00  1.920E-05  1.844E-05  1.826E-05  1.753E-05  3.409E-05  3.371E-05  3.301E-05  1.457E-04  9.545E-05  2.496E-04  2.452E-04  2.260E-04  6.219E-04  2.172E-04  5.448E-04  6.922E-04  9.750E-04  1.195E-03  1.392E-03  2.003E-03  2.106E-03  2.492E-03  3.362E-03  3.833E-03  4.601E-03  5.116E-03  6.267E-03  6.893E-03  8.431E-03  9.596E-03  1.180E-02  1.374E-02  1.545E-02  1.894E-02  2.218E-02  2.576E-02  2.898E-02  3.350E-02  4.008E-02  4.487E-02  5.149E-02  6.047E-02  6.926E-02  7.923E-02  9.150E-02  1.039E-01  1.191E-01  1.357E-01  1.563E-01  1.755E-01  2.032E-01  2.255E-01  2.532E-01  2.911E-01  3.270E-01  3.687E-01  4.144E-01  4.597E-01  5.194E-01  5.765E-01  6.486E-01  7.144E-01  7.946E-01  8.846E-01  9.702E-01  1.078E+00  1.195E+00  1.314E+00  1.440E+00  1.584E+00  1.734E+00  1.885E+00  2.059E+00  2.241E+00  2.444E+00  2.649E+00  2.872E+00  3.104E+00  3.350E+00  3.612E+00  3.888E+00  4.163E+00  4.469E+00  4.790E+00  5.125E+00  5.464E+00  5.830E+00  6.210E+00  6.602E+00  7.020E+00  7.436E+00  7.851E+00  8.307E+00  8.772E+00  9.244E+00  9.740E+00  1.024E+01  1.076E+01  1.128E+01  1.182E+01  1.236E+01  1.292E+01  1.349E+01  1.408E+01  1.465E+01  1.524E+01  1.584E+01  1.642E+01  1.705E+01  1.763E+01  1.826E+01  1.884E+01  1.948E+01  2.004E+01  2.065E+01  2.126E+01  2.185E+01  2.243E+01  2.298E+01  2.358E+01  2.412E+01  2.467E+01  2.518E+01  2.566E+01  2.618E+01  2.666E+01  2.705E+01  2.751E+01  2.791E+01  2.826E+01  2.860E+01  2.893E+01  2.918E+01  2.945E+01  2.968E+01  2.983E+01  2.996E+01  3.010E+01  3.013E+01  3.019E+01  3.015E+01  3.008E+01  2.998E+01  2.983E+01  2.964E+01  2.936E+01  2.908E+01  2.874E+01  2.837E+01  2.789E+01  2.743E+01  2.689E+01  2.634E+01  2.572E+01  2.508E+01  2.438E+01  2.364E+01  2.291E+01  2.215E+01  2.132E+01  2.051E+01  1.965E+01  1.880E+01  1.795E+01  1.707E+01  1.620E+01  1.535E+01  1.449E+01  1.364E+01  1.281E+01  1.199E+01  1.121E+01  1.044E+01  9.685E+00  8.973E+00  8.297E+00  7.634E+00  7.011E+00  6.415E+00  5.872E+00  5.348E+00  4.864E+00  4.393E+00  3.958E+00  3.562E+00  3.199E+00  2.859E+00  2.551E+00  2.260E+00  2.010E+00  1.777E+00  1.563E+00  1.372E+00  1.203E+00  1.049E+00  9.149E-01  7.928E-01  6.827E-01  5.930E-01  5.121E-01  4.331E-01  3.730E-01  3.195E-01  2.711E-01  2.301E-01  1.968E-01  1.655E-01  1.384E-01  1.170E-01  9.885E-02  8.119E-02  6.838E-02  5.632E-02  4.768E-02  3.884E-02  3.270E-02  2.615E-02  2.144E-02  1.701E-02  1.487E-02  1.223E-02  9.647E-03  8.022E-03  6.979E-03  5.371E-03  4.464E-03  3.126E-03  2.899E-03  2.425E-03  1.909E-03  5.250E-03  Z
 0.000E+00  0.000E+00  0.000E+00  0.000E+00  0.000E+00  0.000E+00  0.000E+00  0.000E+00  0.000E+00  0.000E+00  0.000E+00  0.000E+00  0.000E+00  0.000E+00  0.000E+00  0.000E+00  0.000E+00  0.000E+00  0.000E+00  1.834E-05  1.804E-05  3.529E-05  3.413E-05  5.071E-05  6.558E-05  9.717E-05  1.430E-04  1.400E-04  1.835E-04  1.656E-04  3.993E-04  3.345E-04  6.306E-04  6.214E-04  9.480E-04  9.464E-04  1.297E-03  1.467E-03  1.867E-03  2.495E-03  2.709E-03  3.556E-03  4.010E-03  4.982E-03  6.246E-03  7.111E-03  8.351E-03  9.841E-03  1.087E-02  1.317E-02  1.559E-02  1.868E-02  2.030E-02  2.383E-02  2.825E-02  3.312E-02  3.671E-02  4.462E-02  5.125E-02  5.747E-02  6.571E-02  7.741E-02  8.691E-02  9.960E-02  1.122E-01  1.306E-01  1.481E-01  1.687E-01  1.908E-01  2.148E-01  2.456E-01  2.773E-01  3.122E-01  3.493E-01  3.911E-01  4.390E-01  4.980E-01  5.563E-01  6.201E-01  6.853E-01  7.690E-01  8.487E-01  9.418E-01  1.040E+00  1.147E+00  1.263E+00  1.393E+00  1.531E+00  1.662E+00  1.831E+00  2.003E+00  2.175E+00  2.366E+00  2.559E+00  2.782E+00  3.011E+00  3.257E+00  3.522E+00  3.781E+00  4.082E+00  4.368E+00  4.689E+00  5.013E+00  5.369E+00  5.729E+00  6.115E+00  6.500E+00  6.911E+00  7.347E+00  7.788E+00  8.232E+00  8.704E+00  9.191E+00  9.697E+00  1.020E+01  1.074E+01  1.130E+01  1.184E+01  1.243E+01  1.297E+01  1.359E+01  1.418E+01  1.480E+01  1.541E+01  1.606E+01  1.669E+01  1.734E+01  1.799E+01  1.864E+01  1.931E+01  1.995E+01  2.062E+01  2.128E+01  2.194E+01  2.260E+01  2.328E+01  2.392E+01  2.458E+01  2.517E+01  2.578E+01  2.644E+01  2.702E+01  2.759E+01  2.813E+01  2.872E+01  2.923E+01  2.976E+01  3.024E+01  3.070E+01  3.111E+01  3.154E+01  3.189E+01  3.224E+01  3.255E+01  3.285E+01  3.304E+01  3.327E+01  3.344E+01  3.356E+01  3.362E+01  3.369E+01  3.369E+01  3.361E+01  3.349E+01  3.336E+01  3.319E+01  3.292E+01  3.259E+01  3.229E+01  3.191E+01  3.145E+01  3.095E+01  3.043E+01  2.984E+01  2.920E+01  2.851E+01  2.781E+01  2.705E+01  2.624E+01  2.543E+01  2.458E+01  2.371E+01  2.279E+01  2.185E+01  2.093E+01  1.998E+01  1.903E+01  1.807E+01  1.712E+01  1.616E+01  1.525E+01  1.432E+01  1.342E+01  1.256E+01  1.171E+01  1.087E+01  1.008E+01  9.335E+00  8.615E+00  7.903E+00  7.245E+00  6.623E+00  6.033E+00  5.493E+00  4.973E+00  4.486E+00  4.045E+00  3.644E+00  3.255E+00  2.904E+00  2.587E+00  2.298E+00  2.036E+00  1.792E+00  1.572E+00  1.383E+00  1.205E+00  1.053E+00  9.129E-01  7.983E-01  6.831E-01  5.919E-01  5.084E-01  4.371E-01  3.704E-01  3.187E-01  2.706E-01  2.282E-01  1.922E-01  1.626E-01  1.357E-01  1.158E-01  9.654E-02  8.085E-02  6.670E-02  5.625E-02  4.631E-02  3.894E-02  3.103E-02  2.721E-02  2.117E-02  1.788E-02  1.518E-02  1.212E-02  9.856E-03  7.681E-03  6.633E-03  5.407E-03  1.619E-02  Z
 0.000E+00  0.000E+00  0.000E+00  0.000E+00  0.000E+00  0.000E+00  0.000E+00  0.000E+00  0.000E+00  0.000E+00  0.000E+00  0.000E+00  0.000E+00  0.000E+00  0.000E+00  2.062E-05  4.017E-05  0.000E+00  0.000E+00  3.688E-05  0.000E+00  1.775E-05  6.856E-05  1.009E-04  6.553E-05  1.611E-04  9.493E-05  1.711E-04  2.439E-04  1.801E-04  2.669E-04  4.662E-04  4.304E-04  7.472E-04  1.056E-03  1.178E-03  1.353E-03  1.534E-03  1.777E-03  2.405E-03  2.826E-03  3.480E-03  4.184E-03  4.995E-03  5.627E-03  6.515E-03  7.441E-03  9.008E-03  1.095E-02  1.209E-02  1.443E-02  1.782E-02  1.977E-02  2.262E-02  2.576E-02  3.065E-02  3.552E-02  4.126E-02  4.720E-02  5.345E-02  6.322E-02  7.224E-02  8.294E-02  9.369E-02  1.073E-01  1.216E-01  1.396E-01  1.591E-01  1.788E-01  2.055E-01  2.333E-01  2.603E-01  2.949E-01  3.311E-01  3.731E-01  4.190E-01  4.673E-01  5.236E-01  5.857E-01  6.579E-01  7.249E-01  8.066E-01  8.970E-01  9.935E-01  1.094E+00  1.205E+00  1.330E+00  1.462E+00  1.599E+00  1.749E+00  1.916E+00  2.093E+00  2.280E+00  2.468E+00  2.680E+00  2.906E+00  3.157E+00  3.399E+00  3.669E+00  3.956E+00  4.253E+00  4.573E+00  4.896E+00  5.231E+00  5.601E+00  5.990E+00  6.379E+00  6.800E+00  7.223E+00  7.693E+00  8.121E+00  8.607E+00  9.107E+00  9.642E+00  1.016E+01  1.071E+01  1.126E+01  1.184E+01  1.243E+01  1.303E+01  1.363E+01  1.428E+01  1.495E+01  1.562E+01  1.629E+01  1.696E+01  1.764E+01  1.839E+01  1.908E+01  1.979E+01  2.051E+01  2.124E+01  2.198E+01  2.272E+01  2.345E+01  2.421E+01  2.495E+01  2.568E+01  2.638E+01  2.715E+01  2.785E+01  2.857E+01  2.927E+01  2.998E+01  3.065E+01  3.130E+01  3.195E+01  3.257E+01  3.317E+01  3.374E+01  3.432E+01  3.484E+01  3.536E+01  3.583E+01  3.625E+01  3.666E+01  3.704E+01  3.739E+01  3.772E+01  3.794E+01  3.817E+01  3.838E+01  3.848E+01  3.857E+01  3.862E+01  3.861E+01  3.859E+01  3.847E+01  3.829E+01  3.814E+01  3.787E+01  3.755E+01  3.719E+01  3.677E+01  3.628E+01  3.578E+01  3.519E+01  3.458E+01  3.389E+01  3.320E+01  3.242E+01  3.161E+01  3.076E+01  2.986E+01  2.891E+01  2.796E+01  2.697E+01  2.595E+01  2.490E+01  2.384E+01  2.278E+01  2.172E+01  2.066E+01  1.958E+01  1.854E+01  1.745E+01  1.643E+01  1.543E+01  1.443E+01  1.347E+01  1.253E+01  1.164E+01  1.077E+01  9.935E+00  9.143E+00  8.395E+00  7.682E+00  7.014E+00  6.374E+00  5.797E+00  5.235E+00  4.727E+00  4.248E+00  3.814E+00  3.404E+00  3.040E+00  2.700E+00  2.402E+00  2.121E+00  1.859E+00  1.637E+00  1.433E+00  1.250E+00  1.086E+00  9.452E-01  8.152E-01  7.055E-01  6.125E-01  5.214E-01  4.485E-01  3.804E-01  3.245E-01  2.770E-01  2.344E-01  1.974E-01  1.683E-01  1.413E-01  1.178E-01  9.900E-02  8.379E-02  6.894E-02  5.670E-02  4.760E-02  4.026E-02  3.238E-02  2.631E-02  2.210E-02  1.805E-02  5.680E-02  Z
