nu_m
Z
Z
Z
Z
Z
Z
Z
Z
Z
 0.000E+00  0.000E+00  0.000E+00  0.000E+00  0.000E+00  0.000E+00  0.000E+00  0.000E+00  0.000E+00  0.000E+00  0.000E+00  0.000E+00  0.000E+00  0.000E+00  0.000E+00  4.174E-05  0.000E+00  3.906E-05  5.697E-05  5.494E-05  3.604E-05  1.233E-04  6.896E-05  1.520E-04  2.474E-04  4.044E-04  3.801E-04  7.302E-04  7.502E-04  9.472E-04  1.257E-03  1.557E-03  2.021E-03  2.598E-03  3.537E-03  4.402E-03  4.937E-03  6.639E-03  8.539E-03  1.077E-02  1.372E-02  1.669E-02  2.053E-02  2.393E-02  3.037E-02  3.592E-02  4.317E-02  5.096E-02  6.117E-02  7.338E-02  8.694E-02  1.009E-01  1.195E-01  1.381E-01  1.616E-01  1.877E-01  2.167E-01  2.516E-01  2.886E-01  3.306E-01  3.806E-01  4.336E-01  4.853E-01  5.527E-01  6.201E-01  7.006E-01  7.732E-01  8.569E-01  9.528E-01  1.049E+00  1.146E+00  1.251E+00  1.366E+00  1.479E+00  1.605E+00  1.730E+00  1.840E+00  1.968E+00  2.097E+00  2.218E+00  2.336E+00  2.459E+00  2.569E+00  2.684E+00  2.779E+00  2.881E+00  2.959E+00  3.055E+00  3.119E+00  3.194E+00  3.232E+00  3.279E+00  3.289E+00  3.310E+00  3.327E+00  3.325E+00  3.309E+00  3.286E+00  3.245E+00  3.208E+00  3.157E+00  3.079E+00  3.016E+00  2.934E+00  2.850E+00  2.769E+00  2.670E+00  2.564E+00  2.467E+00  2.353E+00  2.251E+00  2.142E+00  2.031E+00  1.918E+00  1.805E+00  1.707E+00  1.596E+00  1.487E+00  1.386E+00  1.290E+00  1.193E+00  1.100E+00  1.017E+00  9.278E-01  8.481E-01  7.678E-01  6.959E-01  6.289E-01  5.665E-01  5.078E-01  4.515E-01  4.010E-01  3.550E-01  3.133E-01  2.740E-01  2.396E-01  2.098E-01  1.785E-01  1.529E-01  1.319E-01  1.125E-01  9.486E-02  8.003E-02  6.677E-02  5.432E-02  4.629E-02  3.770E-02  2.972E-02  2.536E-02  2.024E-02  1.578E-02  1.277E-02  9.757E-03  7.850E-03  6.051E-03  4.721E-03  3.573E-03  3.067E-03  2.213E-03  1.852E-03  1.496E-03  1.016E-03  7.481E-04  6.855E-04  6.265E-04  3.942E-04  3.295E-04  2.146E-04  2.158E-04  1.568E-04  1.004E-04  1.246E-04  7.547E-05  6.843E-05  9.255E-05  3.752E-05  1.829E-05  3.047E-05  2.414E-05  6.004E-06  1.789E-05  1.223E-05  2.444E-05  6.161E-06  6.259E-06  0.000E+00  Z
 0.000E+00  0.000E+00  0.000E+00  0.000E+00  0.000E+00  0.000E+00  0.000E+00  0.000E+00  0.000E+00  0.000E+00  2.547E-05  0.000E+00  2.305E-05  2.243E-05  6.413E-05  2.075E-05  4.001E-05  1.168E-04  2.854E-04  8.320E-04  1.064E-03  1.620E-03  3.033E-03  3.734E-03  6.405E-03  8.493E-03  1.150E-02  1.523E-02  1.821E-02  1.995E-02  2.568E-02  3.075E-02  3.422E-02  3.998E-02  4.314E-02  5.044E-02  5.404E-02  5.919E-02  6.607E-02  7.252E-02  8.033E-02  8.745E-02  9.538E-02  1.018E-01  1.121E-01  1.245E-01  1.331E-01  1.435E-01  1.561E-01  1.686E-01  1.863E-01  2.019E-01  2.207E-01  2.415E-01  2.584E-01  2.812E-01  3.100E-01  3.391E-01  3.708E-01  4.017E-01  4.387E-01  4.767E-01  5.162E-01  5.681E-01  6.172E-01  6.692E-01  7.297E-01  7.889E-01  8.587E-01  9.306E-01  1.008E+00  1.099E+00  1.184E+00  1.278E+00  1.370E+00  1.476E+00  1.577E+00  1.690E+00  1.811E+00  1.937E+00  2.052E+00  2.181E+00  2.323E+00  2.447E+00  2.582E+00  2.720E+00  2.849E+00  2.990E+00  3.139E+00  3.256E+00  3.388E+00  3.514E+00  3.633E+00  3.748E+00  3.854E+00  3.943E+00  4.038E+00  4.121E+00  4.186E+00  4.247E+00  4.300E+00  4.336E+00  4.368E+00  4.383E+00  4.393E+00  4.381E+00  4.362E+00  4.332E+00  4.289E+00  4.229E+00  4.169E+00  4.088E+00  3.991E+00  3.876E+00  3.772E+00  3.652E+00  3.522E+00  3.380E+00  3.242E+00  3.107E+00  2.957E+00  2.812E+00  2.658E+00  2.515E+00  2.361E+00  2.212E+00  2.068E+00  1.933E+00  1.796E+00  1.666E+00  1.535E+00  1.414E+00  1.291E+00  1.186E+00  1.078E+00  9.769E-01  8.819E-01  7.939E-01  7.082E-01  6.363E-01  5.683E-01  5.006E-01  4.400E-01  3.863E-01  3.404E-01  2.950E-01  2.570E-01  2.192E-01  1.867E-01  1.634E-01  1.404E-01  1.174E-01  9.946E-02  8.347E-02  7.080E-02  5.734E-02  4.921E-02  3.945E-02  3.269E-02  2.623E-02  2.166E-02  1.784E-02  1.388E-02  1.130E-02  9.349E-03  7.416E-03  5.423E-03  4.620E-03  3.763E-03  2.958E-03  2.210E-03  1.837E-03  1.417E-03  1.032E-03  7.867E-04  5.605E-04  4.634E-04  3.750E-04  2.639E-04  2.827E-04  2.010E-04  2.543E-04  1.327E-04  9.722E-05  1.823E-05  5.450E-05  5.397E-05  3.009E-05  4.153E-05  2.436E-05  2.303E-05  5.700E-06  0.000E+00  Z
 0.000E+00  0.000E+00  0.000E+00  0.000E+00  0.000E+00  0.000E+00  0.000E+00  0.000E+00  0.000E+00  0.000E+00  0.000E+00  2.428E-05  0.000E+00  2.205E-05  6.383E-05  6.203E-05  1.203E-04  1.363E-04  6.254E-04  6.282E-04  9.200E-04  1.688E-03  2.600E-03  3.686E-03  4.821E-03  6.768E-03  8.936E-03  1.039E-02  1.244E-02  1.667E-02  1.954E-02  2.305E-02  2.571E-02  2.874E-02  3.409E-02  3.822E-02  4.477E-02  4.925E-02  5.315E-02  5.849E-02  6.514E-02  7.262E-02  7.548E-02  8.311E-02  9.158E-02  9.765E-02  1.091E-01  1.162E-01  1.284E-01  1.392E-01  1.532E-01  1.661E-01  1.798E-01  1.962E-01  2.141E-01  2.331E-01  2.575E-01  2.833E-01  3.067E-01  3.319E-01  3.664E-01  3.957E-01  4.353E-01  4.738E-01  5.163E-01  5.659E-01  6.171E-01  6.670E-01  7.284E-01  7.921E-01  8.565E-01  9.334E-01  1.012E+00  1.094E+00  1.180E+00  1.277E+00  1.374E+00  1.475E+00  1.588E+00  1.702E+00  1.831E+00  1.954E+00  2.079E+00  2.220E+00  2.349E+00  2.506E+00  2.648E+00  2.795E+00  2.950E+00  3.097E+00  3.258E+00  3.419E+00  3.573E+00  3.737E+00  3.884E+00  4.042E+00  4.194E+00  4.343E+00  4.490E+00  4.626E+00  4.759E+00  4.875E+00  5.004E+00  5.115E+00  5.239E+00  5.311E+00  5.377E+00  5.449E+00  5.509E+00  5.556E+00  5.576E+00  5.579E+00  5.580E+00  5.559E+00  5.520E+00  5.464E+00  5.393E+00  5.318E+00  5.222E+00  5.115E+00  5.014E+00  4.885E+00  4.734E+00  4.611E+00  4.443E+00  4.291E+00  4.127E+00  3.973E+00  3.799E+00  3.627E+00  3.451E+00  3.285E+00  3.117E+00  2.943E+00  2.784E+00  2.615E+00  2.448E+00  2.302E+00  2.155E+00  2.003E+00  1.861E+00  1.726E+00  1.590E+00  1.473E+00  1.346E+00  1.242E+00  1.131E+00  1.034E+00  9.409E-01  8.492E-01  7.720E-01  6.936E-01  6.281E-01  5.600E-01  5.014E-01  4.461E-01  3.965E-01  3.465E-01  3.076E-01  2.697E-01  2.355E-01  2.050E-01  1.776E-01  1.527E-01  1.322E-01  1.119E-01  9.646E-02  8.216E-02  6.825E-02  5.820E-02  4.910E-02  4.001E-02  3.395E-02  2.855E-02  2.379E-02  1.879E-02  1.577E-02  1.234E-02  1.031E-02  8.654E-03  6.592E-03  5.470E-03  4.507E-03  3.425E-03  2.672E-03  2.295E-03  1.627E-03  1.415E-03  1.061E-03  1.004E-03  7.712E-04  4.282E-04  3.350E-04  3.408E-04  2.520E-04  1.362E-04  1.410E-04  1.591E-04  6.496E-05  9.772E-05  4.663E-05  3.426E-05  4.097E-05  1.145E-05  5.585E-06  1.719E-05  1.148E-05  5.630E-06  5.533E-06  1.114E-05  0.000E+00  Z
 0.000E+00  0.000E+00  0.000E+00  0.000E+00  0.000E+00  0.000E+00  0.000E+00  0.000E+00  0.000E+00  0.000E+00  0.000E+00  2.393E-05  0.000E+00  0.000E+00  2.163E-05  8.328E-05  1.006E-04  7.774E-05  2.658E-04  2.779E-04  7.565E-04  1.144E-03  2.116E-03  2.542E-03  3.861E-03  5.093E-03  6.497E-03  9.113E-03  1.118E-02  1.325E-02  1.595E-02  1.923E-02  2.211E-02  2.588E-02  2.885E-02  3.380E-02  3.753E-02  4.030E-02  4.676E-02  5.001E-02  5.456E-02  6.065E-02  6.768E-02  7.431E-02  8.060E-02  8.931E-02  9.580E-02  1.057E-01  1.171E-01  1.248E-01  1.357E-01  1.488E-01  1.614E-01  1.778E-01  1.931E-01  2.125E-01  2.296E-01  2.534E-01  2.792E-01  3.054E-01  3.307E-01  3.619E-01  3.936E-01  4.296E-01  4.727E-01  5.168E-01  5.574E-01  6.066E-01  6.676E-01  7.265E-01  7.888E-01  8.513E-01  9.215E-01  1.001E+00  1.090E+00  1.174E+00  1.268E+00  1.364E+00  1.465E+00  1.588E+00  1.703E+00  1.819E+00  1.945E+00  2.077E+00  2.209E+00  2.354E+00  2.499E+00  2.648E+00  2.798E+00  2.956E+00  3.130E+00  3.279E+00  3.448E+00  3.613E+00  3.780E+00  3.948E+00  4.119E+00  4.304E+00  4.449E+00  4.616E+00  4.787E+00  4.946E+00  5.111E+00  5.258E+00  5.420E+00  5.556E+00  5.691E+00  5.809E+00  5.938E+00  6.052E+00  6.155E+00  6.241E+00  6.331E+00  6.378E+00  6.439E+00  6.468E+00  6.518E+00  6.536E+00  6.518E+00  6.486E+00  6.481E+00  6.444E+00  6.383E+00  6.306E+00  6.214E+00  6.127E+00  6.013E+00  5.891E+00  5.759E+00  5.615E+00  5.470E+00  5.317E+00  5.155E+00  4.959E+00  4.792E+00  4.612E+00  4.426E+00  4.234E+00  4.036E+00  3.837E+00  3.661E+00  3.461E+00  3.274E+00  3.086E+00  2.893E+00  2.712E+00  2.540E+00  2.369E+00  2.213E+00  2.050E+00  1.899E+00  1.751E+00  1.615E+00  1.477E+00  1.357E+00  1.238E+00  1.129E+00  1.021E+00  9.277E-01  8.391E-01  7.537E-01  6.784E-01  6.011E-01  5.401E-01  4.815E-01  4.240E-01  3.758E-01  3.321E-01  2.936E-01  2.544E-01  2.240E-01  1.917E-01  1.683E-01  1.439E-01  1.242E-01  1.058E-01  9.140E-02  7.727E-02  6.597E-02  5.599E-02  4.806E-02  3.923E-02  3.331E-02  2.775E-02  2.345E-02  1.933E-02  1.599E-02  1.305E-02  1.040E-02  8.870E-03  7.479E-03  5.629E-03  4.736E-03  3.867E-03  2.987E-03  2.372E-03  2.006E-03  1.464E-03  1.056E-03  9.714E-04  6.836E-04  5.529E-04  4.080E-04  3.038E-04  2.855E-04  2.454E-04  1.708E-04  8.458E-05  6.243E-05  9.622E-05  6.807E-05  3.975E-05  1.114E-05  1.124E-05  3.984E-05  1.665E-05  1.125E-05  1.661E-05  1.690E-05  5.465E-06  5.447E-06  0.000E+00  Z
 0.000E+00  0.000E+00  0.000E+00  0.000E+00  0.000E+00  0.000E+00  0.000E+00  0.000E+00  0.000E+00  0.000E+00  0.000E+00  2.402E-05  2.295E-05  0.000E+00  6.443E-05  6.247E-05  4.041E-05  1.370E-04  2.086E-04  3.695E-04  6.303E-04  1.057E-03  1.515E-03  1.955E-03  2.576E-03  4.385E-03  5.744E-03  7.573E-03  8.971E-03  1.220E-02  1.388E-02  1.628E-02  1.975E-02  2.284E-02  2.624E-02  2.992E-02  3.320E-02  3.743E-02  4.268E-02  4.788E-02  5.296E-02  5.650E-02  6.432E-02  6.842E-02  7.378E-02  8.169E-02  8.919E-02  9.893E-02  1.051E-01  1.185E-01  1.266E-01  1.405E-01  1.521E-01  1.664E-01  1.823E-01  1.990E-01  2.170E-01  2.379E-01  2.575E-01  2.808E-01  3.122E-01  3.425E-01  3.731E-01  4.052E-01  4.421E-01  4.819E-01  5.281E-01  5.755E-01  6.311E-01  6.860E-01  7.460E-01  8.075E-01  8.824E-01  9.574E-01  1.033E+00  1.123E+00  1.211E+00  1.310E+00  1.415E+00  1.519E+00  1.632E+00  1.747E+00  1.867E+00  1.998E+00  2.136E+00  2.270E+00  2.414E+00  2.578E+00  2.728E+00  2.879E+00  3.043E+00  3.219E+00  3.380E+00  3.547E+00  3.730E+00  3.896E+00  4.079E+00  4.253E+00  4.418E+00  4.603E+00  4.777E+00  4.960E+00  5.118E+00  5.283E+00  5.468E+00  5.627E+00  5.781E+00  5.935E+00  6.097E+00  6.222E+00  6.364E+00  6.498E+00  6.625E+00  6.718E+00  6.815E+00  6.900E+00  6.986E+00  7.051E+00  7.094E+00  7.161E+00  7.170E+00  7.205E+00  7.209E+00  7.199E+00  7.179E+00  7.156E+00  7.106E+00  7.047E+00  7.000E+00  6.900E+00  6.805E+00  6.693E+00  6.580E+00  6.440E+00  6.295E+00  6.156E+00  5.982E+00  5.823E+00  5.614E+00  5.435E+00  5.238E+00  5.034E+00  4.822E+00  4.621E+00  4.415E+00  4.202E+00  3.987E+00  3.788E+00  3.570E+00  3.362E+00  3.165E+00  2.968E+00  2.775E+00  2.586E+00  2.411E+00  2.225E+00  2.061E+00  1.902E+00  1.748E+00  1.607E+00  1.469E+00  1.337E+00  1.218E+00  1.101E+00  1.002E+00  9.014E-01  8.088E-01  7.295E-01  6.507E-01  5.790E-01  5.138E-01  4.538E-01  4.014E-01  3.533E-01  3.053E-01  2.714E-01  2.351E-01  2.042E-01  1.762E-01  1.530E-01  1.325E-01  1.133E-01  9.709E-02  8.258E-02  7.089E-02  6.026E-02  5.021E-02  4.331E-02  3.640E-02  3.004E-02  2.543E-02  2.129E-02  1.689E-02  1.492E-02  1.198E-02  9.850E-03  7.949E-03  6.347E-03  5.298E-03  4.465E-03  3.768E-03  2.767E-03  2.249E-03  1.869E-03  1.387E-03  1.282E-03  9.965E-04  7.213E-04  5.958E-04  4.258E-04  3.447E-04  2.986E-04  2.025E-04  1.910E-04  1.456E-04  8.428E-05  1.002E-04  4.979E-05  6.599E-05  3.277E-05  2.219E-05  1.130E-05  5.368E-06  0.000E+00  Z
 0.000E+00  0.000E+00  0.000E+00  0.000E+00  0.000E+00  0.000E+00  0.000E+00  0.000E+00  0.000E+00  0.000E+00  0.000E+00  0.000E+00  0.000E+00  4.463E-05  0.000E+00  4.157E-05  6.053E-05  7.800E-05  2.467E-04  3.904E-04  5.950E-04  1.093E-03  1.568E-03  2.091E-03  3.218E-03  4.740E-03  5.746E-03  7.429E-03  8.952E-03  1.112E-02  1.394E-02  1.533E-02  1.934E-02  2.160E-02  2.597E-02  2.989E-02  3.378E-02  3.704E-02  4.113E-02  4.728E-02  5.113E-02  5.610E-02  6.315E-02  6.833E-02  7.643E-02  8.046E-02  8.843E-02  9.745E-02  1.062E-01  1.166E-01  1.255E-01  1.380E-01  1.529E-01  1.666E-01  1.792E-01  1.977E-01  2.183E-01  2.343E-01  2.586E-01  2.842E-01  3.082E-01  3.369E-01  3.680E-01  4.075E-01  4.456E-01  4.863E-01  5.247E-01  5.759E-01  6.248E-01  6.830E-01  7.438E-01  8.024E-01  8.795E-01  9.453E-01  1.024E+00  1.112E+00  1.201E+00  1.298E+00  1.411E+00  1.503E+00  1.617E+00  1.733E+00  1.872E+00  1.998E+00  2.127E+00  2.278E+00  2.410E+00  2.557E+00  2.726E+00  2.876E+00  3.036E+00  3.203E+00  3.364E+00  3.558E+00  3.719E+00  3.885E+00  4.056E+00  4.243E+00  4.419E+00  4.596E+00  4.768E+00  4.942E+00  5.116E+00  5.298E+00  5.471E+00  5.631E+00  5.787E+00  5.957E+00  6.097E+00  6.243E+00  6.384E+00  6.508E+00  6.640E+00  6.747E+00  6.866E+00  6.934E+00  7.038E+00  7.093E+00  7.149E+00  7.221E+00  7.254E+00  7.278E+00  7.299E+00  7.285E+00  7.291E+00  7.263E+00  7.229E+00  7.176E+00  7.120E+00  7.055E+00  6.951E+00  6.842E+00  6.740E+00  6.611E+00  6.475E+00  6.330E+00  6.169E+00  5.984E+00  5.829E+00  5.638E+00  5.441E+00  5.242E+00  5.035E+00  4.835E+00  4.609E+00  4.397E+00  4.186E+00  3.972E+00  3.759E+00  3.553E+00  3.346E+00  3.143E+00  2.950E+00  2.751E+00  2.556E+00  2.385E+00  2.201E+00  2.040E+00  1.877E+00  1.728E+00  1.581E+00  1.448E+00  1.317E+00  1.198E+00  1.084E+00  9.774E-01  8.821E-01  7.973E-01  7.068E-01  6.346E-01  5.643E-01  4.974E-01  4.412E-01  3.857E-01  3.429E-01  2.985E-01  2.608E-01  2.288E-01  1.975E-01  1.707E-01  1.473E-01  1.282E-01  1.098E-01  9.296E-02  8.046E-02  6.765E-02  5.850E-02  5.021E-02  4.108E-02  3.392E-02  2.882E-02  2.342E-02  2.036E-02  1.709E-02  1.392E-02  1.130E-02  9.134E-03  8.036E-03  6.372E-03  5.184E-03  4.255E-03  3.408E-03  2.728E-03  2.172E-03  1.931E-03  1.300E-03  1.089E-03  9.166E-04  7.185E-04  5.107E-04  4.411E-04  3.024E-04  2.755E-04  1.754E-04  1.170E-04  1.069E-04  1.506E-04  6.170E-05  3.361E-05  3.328E-05  4.356E-05  3.350E-05  1.605E-05  1.626E-05  1.660E-05  0.000E+00  Z
 0.000E+00  0.000E+00  0.000E+00  0.000E+00  0.000E+00  0.000E+00  0.000E+00  0.000E+00  0.000E+00  0.000E+00  0.000E+00  0.000E+00  0.000E+00  6.665E-05  0.000E+00  8.271E-05  6.078E-05  1.367E-04  2.471E-04  2.957E-04  7.405E-04  8.259E-04  1.481E-03  1.886E-03  2.707E-03  4.432E-03  5.491E-03  7.232E-03  9.427E-03  1.133E-02  1.342E-02  1.549E-02  1.904E-02  2.241E-02  2.637E-02  3.111E-02  3.418E-02  3.733E-02  4.243E-02  4.605E-02  5.132E-02  5.651E-02  6.287E-02  6.674E-02  7.369E-02  8.187E-02  8.983E-02  9.601E-02  1.054E-01  1.173E-01  1.250E-01  1.372E-01  1.488E-01  1.613E-01  1.788E-01  1.944E-01  2.150E-01  2.337E-01  2.585E-01  2.796E-01  3.051E-01  3.340E-01  3.659E-01  3.998E-01  4.406E-01  4.806E-01  5.247E-01  5.695E-01  6.211E-01  6.767E-01  7.345E-01  8.010E-01  8.684E-01  9.401E-01  1.024E+00  1.103E+00  1.198E+00  1.295E+00  1.398E+00  1.496E+00  1.615E+00  1.728E+00  1.856E+00  1.986E+00  2.120E+00  2.260E+00  2.408E+00  2.559E+00  2.708E+00  2.867E+00  3.019E+00  3.184E+00  3.355E+00  3.529E+00  3.711E+00  3.872E+00  4.062E+00  4.236E+00  4.417E+00  4.589E+00  4.788E+00  4.955E+00  5.131E+00  5.305E+00  5.470E+00  5.640E+00  5.815E+00  5.967E+00  6.104E+00  6.267E+00  6.400E+00  6.546E+00  6.667E+00  6.785E+00  6.895E+00  6.992E+00  7.091E+00  7.157E+00  7.231E+00  7.290E+00  7.345E+00  7.374E+00  7.392E+00  7.414E+00  7.405E+00  7.391E+00  7.363E+00  7.338E+00  7.284E+00  7.217E+00  7.140E+00  7.050E+00  6.927E+00  6.823E+00  6.691E+00  6.564E+00  6.409E+00  6.247E+00  6.060E+00  5.867E+00  5.693E+00  5.487E+00  5.298E+00  5.076E+00  4.875E+00  4.666E+00  4.439E+00  4.227E+00  4.008E+00  3.796E+00  3.583E+00  3.372E+00  3.160E+00  2.959E+00  2.771E+00  2.573E+00  2.392E+00  2.215E+00  2.043E+00  1.884E+00  1.725E+00  1.587E+00  1.443E+00  1.326E+00  1.201E+00  1.085E+00  9.760E-01  8.833E-01  7.937E-01  7.086E-01  6.304E-01  5.584E-01  4.958E-01  4.395E-01  3.871E-01  3.392E-01  2.993E-01  2.605E-01  2.253E-01  1.968E-01  1.705E-01  1.484E-01  1.265E-01  1.083E-01  9.339E-02  8.019E-02  6.575E-02  5.751E-02  4.769E-02  4.058E-02  3.454E-02  2.932E-02  2.394E-02  1.980E-02  1.670E-02  1.372E-02  1.120E-02  9.758E-03  7.683E-03  6.167E-03  4.987E-03  4.140E-03  3.549E-03  2.798E-03  2.296E-03  1.817E-03  1.534E-03  1.145E-03  8.203E-04  8.213E-04  5.750E-04  4.739E-04  3.918E-04  2.535E-04  1.897E-04  1.568E-04  1.058E-04  1.389E-04  6.112E-05  4.992E-05  3.362E-05  1.655E-05  2.222E-05  2.252E-05  5.327E-06  1.132E-05  5.680E-06  0.000E+00  Z
 0.000E+00  0.000E+00  0.000E+00  0.000E+00  0.000E+00  0.000E+00  0.000E+00  0.000E+00  0.000E+00  0.000E+00  0.000E+00  0.000E+00  0.000E+00  4.459E-05  2.169E-05  6.207E-05  1.002E-04  1.569E-04  1.516E-04  3.873E-04  5.776E-04  1.005E-03  1.583E-03  1.987E-03  2.937E-03  3.742E-03  5.440E-03  6.369E-03  8.569E-03  1.176E-02  1.315E-02  1.552E-02  2.008E-02  2.220E-02  2.618E-02  2.945E-02  3.334E-02  3.683E-02  4.003E-02  4.545E-02  5.014E-02  5.762E-02  6.224E-02  6.793E-02  7.183E-02  8.044E-02  8.718E-02  9.510E-02  1.053E-01  1.126E-01  1.239E-01  1.361E-01  1.468E-01  1.646E-01  1.808E-01  1.948E-01  2.140E-01  2.345E-01  2.558E-01  2.767E-01  3.082E-01  3.358E-01  3.674E-01  3.986E-01  4.373E-01  4.792E-01  5.194E-01  5.704E-01  6.245E-01  6.731E-01  7.316E-01  7.973E-01  8.658E-01  9.411E-01  1.021E+00  1.104E+00  1.199E+00  1.292E+00  1.396E+00  1.502E+00  1.604E+00  1.726E+00  1.863E+00  1.983E+00  2.116E+00  2.259E+00  2.392E+00  2.550E+00  2.709E+00  2.869E+00  3.033E+00  3.194E+00  3.357E+00  3.529E+00  3.696E+00  3.880E+00  4.056E+00  4.234E+00  4.408E+00  4.592E+00  4.782E+00  4.951E+00  5.130E+00  5.291E+00  5.467E+00  5.649E+00  5.798E+00  5.974E+00  6.108E+00  6.262E+00  6.415E+00  6.542E+00  6.678E+00  6.787E+00  6.906E+00  7.007E+00  7.096E+00  7.166E+00  7.226E+00  7.293E+00  7.342E+00  7.383E+00  7.400E+00  7.430E+00  7.424E+00  7.428E+00  7.387E+00  7.352E+00  7.288E+00  7.240E+00  7.167E+00  7.070E+00  6.964E+00  6.846E+00  6.720E+00  6.581E+00  6.426E+00  6.277E+00  6.099E+00  5.918E+00  5.718E+00  5.519E+00  5.334E+00  5.110E+00  4.894E+00  4.685E+00  4.462E+00  4.245E+00  4.035E+00  3.819E+00  3.600E+00  3.402E+00  3.183E+00  2.984E+00  2.787E+00  2.601E+00  2.415E+00  2.239E+00  2.065E+00  1.911E+00  1.751E+00  1.607E+00  1.460E+00  1.335E+00  1.214E+00  1.099E+00  9.896E-01  8.979E-01  7.980E-01  7.176E-01  6.384E-01  5.650E-01  5.072E-01  4.476E-01  3.956E-01  3.484E-01  3.021E-01  2.652E-01  2.281E-01  1.993E-01  1.745E-01  1.474E-01  1.300E-01  1.102E-01  9.494E-02  8.001E-02  6.776E-02  5.741E-02  4.887E-02  4.139E-02  3.496E-02  2.976E-02  2.416E-02  2.078E-02  1.732E-02  1.422E-02  1.143E-02  9.670E-03  7.783E-03  6.590E-03  5.176E-03  4.242E-03  3.368E-03  2.970E-03  2.440E-03  1.904E-03  1.315E-03  1.212E-03  8.649E-04  8.320E-04  5.472E-04  4.485E-04  3.194E-04  2.746E-04  1.850E-04  1.557E-04  1.004E-04  9.971E-05  7.750E-05  7.197E-05  1.133E-05  2.222E-05  1.682E-05  3.279E-05  1.089E-05  1.634E-05  5.536E-06  5.644E-06  5.634E-06  0.000E+00  Z
 0.000E+00  0.000E+00  0.000E+00  0.000E+00  0.000E+00  0.000E+00  0.000E+00  0.000E+00  0.000E+00  0.000E+00  0.000E+00  0.000E+00  0.000E+00  0.000E+00  0.000E+00  6.168E-05  8.106E-05  7.762E-05  2.663E-04  3.138E-04  6.300E-04  9.697E-04  1.651E-03  1.802E-03  3.037E-03  3.913E-03  5.192E-03  7.354E-03  8.977E-03  1.094E-02  1.259E-02  1.639E-02  1.891E-02  2.203E-02  2.489E-02  3.022E-02  3.178E-02  3.607E-02  4.160E-02  4.505E-02  5.022E-02  5.544E-02  6.223E-02  6.748E-02  7.168E-02  8.143E-02  8.787E-02  9.747E-02  1.048E-01  1.144E-01  1.238E-01  1.381E-01  1.504E-01  1.603E-01  1.822E-01  1.899E-01  2.130E-01  2.356E-01  2.571E-01  2.778E-01  3.084E-01  3.321E-01  3.662E-01  3.992E-01  4.395E-01  4.755E-01  5.229E-01  5.690E-01  6.176E-01  6.738E-01  7.359E-01  7.961E-01  8.679E-01  9.378E-01  1.022E+00  1.100E+00  1.193E+00  1.285E+00  1.389E+00  1.499E+00  1.614E+00  1.722E+00  1.857E+00  1.983E+00  2.122E+00  2.256E+00  2.393E+00  2.544E+00  2.701E+00  2.855E+00  3.019E+00  3.189E+00  3.360E+00  3.524E+00  3.700E+00  3.870E+00  4.056E+00  4.243E+00  4.410E+00  4.585E+00  4.767E+00  4.954E+00  5.122E+00  5.301E+00  5.478E+00  5.652E+00  5.802E+00  5.981E+00  6.128E+00  6.281E+00  6.413E+00  6.566E+00  6.695E+00  6.816E+00  6.927E+00  7.035E+00  7.117E+00  7.207E+00  7.263E+00  7.337E+00  7.383E+00  7.422E+00  7.465E+00  7.460E+00  7.476E+00  7.468E+00  7.444E+00  7.404E+00  7.370E+00  7.305E+00  7.238E+00  7.158E+00  7.056E+00  6.941E+00  6.831E+00  6.681E+00  6.541E+00  6.382E+00  6.205E+00  6.010E+00  5.845E+00  5.641E+00  5.439E+00  5.238E+00  5.019E+00  4.807E+00  4.594E+00  4.367E+00  4.141E+00  3.935E+00  3.712E+00  3.503E+00  3.284E+00  3.081E+00  2.881E+00  2.689E+00  2.503E+00  2.322E+00  2.148E+00  1.983E+00  1.829E+00  1.671E+00  1.530E+00  1.394E+00  1.268E+00  1.149E+00  1.040E+00  9.424E-01  8.394E-01  7.525E-01  6.720E-01  5.980E-01  5.321E-01  4.722E-01  4.138E-01  3.659E-01  3.201E-01  2.805E-01  2.443E-01  2.130E-01  1.850E-01  1.604E-01  1.367E-01  1.173E-01  1.008E-01  8.623E-02  7.438E-02  6.278E-02  5.333E-02  4.404E-02  3.745E-02  3.200E-02  2.665E-02  2.241E-02  1.789E-02  1.563E-02  1.245E-02  1.038E-02  8.725E-03  6.955E-03  5.728E-03  4.661E-03  3.824E-03  3.225E-03  2.464E-03  2.141E-03  1.544E-03  1.321E-03  9.173E-04  8.732E-04  6.599E-04  3.781E-04  3.412E-04  4.203E-04  2.757E-04  2.005E-04  1.616E-04  6.581E-05  5.555E-05  4.965E-05  5.004E-05  3.271E-05  3.336E-05  1.084E-05  2.212E-05  3.828E-05  5.326E-06  1.115E-05  0.000E+00  Z
 0.000E+00  0.000E+00  0.000E+00  0.000E+00  0.000E+00  0.000E+00  0.000E+00  0.000E+00  0.000E+00  0.000E+00  0.000E+00  0.000E+00  0.000E+00  2.234E-05  0.000E+00  4.105E-05  8.024E-05  1.369E-04  1.518E-04  3.140E-04  6.668E-04  9.503E-04  1.396E-03  1.939E-03  3.300E-03  4.679E-03  5.284E-03  6.727E-03  9.369E-03  1.089E-02  1.254E-02  1.593E-02  1.912E-02  2.250E-02  2.574E-02  2.745E-02  3.288E-02  3.740E-02  4.116E-02  4.607E-02  4.899E-02  5.589E-02  5.968E-02  6.627E-02  7.260E-02  7.903E-02  8.829E-02  9.495E-02  1.034E-01  1.145E-01  1.255E-01  1.350E-01  1.469E-01  1.619E-01  1.768E-01  1.912E-01  2.089E-01  2.327E-01  2.526E-01  2.756E-01  3.069E-01  3.335E-01  3.606E-01  3.993E-01  4.348E-01  4.724E-01  5.146E-01  5.593E-01  6.128E-01  6.653E-01  7.264E-01  7.933E-01  8.628E-01  9.333E-01  1.017E+00  1.095E+00  1.188E+00  1.280E+00  1.373E+00  1.488E+00  1.608E+00  1.720E+00  1.843E+00  1.968E+00  2.105E+00  2.246E+00  2.388E+00  2.535E+00  2.696E+00  2.844E+00  3.003E+00  3.170E+00  3.340E+00  3.514E+00  3.687E+00  3.877E+00  4.038E+00  4.227E+00  4.404E+00  4.584E+00  4.776E+00  4.945E+00  5.134E+00  5.302E+00  5.480E+00  5.657E+00  5.819E+00  5.979E+00  6.139E+00  6.295E+00  6.438E+00  6.584E+00  6.708E+00  6.838E+00  6.956E+00  7.053E+00  7.147E+00  7.252E+00  7.334E+00  7.385E+00  7.443E+00  7.484E+00  7.526E+00  7.539E+00  7.557E+00  7.561E+00  7.547E+00  7.506E+00  7.493E+00  7.435E+00  7.365E+00  7.280E+00  7.195E+00  7.099E+00  6.973E+00  6.860E+00  6.696E+00  6.552E+00  6.379E+00  6.216E+00  6.019E+00  5.825E+00  5.640E+00  5.418E+00  5.224E+00  4.999E+00  4.781E+00  4.565E+00  4.339E+00  4.113E+00  3.909E+00  3.674E+00  3.464E+00  3.254E+00  3.049E+00  2.850E+00  2.646E+00  2.467E+00  2.281E+00  2.107E+00  1.940E+00  1.787E+00  1.641E+00  1.491E+00  1.361E+00  1.236E+00  1.122E+00  1.014E+00  9.054E-01  8.171E-01  7.333E-01  6.499E-01  5.759E-01  5.147E-01  4.607E-01  4.013E-01  3.542E-01  3.084E-01  2.681E-01  2.337E-01  2.040E-01  1.763E-01  1.512E-01  1.299E-01  1.128E-01  9.711E-02  8.099E-02  6.925E-02  5.923E-02  4.941E-02  4.234E-02  3.621E-02  3.015E-02  2.500E-02  2.031E-02  1.745E-02  1.482E-02  1.173E-02  9.910E-03  8.511E-03  6.502E-03  5.313E-03  4.372E-03  3.827E-03  2.807E-03  2.582E-03  1.799E-03  1.464E-03  1.033E-03  7.603E-04  6.878E-04  5.692E-04  4.160E-04  4.431E-04  2.977E-04  1.839E-04  1.053E-04  1.230E-04  7.777E-05  5.529E-05  7.693E-05  3.877E-05  2.704E-05  2.742E-05  2.148E-05  5.330E-06  1.593E-05  1.068E-05  5.296E-06  0.000E+00  Z
 0.000E+00  0.000E+00  0.000E+00  0.000E+00  0.000E+00  0.000E+00  0.000E+00  0.000E+00  0.000E+00  0.000E+00  0.000E+00  0.000E+00  2.300E-05  2.202E-05  2.138E-05  4.161E-05  4.024E-05  1.756E-04  1.703E-04  4.441E-04  5.588E-04  1.161E-03  1.635E-03  1.751E-03  2.803E-03  3.753E-03  4.979E-03  6.736E-03  8.247E-03  1.063E-02  1.277E-02  1.574E-02  1.857E-02  2.093E-02  2.503E-02  2.818E-02  3.224E-02  3.567E-02  4.079E-02  4.480E-02  4.854E-02  5.393E-02  5.981E-02  6.664E-02  7.291E-02  7.806E-02  8.433E-02  9.369E-02  1.032E-01  1.115E-01  1.221E-01  1.324E-01  1.490E-01  1.595E-01  1.751E-01  1.912E-01  2.062E-01  2.327E-01  2.486E-01  2.732E-01  2.987E-01  3.237E-01  3.558E-01  3.926E-01  4.296E-01  4.688E-01  5.128E-01  5.608E-01  6.092E-01  6.662E-01  7.209E-01  7.842E-01  8.560E-01  9.280E-01  1.008E+00  1.090E+00  1.174E+00  1.273E+00  1.371E+00  1.471E+00  1.591E+00  1.707E+00  1.825E+00  1.949E+00  2.102E+00  2.234E+00  2.376E+00  2.526E+00  2.670E+00  2.835E+00  2.999E+00  3.172E+00  3.314E+00  3.498E+00  3.687E+00  3.868E+00  4.037E+00  4.214E+00  4.393E+00  4.571E+00  4.777E+00  4.949E+00  5.127E+00  5.311E+00  5.477E+00  5.655E+00  5.827E+00  6.010E+00  6.161E+00  6.325E+00  6.468E+00  6.622E+00  6.754E+00  6.890E+00  6.998E+00  7.120E+00  7.219E+00  7.322E+00  7.401E+00  7.484E+00  7.535E+00  7.608E+00  7.642E+00  7.678E+00  7.699E+00  7.700E+00  7.714E+00  7.698E+00  7.673E+00  7.630E+00  7.610E+00  7.527E+00  7.446E+00  7.353E+00  7.256E+00  7.121E+00  6.995E+00  6.867E+00  6.717E+00  6.548E+00  6.370E+00  6.166E+00  5.985E+00  5.777E+00  5.563E+00  5.360E+00  5.127E+00  4.909E+00  4.684E+00  4.463E+00  4.237E+00  4.008E+00  3.791E+00  3.569E+00  3.351E+00  3.138E+00  2.936E+00  2.739E+00  2.542E+00  2.357E+00  2.178E+00  2.006E+00  1.849E+00  1.690E+00  1.543E+00  1.404E+00  1.281E+00  1.156E+00  1.047E+00  9.414E-01  8.476E-01  7.558E-01  6.764E-01  5.994E-01  5.312E-01  4.714E-01  4.177E-01  3.632E-01  3.198E-01  2.785E-01  2.440E-01  2.104E-01  1.826E-01  1.580E-01  1.345E-01  1.151E-01  9.912E-02  8.616E-02  7.069E-02  6.263E-02  5.236E-02  4.360E-02  3.641E-02  3.112E-02  2.659E-02  2.200E-02  1.865E-02  1.551E-02  1.268E-02  1.029E-02  8.701E-03  7.138E-03  6.072E-03  4.597E-03  3.999E-03  2.891E-03  2.491E-03  2.151E-03  1.646E-03  1.285E-03  9.737E-04  9.109E-04  6.782E-04  5.413E-04  4.847E-04  3.338E-04  2.281E-04  2.278E-04  1.328E-04  1.219E-04  1.336E-04  4.432E-05  3.868E-05  2.751E-05  2.179E-05  1.605E-05  1.640E-05  1.050E-05  0.000E+00  Z
 0.000E+00  0.000E+00  0.000E+00  0.000E+00  0.000E+00  0.000E+00  0.000E+00  0.000E+00  0.000E+00  0.000E+00  0.000E+00  0.000E+00  2.302E-05  0.000E+00  6.404E-05  4.192E-05  8.067E-05  9.779E-05  2.848E-04  3.514E-04  5.036E-04  7.560E-04  1.756E-03  2.039E-03  2.708E-03  4.160E-03  4.572E-03  6.403E-03  8.279E-03  1.074E-02  1.300E-02  1.471E-02  1.875E-02  2.050E-02  2.389E-02  2.762E-02  3.128E-02  3.669E-02  3.949E-02  4.378E-02  4.920E-02  5.437E-02  6.008E-02  6.377E-02  7.116E-02  7.794E-02  8.527E-02  9.252E-02  1.030E-01  1.107E-01  1.231E-01  1.322E-01  1.453E-01  1.599E-01  1.765E-01  1.894E-01  2.080E-01  2.272E-01  2.478E-01  2.738E-01  2.974E-01  3.241E-01  3.558E-01  3.871E-01  4.267E-01  4.620E-01  5.129E-01  5.519E-01  6.010E-01  6.579E-01  7.196E-01  7.820E-01  8.470E-01  9.177E-01  9.992E-01  1.076E+00  1.173E+00  1.265E+00  1.367E+00  1.470E+00  1.579E+00  1.694E+00  1.827E+00  1.954E+00  2.081E+00  2.223E+00  2.360E+00  2.510E+00  2.668E+00  2.828E+00  2.978E+00  3.151E+00  3.322E+00  3.494E+00  3.665E+00  3.853E+00  4.032E+00  4.201E+00  4.390E+00  4.569E+00  4.768E+00  4.933E+00  5.122E+00  5.296E+00  5.485E+00  5.654E+00  5.828E+00  5.999E+00  6.169E+00  6.335E+00  6.489E+00  6.626E+00  6.786E+00  6.903E+00  7.048E+00  7.170E+00  7.269E+00  7.374E+00  7.467E+00  7.547E+00  7.615E+00  7.681E+00  7.747E+00  7.779E+00  7.820E+00  7.837E+00  7.855E+00  7.856E+00  7.834E+00  7.794E+00  7.768E+00  7.734E+00  7.666E+00  7.577E+00  7.487E+00  7.386E+00  7.260E+00  7.149E+00  6.985E+00  6.821E+00  6.677E+00  6.480E+00  6.295E+00  6.092E+00  5.901E+00  5.691E+00  5.456E+00  5.237E+00  5.023E+00  4.781E+00  4.558E+00  4.333E+00  4.108E+00  3.865E+00  3.648E+00  3.429E+00  3.210E+00  3.000E+00  2.803E+00  2.599E+00  2.417E+00  2.230E+00  2.057E+00  1.892E+00  1.734E+00  1.583E+00  1.443E+00  1.311E+00  1.181E+00  1.074E+00  9.611E-01  8.710E-01  7.727E-01  6.935E-01  6.148E-01  5.464E-01  4.826E-01  4.263E-01  3.757E-01  3.312E-01  2.866E-01  2.488E-01  2.168E-01  1.864E-01  1.618E-01  1.404E-01  1.185E-01  1.009E-01  8.809E-02  7.334E-02  6.310E-02  5.354E-02  4.372E-02  3.769E-02  3.163E-02  2.675E-02  2.304E-02  1.931E-02  1.568E-02  1.280E-02  1.075E-02  9.331E-03  7.165E-03  5.893E-03  4.932E-03  3.948E-03  3.091E-03  2.541E-03  2.305E-03  1.467E-03  1.361E-03  1.134E-03  9.371E-04  7.043E-04  5.540E-04  3.241E-04  2.741E-04  2.819E-04  2.169E-04  1.550E-04  1.223E-04  6.013E-05  6.558E-05  8.691E-05  3.260E-05  2.154E-05  2.147E-05  1.103E-05  5.637E-06  2.134E-05  5.454E-06  1.069E-05  0.000E+00  Z
 0.000E+00  0.000E+00  0.000E+00  0.000E+00  0.000E+00  0.000E+00  0.000E+00  0.000E+00  0.000E+00  0.000E+00  2.525E-05  0.000E+00  0.000E+00  0.000E+00  2.129E-05  6.192E-05  4.002E-05  1.170E-04  2.470E-04  3.514E-04  5.969E-04  8.437E-04  1.187E-03  2.158E-03  2.757E-03  3.882E-03  4.904E-03  6.886E-03  7.651E-03  1.047E-02  1.235E-02  1.447E-02  1.752E-02  2.016E-02  2.360E-02  2.839E-02  3.062E-02  3.530E-02  3.999E-02  4.441E-02  4.849E-02  5.453E-02  5.913E-02  6.404E-02  6.993E-02  7.615E-02  8.452E-02  9.320E-02  1.012E-01  1.103E-01  1.197E-01  1.296E-01  1.430E-01  1.582E-01  1.712E-01  1.892E-01  2.042E-01  2.245E-01  2.479E-01  2.718E-01  2.953E-01  3.223E-01  3.520E-01  3.859E-01  4.211E-01  4.591E-01  5.053E-01  5.488E-01  6.030E-01  6.536E-01  7.153E-01  7.761E-01  8.401E-01  9.220E-01  9.954E-01  1.079E+00  1.164E+00  1.260E+00  1.359E+00  1.467E+00  1.572E+00  1.692E+00  1.815E+00  1.944E+00  2.074E+00  2.216E+00  2.349E+00  2.496E+00  2.660E+00  2.815E+00  2.978E+00  3.143E+00  3.323E+00  3.490E+00  3.675E+00  3.847E+00  4.030E+00  4.204E+00  4.393E+00  4.577E+00  4.758E+00  4.941E+00  5.120E+00  5.313E+00  5.506E+00  5.675E+00  5.858E+00  6.034E+00  6.185E+00  6.360E+00  6.509E+00  6.665E+00  6.813E+00  6.944E+00  7.076E+00  7.185E+00  7.303E+00  7.412E+00  7.510E+00  7.599E+00  7.665E+00  7.727E+00  7.793E+00  7.841E+00  7.868E+00  7.912E+00  7.932E+00  7.934E+00  7.925E+00  7.910E+00  7.873E+00  7.836E+00  7.774E+00  7.688E+00  7.620E+00  7.515E+00  7.401E+00  7.276E+00  7.130E+00  6.972E+00  6.803E+00  6.638E+00  6.458E+00  6.257E+00  6.051E+00  5.841E+00  5.628E+00  5.404E+00  5.175E+00  4.944E+00  4.708E+00  4.492E+00  4.246E+00  4.011E+00  3.780E+00  3.561E+00  3.355E+00  3.130E+00  2.925E+00  2.721E+00  2.524E+00  2.345E+00  2.160E+00  1.979E+00  1.821E+00  1.666E+00  1.523E+00  1.385E+00  1.260E+00  1.136E+00  1.028E+00  9.240E-01  8.289E-01  7.368E-01  6.601E-01  5.852E-01  5.145E-01  4.558E-01  4.013E-01  3.518E-01  3.089E-01  2.697E-01  2.325E-01  2.026E-01  1.740E-01  1.508E-01  1.301E-01  1.109E-01  9.489E-02  7.994E-02  6.872E-02  5.833E-02  5.036E-02  4.122E-02  3.519E-02  2.955E-02  2.476E-02  2.048E-02  1.764E-02  1.472E-02  1.213E-02  9.175E-03  8.136E-03  6.035E-03  5.398E-03  4.313E-03  3.613E-03  3.012E-03  2.195E-03  1.858E-03  1.511E-03  1.413E-03  1.084E-03  7.134E-04  6.525E-04  4.230E-04  3.997E-04  2.545E-04  2.224E-04  1.593E-04  1.756E-04  1.099E-04  6.035E-05  4.425E-05  6.585E-05  7.125E-05  4.918E-05  2.177E-05  5.624E-06  0.000E+00  Z
 0.000E+00  0.000E+00  0.000E+00  0.000E+00  0.000E+00  0.000E+00  0.000E+00  0.000E+00  0.000E+00  0.000E+00  0.000E+00  0.000E+00  0.000E+00  2.227E-05  2.144E-05  2.072E-05  3.981E-05  5.826E-05  1.704E-04  3.702E-04  6.313E-04  7.920E-04  1.137E-03  1.822E-03  2.804E-03  4.124E-03  5.346E-03  6.743E-03  8.202E-03  1.022E-02  1.271E-02  1.511E-02  1.816E-02  2.077E-02  2.327E-02  2.794E-02  3.197E-02  3.463E-02  4.039E-02  4.368E-02  4.808E-02  5.254E-02  5.850E-02  6.444E-02  6.976E-02  7.469E-02  8.428E-02  9.145E-02  1.008E-01  1.103E-01  1.202E-01  1.307E-01  1.424E-01  1.555E-01  1.719E-01  1.891E-01  2.057E-01  2.241E-01  2.483E-01  2.679E-01  2.963E-01  3.207E-01  3.535E-01  3.875E-01  4.198E-01  4.580E-01  5.033E-01  5.480E-01  5.987E-01  6.532E-01  7.109E-01  7.740E-01  8.388E-01  9.119E-01  9.942E-01  1.070E+00  1.160E+00  1.250E+00  1.356E+00  1.450E+00  1.573E+00  1.688E+00  1.800E+00  1.939E+00  2.067E+00  2.208E+00  2.352E+00  2.500E+00  2.650E+00  2.812E+00  2.978E+00  3.140E+00  3.315E+00  3.487E+00  3.662E+00  3.840E+00  4.014E+00  4.196E+00  4.386E+00  4.564E+00  4.766E+00  4.947E+00  5.119E+00  5.305E+00  5.487E+00  5.672E+00  5.853E+00  6.022E+00  6.179E+00  6.358E+00  6.510E+00  6.684E+00  6.814E+00  6.963E+00  7.088E+00  7.211E+00  7.331E+00  7.432E+00  7.529E+00  7.619E+00  7.706E+00  7.784E+00  7.849E+00  7.898E+00  7.931E+00  7.973E+00  7.979E+00  8.004E+00  8.007E+00  7.987E+00  7.953E+00  7.926E+00  7.869E+00  7.790E+00  7.721E+00  7.628E+00  7.511E+00  7.387E+00  7.277E+00  7.113E+00  6.955E+00  6.787E+00  6.601E+00  6.417E+00  6.205E+00  5.996E+00  5.792E+00  5.555E+00  5.340E+00  5.106E+00  4.870E+00  4.629E+00  4.395E+00  4.163E+00  3.942E+00  3.702E+00  3.473E+00  3.266E+00  3.052E+00  2.842E+00  2.643E+00  2.447E+00  2.260E+00  2.087E+00  1.923E+00  1.756E+00  1.606E+00  1.459E+00  1.327E+00  1.205E+00  1.091E+00  9.757E-01  8.764E-01  7.862E-01  7.035E-01  6.183E-01  5.526E-01  4.851E-01  4.334E-01  3.789E-01  3.302E-01  2.901E-01  2.494E-01  2.177E-01  1.870E-01  1.624E-01  1.406E-01  1.200E-01  1.030E-01  8.675E-02  7.466E-02  6.339E-02  5.454E-02  4.525E-02  3.812E-02  3.213E-02  2.680E-02  2.305E-02  1.869E-02  1.613E-02  1.320E-02  1.045E-02  9.003E-03  7.434E-03  6.615E-03  4.615E-03  3.811E-03  3.026E-03  2.671E-03  2.217E-03  1.639E-03  1.403E-03  1.179E-03  8.425E-04  8.071E-04  6.861E-04  4.672E-04  3.068E-04  3.076E-04  2.163E-04  2.083E-04  1.492E-04  8.771E-05  1.100E-04  6.579E-05  2.727E-05  3.235E-05  2.733E-05  5.269E-06  1.079E-05  5.535E-06  1.108E-05  1.104E-05  5.459E-06  0.000E+00  Z
 0.000E+00  0.000E+00  0.000E+00  0.000E+00  0.000E+00  0.000E+00  0.000E+00  0.000E+00  0.000E+00  0.000E+00  0.000E+00  0.000E+00  0.000E+00  0.000E+00  2.160E-05  4.122E-05  8.102E-05  5.833E-05  1.330E-04  1.658E-04  3.973E-04  8.964E-04  1.496E-03  2.106E-03  2.739E-03  4.043E-03  4.507E-03  6.747E-03  7.847E-03  1.021E-02  1.270E-02  1.528E-02  1.756E-02  1.983E-02  2.324E-02  2.753E-02  3.177E-02  3.584E-02  3.864E-02  4.245E-02  4.889E-02  5.253E-02  5.762E-02  6.479E-02  6.811E-02  7.810E-02  8.260E-02  9.287E-02  9.831E-02  1.091E-01  1.183E-01  1.298E-01  1.441E-01  1.561E-01  1.685E-01  1.854E-01  2.077E-01  2.241E-01  2.446E-01  2.649E-01  2.897E-01  3.222E-01  3.445E-01  3.825E-01  4.164E-01  4.538E-01  4.946E-01  5.435E-01  5.942E-01  6.495E-01  7.067E-01  7.707E-01  8.300E-01  9.073E-01  9.790E-01  1.065E+00  1.148E+00  1.249E+00  1.337E+00  1.450E+00  1.562E+00  1.677E+00  1.796E+00  1.931E+00  2.062E+00  2.189E+00  2.341E+00  2.490E+00  2.640E+00  2.806E+00  2.963E+00  3.129E+00  3.304E+00  3.474E+00  3.656E+00  3.837E+00  4.009E+00  4.190E+00  4.378E+00  4.570E+00  4.760E+00  4.954E+00  5.125E+00  5.319E+00  5.506E+00  5.677E+00  5.860E+00  6.025E+00  6.211E+00  6.384E+00  6.525E+00  6.696E+00  6.853E+00  6.985E+00  7.134E+00  7.256E+00  7.375E+00  7.495E+00  7.608E+00  7.687E+00  7.782E+00  7.854E+00  7.930E+00  7.985E+00  8.024E+00  8.076E+00  8.105E+00  8.131E+00  8.144E+00  8.135E+00  8.097E+00  8.087E+00  8.041E+00  8.001E+00  7.924E+00  7.833E+00  7.739E+00  7.609E+00  7.501E+00  7.368E+00  7.220E+00  7.068E+00  6.879E+00  6.686E+00  6.487E+00  6.292E+00  6.076E+00  5.856E+00  5.636E+00  5.395E+00  5.161E+00  4.920E+00  4.687E+00  4.462E+00  4.215E+00  3.975E+00  3.740E+00  3.514E+00  3.296E+00  3.073E+00  2.870E+00  2.664E+00  2.459E+00  2.277E+00  2.100E+00  1.932E+00  1.766E+00  1.616E+00  1.471E+00  1.338E+00  1.205E+00  1.091E+00  9.835E-01  8.773E-01  7.914E-01  7.007E-01  6.239E-01  5.518E-01  4.892E-01  4.303E-01  3.767E-01  3.313E-01  2.895E-01  2.510E-01  2.192E-01  1.865E-01  1.635E-01  1.386E-01  1.187E-01  1.017E-01  8.755E-02  7.353E-02  6.323E-02  5.365E-02  4.507E-02  3.773E-02  3.151E-02  2.719E-02  2.205E-02  1.888E-02  1.568E-02  1.293E-02  1.064E-02  8.984E-03  7.633E-03  6.034E-03  4.963E-03  4.119E-03  3.248E-03  2.634E-03  2.163E-03  1.904E-03  1.468E-03  1.087E-03  8.731E-04  7.508E-04  5.559E-04  4.295E-04  2.980E-04  2.756E-04  2.033E-04  2.032E-04  1.385E-04  7.137E-05  7.066E-05  5.941E-05  3.867E-05  2.139E-05  5.330E-05  2.141E-05  1.107E-05  0.000E+00  Z
 0.000E+00  0.000E+00  0.000E+00  0.000E+00  0.000E+00  0.000E+00  0.000E+00  0.000E+00  0.000E+00  0.000E+00  0.000E+00  0.000E+00  0.000E+00  2.231E-05  4.262E-05  4.139E-05  1.005E-04  9.725E-05  2.465E-04  3.689E-04  4.336E-04  9.330E-04  1.068E-03  1.987E-03  2.819E-03  3.899E-03  4.692E-03  6.124E-03  7.347E-03  1.009E-02  1.251E-02  1.524E-02  1.691E-02  2.007E-02  2.264E-02  2.750E-02  3.062E-02  3.521E-02  3.801E-02  4.127E-02  4.757E-02  5.084E-02  5.699E-02  6.203E-02  6.908E-02  7.244E-02  8.301E-02  8.906E-02  9.962E-02  1.098E-01  1.163E-01  1.290E-01  1.392E-01  1.537E-01  1.701E-01  1.868E-01  2.032E-01  2.200E-01  2.412E-01  2.669E-01  2.910E-01  3.170E-01  3.463E-01  3.758E-01  4.130E-01  4.566E-01  4.909E-01  5.389E-01  5.890E-01  6.420E-01  6.982E-01  7.644E-01  8.276E-01  9.000E-01  9.738E-01  1.060E+00  1.146E+00  1.239E+00  1.341E+00  1.444E+00  1.544E+00  1.667E+00  1.784E+00  1.920E+00  2.045E+00  2.193E+00  2.330E+00  2.490E+00  2.635E+00  2.796E+00  2.961E+00  3.120E+00  3.298E+00  3.475E+00  3.645E+00  3.828E+00  4.006E+00  4.193E+00  4.367E+00  4.561E+00  4.759E+00  4.938E+00  5.126E+00  5.325E+00  5.507E+00  5.686E+00  5.859E+00  6.048E+00  6.209E+00  6.401E+00  6.579E+00  6.712E+00  6.872E+00  7.014E+00  7.156E+00  7.299E+00  7.416E+00  7.550E+00  7.646E+00  7.756E+00  7.850E+00  7.927E+00  8.006E+00  8.064E+00  8.127E+00  8.172E+00  8.230E+00  8.237E+00  8.251E+00  8.259E+00  8.243E+00  8.250E+00  8.196E+00  8.155E+00  8.102E+00  8.030E+00  7.947E+00  7.840E+00  7.720E+00  7.584E+00  7.443E+00  7.295E+00  7.123E+00  6.944E+00  6.765E+00  6.561E+00  6.361E+00  6.125E+00  5.903E+00  5.661E+00  5.442E+00  5.199E+00  4.964E+00  4.718E+00  4.479E+00  4.227E+00  4.004E+00  3.764E+00  3.530E+00  3.301E+00  3.087E+00  2.877E+00  2.666E+00  2.469E+00  2.280E+00  2.095E+00  1.937E+00  1.768E+00  1.616E+00  1.467E+00  1.333E+00  1.207E+00  1.087E+00  9.737E-01  8.797E-01  7.804E-01  6.974E-01  6.203E-01  5.493E-01  4.856E-01  4.261E-01  3.751E-01  3.276E-01  2.854E-01  2.496E-01  2.157E-01  1.884E-01  1.600E-01  1.380E-01  1.185E-01  1.014E-01  8.587E-02  7.392E-02  6.273E-02  5.241E-02  4.423E-02  3.813E-02  3.173E-02  2.613E-02  2.165E-02  1.868E-02  1.576E-02  1.295E-02  1.040E-02  8.524E-03  7.434E-03  6.145E-03  4.800E-03  4.000E-03  3.019E-03  2.535E-03  2.134E-03  1.711E-03  1.319E-03  1.144E-03  8.429E-04  7.585E-04  5.794E-04  4.434E-04  3.859E-04  2.491E-04  2.309E-04  2.144E-04  9.374E-05  8.597E-05  9.310E-05  5.438E-05  5.477E-06  3.821E-05  2.116E-05  2.154E-05  2.680E-05  1.594E-05  5.442E-06  0.000E+00  Z
 0.000E+00  0.000E+00  0.000E+00  0.000E+00  0.000E+00  0.000E+00  0.000E+00  0.000E+00  0.000E+00  0.000E+00  0.000E+00  0.000E+00  0.000E+00  0.000E+00  2.147E-05  0.000E+00  6.035E-05  9.731E-05  1.512E-04  3.142E-04  5.051E-04  7.390E-04  1.343E-03  1.667E-03  2.326E-03  3.393E-03  4.680E-03  5.773E-03  7.316E-03  9.345E-03  1.163E-02  1.405E-02  1.635E-02  1.849E-02  2.192E-02  2.597E-02  2.898E-02  3.391E-02  3.731E-02  4.045E-02  4.718E-02  5.117E-02  5.638E-02  6.160E-02  6.732E-02  7.363E-02  7.997E-02  8.810E-02  9.850E-02  1.041E-01  1.165E-01  1.282E-01  1.388E-01  1.509E-01  1.661E-01  1.823E-01  1.993E-01  2.167E-01  2.374E-01  2.602E-01  2.862E-01  3.140E-01  3.435E-01  3.720E-01  4.096E-01  4.462E-01  4.886E-01  5.289E-01  5.786E-01  6.330E-01  6.866E-01  7.499E-01  8.148E-01  8.885E-01  9.633E-01  1.043E+00  1.133E+00  1.220E+00  1.325E+00  1.421E+00  1.536E+00  1.656E+00  1.774E+00  1.898E+00  2.035E+00  2.167E+00  2.311E+00  2.453E+00  2.605E+00  2.776E+00  2.942E+00  3.098E+00  3.275E+00  3.440E+00  3.640E+00  3.807E+00  3.989E+00  4.180E+00  4.368E+00  4.558E+00  4.739E+00  4.935E+00  5.127E+00  5.328E+00  5.509E+00  5.688E+00  5.870E+00  6.069E+00  6.261E+00  6.429E+00  6.605E+00  6.768E+00  6.926E+00  7.076E+00  7.233E+00  7.373E+00  7.506E+00  7.640E+00  7.761E+00  7.869E+00  7.985E+00  8.080E+00  8.175E+00  8.257E+00  8.307E+00  8.386E+00  8.451E+00  8.503E+00  8.511E+00  8.549E+00  8.562E+00  8.570E+00  8.552E+00  8.536E+00  8.502E+00  8.462E+00  8.402E+00  8.309E+00  8.225E+00  8.102E+00  7.984E+00  7.850E+00  7.712E+00  7.565E+00  7.367E+00  7.185E+00  6.988E+00  6.778E+00  6.556E+00  6.344E+00  6.094E+00  5.862E+00  5.621E+00  5.363E+00  5.121E+00  4.876E+00  4.614E+00  4.370E+00  4.122E+00  3.887E+00  3.642E+00  3.405E+00  3.174E+00  2.962E+00  2.746E+00  2.540E+00  2.340E+00  2.161E+00  1.987E+00  1.811E+00  1.655E+00  1.507E+00  1.364E+00  1.234E+00  1.114E+00  1.002E+00  8.957E-01  8.018E-01  7.164E-01  6.382E-01  5.621E-01  4.964E-01  4.374E-01  3.872E-01  3.352E-01  2.915E-01  2.537E-01  2.189E-01  1.906E-01  1.639E-01  1.396E-01  1.211E-01  1.028E-01  8.755E-02  7.489E-02  6.339E-02  5.344E-02  4.577E-02  3.837E-02  3.271E-02  2.693E-02  2.221E-02  1.876E-02  1.537E-02  1.294E-02  1.112E-02  9.078E-03  7.073E-03  6.077E-03  4.830E-03  3.862E-03  3.385E-03  2.526E-03  2.013E-03  1.759E-03  1.418E-03  1.080E-03  8.668E-04  7.689E-04  5.848E-04  5.014E-04  3.194E-04  2.926E-04  2.572E-04  1.756E-04  1.358E-04  8.713E-05  4.860E-05  6.521E-05  4.360E-05  3.775E-05  1.587E-05  1.614E-05  1.077E-05  5.396E-06  5.108E-06  1.048E-05  1.059E-05  5.410E-06  0.000E+00  Z
 0.000E+00  0.000E+00  0.000E+00  0.000E+00  0.000E+00  0.000E+00  0.000E+00  0.000E+00  0.000E+00  0.000E+00  2.499E-05  0.000E+00  2.290E-05  0.000E+00  2.140E-05  2.101E-05  4.037E-05  1.169E-04  1.522E-04  2.773E-04  5.402E-04  6.340E-04  1.224E-03  1.684E-03  2.393E-03  3.254E-03  4.638E-03  5.992E-03  7.303E-03  9.276E-03  1.178E-02  1.448E-02  1.712E-02  1.960E-02  2.066E-02  2.498E-02  2.963E-02  3.328E-02  3.785E-02  3.909E-02  4.578E-02  5.066E-02  5.467E-02  6.148E-02  6.587E-02  7.297E-02  7.930E-02  9.068E-02  9.590E-02  1.046E-01  1.131E-01  1.233E-01  1.357E-01  1.478E-01  1.634E-01  1.809E-01  1.948E-01  2.162E-01  2.333E-01  2.553E-01  2.821E-01  3.032E-01  3.381E-01  3.685E-01  4.006E-01  4.388E-01  4.848E-01  5.263E-01  5.720E-01  6.248E-01  6.875E-01  7.430E-01  8.063E-01  8.700E-01  9.518E-01  1.033E+00  1.122E+00  1.212E+00  1.303E+00  1.411E+00  1.519E+00  1.631E+00  1.751E+00  1.883E+00  2.011E+00  2.155E+00  2.297E+00  2.445E+00  2.591E+00  2.749E+00  2.917E+00  3.081E+00  3.263E+00  3.433E+00  3.611E+00  3.795E+00  3.988E+00  4.165E+00  4.358E+00  4.557E+00  4.745E+00  4.946E+00  5.144E+00  5.315E+00  5.511E+00  5.703E+00  5.898E+00  6.081E+00  6.283E+00  6.452E+00  6.640E+00  6.808E+00  6.965E+00  7.131E+00  7.291E+00  7.439E+00  7.581E+00  7.710E+00  7.866E+00  7.970E+00  8.083E+00  8.196E+00  8.286E+00  8.399E+00  8.475E+00  8.552E+00  8.632E+00  8.674E+00  8.737E+00  8.775E+00  8.792E+00  8.824E+00  8.808E+00  8.819E+00  8.813E+00  8.778E+00  8.711E+00  8.671E+00  8.598E+00  8.518E+00  8.409E+00  8.309E+00  8.169E+00  8.010E+00  7.857E+00  7.695E+00  7.502E+00  7.300E+00  7.100E+00  6.871E+00  6.651E+00  6.409E+00  6.160E+00  5.916E+00  5.666E+00  5.408E+00  5.147E+00  4.886E+00  4.634E+00  4.377E+00  4.120E+00  3.877E+00  3.633E+00  3.387E+00  3.158E+00  2.938E+00  2.728E+00  2.519E+00  2.320E+00  2.127E+00  1.956E+00  1.788E+00  1.628E+00  1.477E+00  1.343E+00  1.209E+00  1.084E+00  9.759E-01  8.758E-01  7.843E-01  6.939E-01  6.124E-01  5.420E-01  4.800E-01  4.189E-01  3.682E-01  3.206E-01  2.799E-01  2.426E-01  2.083E-01  1.803E-01  1.569E-01  1.331E-01  1.141E-01  9.813E-02  8.180E-02  7.094E-02  5.999E-02  5.069E-02  4.293E-02  3.579E-02  3.074E-02  2.443E-02  2.050E-02  1.683E-02  1.492E-02  1.243E-02  1.019E-02  8.161E-03  7.030E-03  6.054E-03  4.456E-03  3.728E-03  3.149E-03  2.480E-03  1.968E-03  1.706E-03  1.384E-03  1.172E-03  8.619E-04  6.937E-04  4.993E-04  3.390E-04  4.287E-04  1.963E-04  1.911E-04  2.174E-04  1.425E-04  1.362E-04  1.137E-04  9.218E-05  3.249E-05  2.175E-05  3.706E-05  5.305E-06  1.591E-05  5.492E-06  5.539E-06  1.068E-05  5.499E-06  0.000E+00  Z
 0.000E+00  0.000E+00  0.000E+00  0.000E+00  0.000E+00  0.000E+00  0.000E+00  0.000E+00  0.000E+00  0.000E+00  0.000E+00  0.000E+00  0.000E+00  2.201E-05  6.430E-05  0.000E+00  8.052E-05  3.901E-05  2.098E-04  2.963E-04  5.778E-04  6.332E-04  9.482E-04  1.734E-03  2.410E-03  2.798E-03  3.965E-03  5.578E-03  7.196E-03  8.963E-03  1.098E-02  1.234E-02  1.622E-02  1.882E-02  2.081E-02  2.459E-02  2.797E-02  3.099E-02  3.507E-02  3.946E-02  4.474E-02  4.821E-02  5.545E-02  5.798E-02  6.351E-02  7.058E-02  7.883E-02  8.696E-02  9.263E-02  1.014E-01  1.110E-01  1.223E-01  1.351E-01  1.455E-01  1.585E-01  1.747E-01  1.915E-01  2.087E-01  2.287E-01  2.530E-01  2.745E-01  2.988E-01  3.322E-01  3.577E-01  3.916E-01  4.349E-01  4.694E-01  5.190E-01  5.604E-01  6.103E-01  6.666E-01  7.302E-01  7.901E-01  8.598E-01  9.329E-01  1.017E+00  1.100E+00  1.189E+00  1.286E+00  1.384E+00  1.505E+00  1.607E+00  1.730E+00  1.842E+00  1.980E+00  2.130E+00  2.274E+00  2.413E+00  2.572E+00  2.723E+00  2.899E+00  3.061E+00  3.218E+00  3.411E+00  3.596E+00  3.776E+00  3.957E+00  4.146E+00  4.327E+00  4.535E+00  4.728E+00  4.921E+00  5.135E+00  5.318E+00  5.524E+00  5.730E+00  5.905E+00  6.115E+00  6.317E+00  6.485E+00  6.682E+00  6.858E+00  7.048E+00  7.209E+00  7.382E+00  7.530E+00  7.698E+00  7.842E+00  7.987E+00  8.145E+00  8.268E+00  8.384E+00  8.501E+00  8.624E+00  8.714E+00  8.807E+00  8.912E+00  9.004E+00  9.063E+00  9.116E+00  9.187E+00  9.229E+00  9.256E+00  9.284E+00  9.291E+00  9.293E+00  9.268E+00  9.275E+00  9.222E+00  9.173E+00  9.103E+00  9.018E+00  8.908E+00  8.809E+00  8.687E+00  8.536E+00  8.374E+00  8.205E+00  8.019E+00  7.825E+00  7.602E+00  7.388E+00  7.131E+00  6.897E+00  6.647E+00  6.396E+00  6.133E+00  5.858E+00  5.590E+00  5.302E+00  5.040E+00  4.770E+00  4.499E+00  4.233E+00  3.978E+00  3.725E+00  3.469E+00  3.227E+00  3.008E+00  2.788E+00  2.563E+00  2.361E+00  2.169E+00  1.979E+00  1.811E+00  1.646E+00  1.493E+00  1.357E+00  1.217E+00  1.090E+00  9.850E-01  8.813E-01  7.824E-01  6.945E-01  6.150E-01  5.385E-01  4.790E-01  4.184E-01  3.662E-01  3.192E-01  2.781E-01  2.407E-01  2.082E-01  1.790E-01  1.543E-01  1.317E-01  1.124E-01  9.563E-02  8.205E-02  6.961E-02  5.988E-02  5.007E-02  4.219E-02  3.527E-02  2.949E-02  2.495E-02  2.049E-02  1.752E-02  1.455E-02  1.201E-02  1.002E-02  7.953E-03  6.660E-03  5.622E-03  4.542E-03  3.837E-03  2.843E-03  2.552E-03  1.960E-03  1.424E-03  1.301E-03  1.000E-03  9.511E-04  6.570E-04  5.237E-04  3.314E-04  3.164E-04  2.939E-04  2.067E-04  1.530E-04  1.241E-04  9.105E-05  3.777E-05  5.955E-05  3.191E-05  4.781E-05  2.114E-05  1.581E-05  2.107E-05  1.079E-05  5.464E-06  1.064E-05  0.000E+00  Z
 0.000E+00  0.000E+00  0.000E+00  0.000E+00  0.000E+00  0.000E+00  0.000E+00  0.000E+00  0.000E+00  0.000E+00  0.000E+00  0.000E+00  0.000E+00  2.214E-05  0.000E+00  6.248E-05  4.063E-05  3.916E-05  1.896E-04  2.400E-04  4.325E-04  6.163E-04  8.604E-04  1.432E-03  1.848E-03  2.553E-03  3.903E-03  5.374E-03  6.136E-03  8.228E-03  9.756E-03  1.257E-02  1.493E-02  1.679E-02  2.057E-02  2.295E-02  2.645E-02  2.984E-02  3.306E-02  3.686E-02  4.299E-02  4.741E-02  5.126E-02  5.687E-02  6.142E-02  6.720E-02  7.499E-02  8.272E-02  9.042E-02  9.730E-02  1.076E-01  1.171E-01  1.278E-01  1.411E-01  1.545E-01  1.680E-01  1.861E-01  2.035E-01  2.207E-01  2.401E-01  2.661E-01  2.885E-01  3.178E-01  3.465E-01  3.850E-01  4.189E-01  4.606E-01  5.007E-01  5.452E-01  5.950E-01  6.509E-01  7.074E-01  7.690E-01  8.321E-01  9.094E-01  9.868E-01  1.076E+00  1.166E+00  1.252E+00  1.357E+00  1.461E+00  1.577E+00  1.696E+00  1.820E+00  1.947E+00  2.084E+00  2.225E+00  2.366E+00  2.523E+00  2.687E+00  2.838E+00  3.018E+00  3.178E+00  3.372E+00  3.550E+00  3.736E+00  3.927E+00  4.114E+00  4.309E+00  4.506E+00  4.717E+00  4.900E+00  5.114E+00  5.320E+00  5.532E+00  5.739E+00  5.945E+00  6.133E+00  6.347E+00  6.553E+00  6.745E+00  6.943E+00  7.128E+00  7.320E+00  7.517E+00  7.677E+00  7.847E+00  8.017E+00  8.197E+00  8.360E+00  8.509E+00  8.655E+00  8.803E+00  8.922E+00  9.052E+00  9.189E+00  9.317E+00  9.421E+00  9.530E+00  9.623E+00  9.706E+00  9.785E+00  9.882E+00  9.927E+00  9.992E+00  1.003E+01  1.005E+01  1.006E+01  1.010E+01  1.008E+01  1.007E+01  1.003E+01  9.994E+00  9.933E+00  9.852E+00  9.755E+00  9.658E+00  9.532E+00  9.386E+00  9.221E+00  9.055E+00  8.856E+00  8.650E+00  8.425E+00  8.210E+00  7.964E+00  7.711E+00  7.446E+00  7.159E+00  6.884E+00  6.596E+00  6.311E+00  6.024E+00  5.714E+00  5.434E+00  5.124E+00  4.834E+00  4.553E+00  4.267E+00  3.999E+00  3.732E+00  3.469E+00  3.225E+00  2.983E+00  2.746E+00  2.532E+00  2.321E+00  2.123E+00  1.938E+00  1.761E+00  1.596E+00  1.444E+00  1.300E+00  1.173E+00  1.049E+00  9.409E-01  8.330E-01  7.378E-01  6.548E-01  5.771E-01  5.110E-01  4.455E-01  3.887E-01  3.397E-01  2.964E-01  2.549E-01  2.214E-01  1.906E-01  1.637E-01  1.395E-01  1.190E-01  1.016E-01  8.665E-02  7.201E-02  6.183E-02  5.251E-02  4.380E-02  3.794E-02  3.175E-02  2.616E-02  2.173E-02  1.833E-02  1.568E-02  1.274E-02  1.015E-02  8.644E-03  7.070E-03  5.806E-03  5.025E-03  3.775E-03  3.553E-03  2.724E-03  2.078E-03  1.605E-03  1.394E-03  1.171E-03  1.003E-03  8.659E-04  5.628E-04  5.236E-04  3.659E-04  3.065E-04  2.850E-04  2.767E-04  1.818E-04  1.380E-04  1.011E-04  1.073E-04  2.638E-05  3.174E-05  2.074E-05  1.592E-05  1.045E-05  0.000E+00  Z
 0.000E+00  0.000E+00  0.000E+00  0.000E+00  0.000E+00  0.000E+00  0.000E+00  0.000E+00  0.000E+00  0.000E+00  0.000E+00  0.000E+00  0.000E+00  0.000E+00  0.000E+00  8.351E-05  5.982E-05  3.897E-05  1.895E-04  1.849E-04  2.715E-04  5.463E-04  8.594E-04  1.463E-03  1.962E-03  2.781E-03  3.314E-03  4.952E-03  6.014E-03  7.970E-03  9.095E-03  1.184E-02  1.311E-02  1.599E-02  1.909E-02  2.210E-02  2.453E-02  2.882E-02  3.169E-02  3.714E-02  4.014E-02  4.357E-02  4.902E-02  5.402E-02  6.038E-02  6.724E-02  7.240E-02  7.904E-02  8.739E-02  9.490E-02  1.035E-01  1.146E-01  1.240E-01  1.358E-01  1.494E-01  1.650E-01  1.793E-01  1.960E-01  2.154E-01  2.315E-01  2.572E-01  2.831E-01  3.068E-01  3.403E-01  3.678E-01  4.046E-01  4.411E-01  4.871E-01  5.275E-01  5.772E-01  6.300E-01  6.882E-01  7.520E-01  8.116E-01  8.853E-01  9.597E-01  1.046E+00  1.133E+00  1.223E+00  1.320E+00  1.431E+00  1.533E+00  1.651E+00  1.778E+00  1.907E+00  2.038E+00  2.177E+00  2.331E+00  2.483E+00  2.637E+00  2.799E+00  2.969E+00  3.147E+00  3.324E+00  3.497E+00  3.694E+00  3.884E+00  4.081E+00  4.274E+00  4.485E+00  4.701E+00  4.894E+00  5.101E+00  5.315E+00  5.530E+00  5.749E+00  5.954E+00  6.165E+00  6.387E+00  6.607E+00  6.824E+00  7.033E+00  7.218E+00  7.430E+00  7.633E+00  7.825E+00  8.014E+00  8.200E+00  8.394E+00  8.566E+00  8.756E+00  8.924E+00  9.071E+00  9.256E+00  9.398E+00  9.552E+00  9.708E+00  9.861E+00  9.983E+00  1.010E+01  1.025E+01  1.035E+01  1.046E+01  1.056E+01  1.064E+01  1.075E+01  1.081E+01  1.089E+01  1.094E+01  1.097E+01  1.102E+01  1.103E+01  1.104E+01  1.104E+01  1.100E+01  1.096E+01  1.091E+01  1.084E+01  1.075E+01  1.064E+01  1.054E+01  1.038E+01  1.024E+01  1.004E+01  9.867E+00  9.661E+00  9.432E+00  9.190E+00  8.937E+00  8.673E+00  8.406E+00  8.104E+00  7.806E+00  7.496E+00  7.191E+00  6.879E+00  6.549E+00  6.235E+00  5.914E+00  5.597E+00  5.280E+00  4.971E+00  4.667E+00  4.368E+00  4.078E+00  3.784E+00  3.525E+00  3.247E+00  3.001E+00  2.759E+00  2.536E+00  2.318E+00  2.116E+00  1.927E+00  1.747E+00  1.581E+00  1.427E+00  1.274E+00  1.148E+00  1.024E+00  9.128E-01  8.132E-01  7.177E-01  6.339E-01  5.574E-01  4.872E-01  4.273E-01  3.717E-01  3.244E-01  2.796E-01  2.434E-01  2.078E-01  1.785E-01  1.549E-01  1.305E-01  1.133E-01  9.647E-02  8.020E-02  6.776E-02  5.709E-02  4.831E-02  4.071E-02  3.427E-02  2.881E-02  2.392E-02  1.960E-02  1.708E-02  1.408E-02  1.163E-02  9.349E-03  7.641E-03  6.358E-03  5.485E-03  4.248E-03  3.628E-03  3.018E-03  2.523E-03  1.920E-03  1.597E-03  1.288E-03  9.118E-04  7.733E-04  6.788E-04  5.152E-04  4.535E-04  3.287E-04  3.353E-04  2.698E-04  2.286E-04  1.431E-04  1.255E-04  9.521E-05  6.939E-05  3.693E-05  3.153E-05  4.222E-05  4.670E-05  2.608E-05  2.281E-05  Z
 0.000E+00  0.000E+00  0.000E+00  0.000E+00  0.000E+00  0.000E+00  0.000E+00  0.000E+00  0.000E+00  0.000E+00  0.000E+00  0.000E+00  0.000E+00  0.000E+00  0.000E+00  0.000E+00  1.990E-05  1.949E-05  1.334E-04  1.299E-04  3.423E-04  4.576E-04  7.232E-04  9.609E-04  1.584E-03  2.137E-03  3.107E-03  4.831E-03  5.721E-03  7.703E-03  8.359E-03  1.030E-02  1.304E-02  1.603E-02  1.788E-02  2.041E-02  2.418E-02  2.694E-02  2.996E-02  3.479E-02  3.780E-02  4.166E-02  4.658E-02  5.083E-02  5.699E-02  6.346E-02  6.845E-02  7.543E-02  8.391E-02  9.122E-02  9.905E-02  1.094E-01  1.202E-01  1.307E-01  1.417E-01  1.565E-01  1.728E-01  1.857E-01  2.081E-01  2.256E-01  2.455E-01  2.710E-01  2.961E-01  3.265E-01  3.581E-01  3.909E-01  4.288E-01  4.684E-01  5.123E-01  5.616E-01  6.157E-01  6.629E-01  7.233E-01  7.928E-01  8.575E-01  9.344E-01  1.005E+00  1.099E+00  1.193E+00  1.290E+00  1.394E+00  1.501E+00  1.613E+00  1.737E+00  1.864E+00  2.000E+00  2.139E+00  2.281E+00  2.428E+00  2.595E+00  2.755E+00  2.922E+00  3.099E+00  3.275E+00  3.451E+00  3.634E+00  3.842E+00  4.038E+00  4.250E+00  4.451E+00  4.665E+00  4.875E+00  5.087E+00  5.307E+00  5.530E+00  5.746E+00  5.979E+00  6.199E+00  6.418E+00  6.645E+00  6.861E+00  7.088E+00  7.313E+00  7.533E+00  7.748E+00  7.955E+00  8.166E+00  8.379E+00  8.585E+00  8.782E+00  8.976E+00  9.179E+00  9.383E+00  9.561E+00  9.762E+00  9.935E+00  1.010E+01  1.029E+01  1.047E+01  1.063E+01  1.078E+01  1.095E+01  1.107E+01  1.124E+01  1.135E+01  1.148E+01  1.160E+01  1.172E+01  1.183E+01  1.191E+01  1.199E+01  1.205E+01  1.211E+01  1.217E+01  1.221E+01  1.221E+01  1.223E+01  1.223E+01  1.220E+01  1.215E+01  1.210E+01  1.203E+01  1.194E+01  1.181E+01  1.170E+01  1.156E+01  1.138E+01  1.119E+01  1.099E+01  1.076E+01  1.051E+01  1.026E+01  9.994E+00  9.701E+00  9.409E+00  9.086E+00  8.775E+00  8.434E+00  8.091E+00  7.730E+00  7.387E+00  7.037E+00  6.691E+00  6.335E+00  5.994E+00  5.645E+00  5.301E+00  4.972E+00  4.649E+00  4.332E+00  4.028E+00  3.727E+00  3.449E+00  3.178E+00  2.916E+00  2.676E+00  2.445E+00  2.223E+00  2.027E+00  1.832E+00  1.660E+00  1.490E+00  1.334E+00  1.198E+00  1.066E+00  9.511E-01  8.405E-01  7.465E-01  6.537E-01  5.777E-01  5.046E-01  4.414E-01  3.841E-01  3.337E-01  2.892E-01  2.514E-01  2.151E-01  1.834E-01  1.595E-01  1.347E-01  1.138E-01  9.867E-02  8.351E-02  6.907E-02  5.946E-02  4.967E-02  4.180E-02  3.442E-02  2.884E-02  2.428E-02  2.035E-02  1.703E-02  1.378E-02  1.186E-02  9.389E-03  7.859E-03  6.494E-03  5.252E-03  4.246E-03  3.571E-03  2.664E-03  2.476E-03  1.922E-03  1.580E-03  1.154E-03  1.141E-03  8.500E-04  7.387E-04  5.702E-04  4.768E-04  3.330E-04  3.131E-04  1.790E-04  2.205E-04  1.203E-04  1.147E-04  7.378E-05  9.958E-05  1.824E-04  Z
 0.000E+00  0.000E+00  0.000E+00  0.000E+00  0.000E+00  0.000E+00  0.000E+00  0.000E+00  0.000E+00  0.000E+00  0.000E+00  0.000E+00  0.000E+00  0.000E+00  0.000E+00  6.224E-05  0.000E+00  7.771E-05  1.139E-04  9.245E-05  2.710E-04  5.110E-04  8.432E-04  1.316E-03  1.700E-03  2.443E-03  2.921E-03  3.952E-03  5.512E-03  6.760E-03  8.298E-03  1.080E-02  1.123E-02  1.498E-02  1.739E-02  1.865E-02  2.255E-02  2.547E-02  2.861E-02  3.206E-02  3.602E-02  4.099E-02  4.587E-02  4.953E-02  5.534E-02  6.087E-02  6.597E-02  7.358E-02  7.983E-02  8.775E-02  9.627E-02  1.054E-01  1.158E-01  1.269E-01  1.395E-01  1.537E-01  1.654E-01  1.834E-01  2.029E-01  2.193E-01  2.419E-01  2.672E-01  2.886E-01  3.183E-01  3.502E-01  3.837E-01  4.178E-01  4.559E-01  4.994E-01  5.474E-01  5.966E-01  6.512E-01  7.145E-01  7.736E-01  8.424E-01  9.134E-01  9.996E-01  1.079E+00  1.171E+00  1.269E+00  1.371E+00  1.476E+00  1.591E+00  1.715E+00  1.837E+00  1.965E+00  2.109E+00  2.246E+00  2.398E+00  2.556E+00  2.728E+00  2.883E+00  3.070E+00  3.240E+00  3.440E+00  3.612E+00  3.822E+00  4.018E+00  4.219E+00  4.425E+00  4.646E+00  4.872E+00  5.075E+00  5.294E+00  5.520E+00  5.762E+00  5.970E+00  6.208E+00  6.432E+00  6.663E+00  6.916E+00  7.130E+00  7.366E+00  7.591E+00  7.820E+00  8.048E+00  8.267E+00  8.487E+00  8.716E+00  8.932E+00  9.145E+00  9.363E+00  9.581E+00  9.778E+00  9.980E+00  1.019E+01  1.037E+01  1.058E+01  1.077E+01  1.095E+01  1.114E+01  1.131E+01  1.149E+01  1.167E+01  1.183E+01  1.199E+01  1.214E+01  1.228E+01  1.240E+01  1.253E+01  1.265E+01  1.278E+01  1.286E+01  1.294E+01  1.304E+01  1.309E+01  1.313E+01  1.315E+01  1.317E+01  1.317E+01  1.316E+01  1.313E+01  1.307E+01  1.303E+01  1.294E+01  1.283E+01  1.271E+01  1.257E+01  1.240E+01  1.224E+01  1.203E+01  1.181E+01  1.157E+01  1.132E+01  1.103E+01  1.076E+01  1.044E+01  1.012E+01  9.800E+00  9.434E+00  9.084E+00  8.726E+00  8.364E+00  7.984E+00  7.606E+00  7.228E+00  6.841E+00  6.466E+00  6.105E+00  5.731E+00  5.374E+00  5.029E+00  4.683E+00  4.365E+00  4.048E+00  3.739E+00  3.450E+00  3.172E+00  2.905E+00  2.656E+00  2.416E+00  2.198E+00  1.989E+00  1.804E+00  1.626E+00  1.463E+00  1.307E+00  1.169E+00  1.036E+00  9.215E-01  8.172E-01  7.207E-01  6.330E-01  5.548E-01  4.831E-01  4.222E-01  3.648E-01  3.171E-01  2.736E-01  2.356E-01  2.025E-01  1.736E-01  1.498E-01  1.266E-01  1.079E-01  9.039E-02  7.730E-02  6.466E-02  5.427E-02  4.568E-02  3.866E-02  3.257E-02  2.689E-02  2.243E-02  1.845E-02  1.530E-02  1.285E-02  1.064E-02  8.864E-03  7.267E-03  6.195E-03  4.740E-03  4.019E-03  2.864E-03  2.467E-03  2.210E-03  1.797E-03  1.502E-03  1.311E-03  8.669E-04  8.174E-04  5.604E-04  4.550E-04  3.190E-04  3.433E-04  3.123E-04  1.406E-04  1.876E-04  4.594E-04  Z
 0.000E+00  0.000E+00  0.000E+00  0.000E+00  0.000E+00  0.000E+00  0.000E+00  0.000E+00  0.000E+00  0.000E+00  0.000E+00  0.000E+00  0.000E+00  0.000E+00  0.000E+00  0.000E+00  0.000E+00  0.000E+00  5.705E-05  1.477E-04  2.349E-04  3.695E-04  6.705E-04  9.601E-04  1.733E-03  2.408E-03  3.164E-03  4.282E-03  4.882E-03  6.697E-03  8.229E-03  8.956E-03  1.158E-02  1.303E-02  1.626E-02  1.884E-02  2.193E-02  2.381E-02  2.789E-02  3.156E-02  3.507E-02  4.026E-02  4.333E-02  4.703E-02  5.374E-02  5.978E-02  6.345E-02  7.030E-02  7.680E-02  8.586E-02  9.173E-02  1.033E-01  1.118E-01  1.218E-01  1.332E-01  1.479E-01  1.628E-01  1.750E-01  1.947E-01  2.111E-01  2.340E-01  2.549E-01  2.828E-01  3.100E-01  3.345E-01  3.704E-01  4.046E-01  4.418E-01  4.845E-01  5.279E-01  5.816E-01  6.315E-01  6.892E-01  7.537E-01  8.255E-01  8.906E-01  9.680E-01  1.050E+00  1.144E+00  1.231E+00  1.336E+00  1.435E+00  1.552E+00  1.680E+00  1.789E+00  1.925E+00  2.060E+00  2.212E+00  2.361E+00  2.520E+00  2.682E+00  2.854E+00  3.021E+00  3.212E+00  3.384E+00  3.583E+00  3.777E+00  3.996E+00  4.186E+00  4.402E+00  4.609E+00  4.842E+00  5.059E+00  5.295E+00  5.522E+00  5.756E+00  5.988E+00  6.226E+00  6.462E+00  6.701E+00  6.954E+00  7.191E+00  7.417E+00  7.677E+00  7.916E+00  8.170E+00  8.413E+00  8.644E+00  8.890E+00  9.122E+00  9.366E+00  9.586E+00  9.830E+00  1.004E+01  1.027E+01  1.051E+01  1.075E+01  1.097E+01  1.118E+01  1.141E+01  1.161E+01  1.184E+01  1.203E+01  1.226E+01  1.245E+01  1.266E+01  1.284E+01  1.301E+01  1.322E+01  1.337E+01  1.354E+01  1.369E+01  1.384E+01  1.397E+01  1.410E+01  1.420E+01  1.431E+01  1.441E+01  1.448E+01  1.455E+01  1.459E+01  1.459E+01  1.463E+01  1.464E+01  1.463E+01  1.456E+01  1.451E+01  1.443E+01  1.435E+01  1.423E+01  1.409E+01  1.395E+01  1.376E+01  1.357E+01  1.334E+01  1.310E+01  1.285E+01  1.257E+01  1.226E+01  1.195E+01  1.161E+01  1.127E+01  1.090E+01  1.053E+01  1.013E+01  9.755E+00  9.334E+00  8.921E+00  8.518E+00  8.104E+00  7.684E+00  7.265E+00  6.869E+00  6.459E+00  6.063E+00  5.683E+00  5.296E+00  4.942E+00  4.587E+00  4.242E+00  3.918E+00  3.604E+00  3.319E+00  3.034E+00  2.763E+00  2.518E+00  2.286E+00  2.071E+00  1.868E+00  1.678E+00  1.508E+00  1.344E+00  1.199E+00  1.067E+00  9.441E-01  8.330E-01  7.357E-01  6.456E-01  5.649E-01  4.926E-01  4.260E-01  3.742E-01  3.235E-01  2.782E-01  2.375E-01  2.043E-01  1.760E-01  1.487E-01  1.270E-01  1.082E-01  9.140E-02  7.902E-02  6.505E-02  5.387E-02  4.574E-02  3.860E-02  3.209E-02  2.626E-02  2.214E-02  1.923E-02  1.590E-02  1.270E-02  1.003E-02  8.980E-03  7.271E-03  5.952E-03  5.135E-03  4.186E-03  3.424E-03  2.432E-03  2.198E-03  1.650E-03  1.501E-03  1.131E-03  8.592E-04  9.136E-04  5.419E-04  5.177E-04  1.413E-03  Z
 0.000E+00  0.000E+00  0.000E+00  0.000E+00  0.000E+00  0.000E+00  0.000E+00  0.000E+00  0.000E+00  0.000E+00  0.000E+00  0.000E+00  2.336E-05  0.000E+00  2.124E-05  0.000E+00  2.026E-05  5.816E-05  9.538E-05  1.477E-04  3.064E-04  3.700E-04  5.502E-04  9.446E-04  1.370E-03  1.877E-03  2.427E-03  3.520E-03  4.681E-03  5.663E-03  7.696E-03  8.991E-03  1.035E-02  1.276E-02  1.527E-02  1.832E-02  1.972E-02  2.467E-02  2.604E-02  3.081E-02  3.396E-02  3.819E-02  4.233E-02  4.624E-02  5.032E-02  5.615E-02  6.204E-02  6.918E-02  7.546E-02  8.224E-02  9.079E-02  9.838E-02  1.094E-01  1.207E-01  1.307E-01  1.437E-01  1.588E-01  1.734E-01  1.895E-01  2.073E-01  2.282E-01  2.469E-01  2.756E-01  3.008E-01  3.306E-01  3.634E-01  3.988E-01  4.324E-01  4.786E-01  5.198E-01  5.655E-01  6.176E-01  6.807E-01  7.328E-01  8.063E-01  8.792E-01  9.513E-01  1.033E+00  1.119E+00  1.215E+00  1.312E+00  1.422E+00  1.526E+00  1.636E+00  1.775E+00  1.902E+00  2.033E+00  2.191E+00  2.333E+00  2.490E+00  2.654E+00  2.815E+00  2.983E+00  3.180E+00  3.355E+00  3.547E+00  3.742E+00  3.954E+00  4.169E+00  4.384E+00  4.600E+00  4.827E+00  5.051E+00  5.271E+00  5.515E+00  5.757E+00  5.988E+00  6.221E+00  6.483E+00  6.727E+00  6.967E+00  7.222E+00  7.485E+00  7.719E+00  7.977E+00  8.237E+00  8.483E+00  8.736E+00  8.984E+00  9.245E+00  9.488E+00  9.735E+00  9.982E+00  1.024E+01  1.048E+01  1.075E+01  1.096E+01  1.122E+01  1.148E+01  1.170E+01  1.193E+01  1.219E+01  1.241E+01  1.263E+01  1.287E+01  1.309E+01  1.331E+01  1.353E+01  1.372E+01  1.394E+01  1.416E+01  1.432E+01  1.451E+01  1.469E+01  1.481E+01  1.497E+01  1.510E+01  1.525E+01  1.536E+01  1.548E+01  1.556E+01  1.564E+01  1.571E+01  1.572E+01  1.578E+01  1.576E+01  1.575E+01  1.574E+01  1.569E+01  1.561E+01  1.551E+01  1.541E+01  1.529E+01  1.515E+01  1.495E+01  1.475E+01  1.455E+01  1.431E+01  1.406E+01  1.376E+01  1.347E+01  1.314E+01  1.280E+01  1.246E+01  1.208E+01  1.169E+01  1.128E+01  1.087E+01  1.044E+01  1.002E+01  9.580E+00  9.139E+00  8.687E+00  8.238E+00  7.802E+00  7.368E+00  6.942E+00  6.519E+00  6.101E+00  5.695E+00  5.300E+00  4.930E+00  4.561E+00  4.220E+00  3.878E+00  3.575E+00  3.273E+00  2.989E+00  2.713E+00  2.465E+00  2.234E+00  2.016E+00  1.813E+00  1.621E+00  1.453E+00  1.297E+00  1.152E+00  1.022E+00  9.020E-01  7.926E-01  6.983E-01  6.122E-01  5.310E-01  4.683E-01  4.057E-01  3.488E-01  3.010E-01  2.609E-01  2.239E-01  1.913E-01  1.632E-01  1.392E-01  1.191E-01  1.006E-01  8.456E-02  7.167E-02  6.043E-02  5.090E-02  4.218E-02  3.548E-02  2.913E-02  2.499E-02  2.100E-02  1.778E-02  1.365E-02  1.180E-02  9.474E-03  7.870E-03  6.642E-03  5.433E-03  4.259E-03  3.690E-03  3.135E-03  2.445E-03  2.044E-03  1.535E-03  1.250E-03  8.938E-04  3.207E-03  Z
 0.000E+00  0.000E+00  0.000E+00  0.000E+00  0.000E+00  0.000E+00  0.000E+00  0.000E+00  0.000E+00  0.000E+00  0.000E+00  0.000E+00  0.000E+00  0.000E+00  2.135E-05  0.000E+00  1.990E-05  3.873E-05  1.899E-05  1.667E-04  1.619E-04  5.296E-04  6.539E-04  8.426E-04  1.188E-03  1.844E-03  2.587E-03  3.597E-03  4.619E-03  5.315E-03  6.536E-03  8.252E-03  9.365E-03  1.265E-02  1.464E-02  1.632E-02  2.014E-02  2.208E-02  2.536E-02  2.984E-02  3.278E-02  3.617E-02  4.083E-02  4.453E-02  4.807E-02  5.390E-02  6.054E-02  6.614E-02  7.298E-02  7.881E-02  8.679E-02  9.617E-02  1.058E-01  1.147E-01  1.261E-01  1.399E-01  1.516E-01  1.713E-01  1.846E-01  2.008E-01  2.198E-01  2.441E-01  2.658E-01  2.895E-01  3.218E-01  3.502E-01  3.845E-01  4.208E-01  4.618E-01  5.021E-01  5.514E-01  6.050E-01  6.600E-01  7.220E-01  7.836E-01  8.560E-01  9.247E-01  1.007E+00  1.090E+00  1.186E+00  1.283E+00  1.390E+00  1.499E+00  1.614E+00  1.735E+00  1.869E+00  2.006E+00  2.142E+00  2.295E+00  2.447E+00  2.613E+00  2.787E+00  2.951E+00  3.128E+00  3.315E+00  3.509E+00  3.709E+00  3.912E+00  4.138E+00  4.334E+00  4.558E+00  4.791E+00  5.018E+00  5.254E+00  5.503E+00  5.739E+00  5.980E+00  6.233E+00  6.486E+00  6.753E+00  7.007E+00  7.271E+00  7.525E+00  7.790E+00  8.056E+00  8.323E+00  8.580E+00  8.850E+00  9.128E+00  9.385E+00  9.650E+00  9.926E+00  1.018E+01  1.048E+01  1.074E+01  1.100E+01  1.128E+01  1.155E+01  1.180E+01  1.211E+01  1.234E+01  1.263E+01  1.290E+01  1.315E+01  1.344E+01  1.370E+01  1.395E+01  1.420E+01  1.446E+01  1.471E+01  1.492E+01  1.519E+01  1.540E+01  1.567E+01  1.584E+01  1.604E+01  1.624E+01  1.643E+01  1.661E+01  1.674E+01  1.691E+01  1.702E+01  1.712E+01  1.723E+01  1.734E+01  1.744E+01  1.747E+01  1.752E+01  1.753E+01  1.751E+01  1.749E+01  1.746E+01  1.739E+01  1.730E+01  1.721E+01  1.708E+01  1.692E+01  1.674E+01  1.655E+01  1.634E+01  1.610E+01  1.583E+01  1.553E+01  1.521E+01  1.488E+01  1.454E+01  1.418E+01  1.378E+01  1.338E+01  1.294E+01  1.250E+01  1.203E+01  1.158E+01  1.110E+01  1.063E+01  1.015E+01  9.663E+00  9.178E+00  8.695E+00  8.220E+00  7.736E+00  7.270E+00  6.824E+00  6.367E+00  5.934E+00  5.523E+00  5.127E+00  4.736E+00  4.357E+00  4.006E+00  3.674E+00  3.360E+00  3.060E+00  2.785E+00  2.517E+00  2.279E+00  2.057E+00  1.850E+00  1.654E+00  1.477E+00  1.317E+00  1.167E+00  1.035E+00  9.107E-01  7.953E-01  7.017E-01  6.150E-01  5.354E-01  4.660E-01  4.059E-01  3.461E-01  2.999E-01  2.566E-01  2.221E-01  1.896E-01  1.616E-01  1.366E-01  1.164E-01  9.857E-02  8.390E-02  7.067E-02  5.838E-02  5.006E-02  4.098E-02  3.552E-02  2.939E-02  2.435E-02  1.997E-02  1.623E-02  1.380E-02  1.139E-02  9.306E-03  7.777E-03  6.612E-03  4.983E-03  4.230E-03  3.342E-03  2.776E-03  8.788E-03  Z
 0.000E+00  0.000E+00  0.000E+00  0.000E+00  0.000E+00  0.000E+00  0.000E+00  0.000E+00  0.000E+00  0.000E+00  0.000E+00  0.000E+00  0.000E+00  0.000E+00  2.134E-05  0.000E+00  0.000E+00  3.882E-05  5.742E-05  1.115E-04  2.346E-04  3.167E-04  5.682E-04  9.958E-04  1.403E-03  1.943E-03  2.590E-03  3.212E-03  3.797E-03  5.175E-03  6.388E-03  7.834E-03  9.859E-03  1.156E-02  1.405E-02  1.541E-02  1.818E-02  2.123E-02  2.476E-02  2.762E-02  3.110E-02  3.428E-02  3.758E-02  4.322E-02  4.758E-02  5.214E-02  5.685E-02  6.246E-02  6.967E-02  7.771E-02  8.452E-02  9.159E-02  1.011E-01  1.130E-01  1.223E-01  1.340E-01  1.487E-01  1.606E-01  1.765E-01  1.950E-01  2.121E-01  2.381E-01  2.556E-01  2.821E-01  3.090E-01  3.406E-01  3.756E-01  4.086E-01  4.480E-01  4.888E-01  5.335E-01  5.840E-01  6.380E-01  6.967E-01  7.657E-01  8.279E-01  9.041E-01  9.776E-01  1.064E+00  1.151E+00  1.249E+00  1.352E+00  1.454E+00  1.563E+00  1.686E+00  1.823E+00  1.957E+00  2.096E+00  2.238E+00  2.400E+00  2.560E+00  2.717E+00  2.897E+00  3.084E+00  3.263E+00  3.461E+00  3.657E+00  3.865E+00  4.080E+00  4.296E+00  4.520E+00  4.751E+00  4.975E+00  5.229E+00  5.464E+00  5.723E+00  5.963E+00  6.224E+00  6.492E+00  6.752E+00  7.032E+00  7.300E+00  7.575E+00  7.854E+00  8.123E+00  8.419E+00  8.696E+00  8.971E+00  9.263E+00  9.555E+00  9.846E+00  1.014E+01  1.043E+01  1.073E+01  1.103E+01  1.131E+01  1.165E+01  1.193E+01  1.225E+01  1.255E+01  1.286E+01  1.314E+01  1.349E+01  1.379E+01  1.411E+01  1.439E+01  1.473E+01  1.501E+01  1.531E+01  1.560E+01  1.592E+01  1.620E+01  1.649E+01  1.677E+01  1.704E+01  1.732E+01  1.757E+01  1.781E+01  1.806E+01  1.831E+01  1.850E+01  1.874E+01  1.891E+01  1.912E+01  1.926E+01  1.943E+01  1.955E+01  1.969E+01  1.979E+01  1.986E+01  1.992E+01  1.997E+01  2.003E+01  2.001E+01  1.996E+01  1.996E+01  1.989E+01  1.979E+01  1.970E+01  1.956E+01  1.941E+01  1.920E+01  1.901E+01  1.879E+01  1.853E+01  1.825E+01  1.791E+01  1.761E+01  1.725E+01  1.689E+01  1.648E+01  1.607E+01  1.561E+01  1.515E+01  1.468E+01  1.417E+01  1.368E+01  1.315E+01  1.262E+01  1.210E+01  1.155E+01  1.101E+01  1.047E+01  9.933E+00  9.393E+00  8.853E+00  8.317E+00  7.813E+00  7.311E+00  6.834E+00  6.346E+00  5.892E+00  5.451E+00  5.033E+00  4.630E+00  4.252E+00  3.888E+00  3.555E+00  3.232E+00  2.927E+00  2.653E+00  2.392E+00  2.159E+00  1.936E+00  1.728E+00  1.540E+00  1.368E+00  1.214E+00  1.072E+00  9.422E-01  8.328E-01  7.302E-01  6.361E-01  5.539E-01  4.760E-01  4.173E-01  3.566E-01  3.077E-01  2.645E-01  2.263E-01  1.928E-01  1.653E-01  1.392E-01  1.193E-01  1.007E-01  8.518E-02  7.190E-02  6.011E-02  5.078E-02  4.207E-02  3.578E-02  3.007E-02  2.460E-02  2.049E-02  1.663E-02  1.389E-02  1.139E-02  9.193E-03  3.046E-02  Z
