nu_m
Z
Z
Z
Z
Z
Z
Z
Z
Z
Z
Z
Z
Z
Z
Z
Z
Z
Z
Z
Z
Z
Z
Z
Z
Z
 0.000E+00  0.000E+00  0.000E+00  0.000E+00  0.000E+00  0.000E+00  0.000E+00  0.000E+00  0.000E+00  0.000E+00  0.000E+00  0.000E+00  0.000E+00  0.000E+00  0.000E+00  0.000E+00  0.000E+00  0.000E+00  0.000E+00  0.000E+00  0.000E+00  0.000E+00  0.000E+00  0.000E+00  0.000E+00  6.882E-04  8.434E-03  1.977E-02  3.354E-02  4.317E-02  5.514E-02  6.650E-02  7.759E-02  8.914E-02  9.943E-02  1.082E-01  1.150E-01  1.179E-01  1.164E-01  1.149E-01  1.143E-01  1.122E-01  1.116E-01  1.087E-01  1.082E-01  1.054E-01  1.064E-01  1.068E-01  1.089E-01  1.096E-01  1.146E-01  1.143E-01  1.205E-01  1.232E-01  1.272E-01  1.366E-01  1.397E-01  1.491E-01  1.558E-01  1.657E-01  1.720E-01  1.864E-01  1.981E-01  2.141E-01  2.255E-01  2.379E-01  2.564E-01  2.790E-01  3.001E-01  3.258E-01  3.589E-01  3.872E-01  4.283E-01  4.743E-01  5.221E-01  5.773E-01  6.332E-01  6.986E-01  7.749E-01  8.405E-01  9.315E-01  1.019E+00  1.112E+00  1.226E+00  1.334E+00  1.454E+00  1.593E+00  1.736E+00  1.896E+00  2.047E+00  2.220E+00  2.410E+00  2.606E+00  2.809E+00  3.022E+00  3.252E+00  3.490E+00  3.730E+00  4.010E+00  4.262E+00  4.541E+00  4.824E+00  5.111E+00  5.422E+00  5.714E+00  6.042E+00  6.352E+00  6.690E+00  7.020E+00  7.357E+00  7.703E+00  8.033E+00  8.364E+00  8.728E+00  9.049E+00  9.392E+00  9.723E+00  1.005E+01  1.036E+01  1.068E+01  1.101E+01  1.127E+01  1.158E+01  1.184E+01  1.211E+01  1.233E+01  1.256E+01  1.277E+01  1.294E+01  1.310E+01  1.325E+01  1.336E+01  1.342E+01  1.349E+01  1.351E+01  1.352E+01  1.350E+01  1.346E+01  1.334E+01  1.324E+01  1.309E+01  1.292E+01  1.272E+01  1.249E+01  1.224E+01  1.196E+01  1.167E+01  1.133E+01  1.100E+01  1.065E+01  1.025E+01  9.884E+00  9.472E+00  9.073E+00  8.655E+00  8.232E+00  7.830E+00  7.403E+00  6.986E+00  6.591E+00  6.187E+00  5.791E+00  5.409E+00  5.034E+00  4.677E+00  4.330E+00  3.982E+00  3.667E+00  3.371E+00  3.082E+00  2.815E+00  2.550E+00  2.318E+00  2.095E+00  1.889E+00  1.696E+00  1.520E+00  1.352E+00  1.199E+00  1.063E+00  9.413E-01  8.327E-01  7.268E-01  6.373E-01  5.572E-01  4.844E-01  4.190E-01  3.613E-01  3.111E-01  2.656E-01  2.279E-01  1.941E-01  1.663E-01  1.386E-01  1.170E-01  1.004E-01  8.448E-02  6.953E-02  5.847E-02  4.853E-02  4.082E-02  3.295E-02  2.700E-02  2.223E-02  1.860E-02  1.430E-02  1.255E-02  9.903E-03  7.974E-03  6.336E-03  5.083E-03  4.066E-03  3.270E-03  2.723E-03  2.213E-03  1.705E-03  1.268E-03  9.365E-04  7.624E-04  5.872E-04  5.419E-04  3.575E-04  2.876E-04  2.578E-04  1.357E-04  1.864E-04  7.691E-05  7.091E-05  7.047E-05  4.341E-05  2.174E-05  3.227E-05  2.704E-05  1.071E-05  1.078E-05  0.000E+00  Z
 0.000E+00  0.000E+00  0.000E+00  0.000E+00  0.000E+00  0.000E+00  0.000E+00  0.000E+00  0.000E+00  0.000E+00  0.000E+00  0.000E+00  0.000E+00  0.000E+00  0.000E+00  0.000E+00  0.000E+00  9.139E-04  4.532E-03  8.913E-03  1.368E-02  1.744E-02  2.272E-02  2.818E-02  3.238E-02  3.698E-02  3.981E-02  4.479E-02  4.985E-02  5.233E-02  5.574E-02  6.073E-02  6.332E-02  6.716E-02  7.033E-02  7.363E-02  7.813E-02  8.088E-02  8.198E-02  8.603E-02  8.752E-02  9.160E-02  9.316E-02  9.983E-02  1.033E-01  1.052E-01  1.094E-01  1.106E-01  1.168E-01  1.195E-01  1.211E-01  1.259E-01  1.308E-01  1.325E-01  1.369E-01  1.424E-01  1.480E-01  1.550E-01  1.634E-01  1.721E-01  1.817E-01  1.937E-01  2.058E-01  2.169E-01  2.337E-01  2.525E-01  2.739E-01  2.959E-01  3.204E-01  3.491E-01  3.829E-01  4.180E-01  4.580E-01  5.025E-01  5.490E-01  6.031E-01  6.578E-01  7.208E-01  7.934E-01  8.659E-01  9.502E-01  1.040E+00  1.139E+00  1.240E+00  1.348E+00  1.474E+00  1.604E+00  1.741E+00  1.891E+00  2.054E+00  2.212E+00  2.391E+00  2.572E+00  2.776E+00  2.990E+00  3.202E+00  3.425E+00  3.666E+00  3.910E+00  4.165E+00  4.428E+00  4.712E+00  4.997E+00  5.287E+00  5.587E+00  5.869E+00  6.182E+00  6.507E+00  6.831E+00  7.154E+00  7.473E+00  7.820E+00  8.152E+00  8.476E+00  8.810E+00  9.131E+00  9.455E+00  9.796E+00  1.011E+01  1.043E+01  1.071E+01  1.104E+01  1.134E+01  1.160E+01  1.188E+01  1.213E+01  1.235E+01  1.258E+01  1.277E+01  1.296E+01  1.310E+01  1.324E+01  1.338E+01  1.346E+01  1.351E+01  1.355E+01  1.357E+01  1.355E+01  1.350E+01  1.343E+01  1.333E+01  1.320E+01  1.302E+01  1.286E+01  1.263E+01  1.239E+01  1.213E+01  1.182E+01  1.150E+01  1.118E+01  1.084E+01  1.046E+01  1.009E+01  9.695E+00  9.278E+00  8.877E+00  8.463E+00  8.034E+00  7.636E+00  7.208E+00  6.798E+00  6.379E+00  5.985E+00  5.604E+00  5.217E+00  4.859E+00  4.494E+00  4.166E+00  3.824E+00  3.525E+00  3.225E+00  2.949E+00  2.681E+00  2.440E+00  2.202E+00  1.986E+00  1.799E+00  1.601E+00  1.432E+00  1.282E+00  1.138E+00  1.002E+00  8.842E-01  7.762E-01  6.817E-01  5.964E-01  5.168E-01  4.522E-01  3.889E-01  3.363E-01  2.881E-01  2.484E-01  2.127E-01  1.786E-01  1.504E-01  1.277E-01  1.086E-01  9.073E-02  7.521E-02  6.352E-02  5.303E-02  4.382E-02  3.632E-02  3.011E-02  2.535E-02  2.096E-02  1.679E-02  1.350E-02  1.087E-02  8.520E-03  7.507E-03  5.782E-03  4.446E-03  3.733E-03  3.184E-03  2.351E-03  1.776E-03  1.525E-03  1.226E-03  9.380E-04  7.040E-04  5.826E-04  4.647E-04  3.401E-04  3.055E-04  2.576E-04  1.634E-04  1.191E-04  1.077E-04  8.635E-05  3.789E-05  3.241E-05  1.546E-05  2.109E-05  1.628E-05  1.600E-05  1.599E-05  0.000E+00  Z
 0.000E+00  0.000E+00  0.000E+00  0.000E+00  0.000E+00  0.000E+00  0.000E+00  0.000E+00  0.000E+00  0.000E+00  0.000E+00  4.082E-04  2.100E-03  4.155E-03  7.169E-03  1.081E-02  1.318E-02  1.653E-02  2.011E-02  2.239E-02  2.685E-02  2.926E-02  3.120E-02  3.542E-02  3.932E-02  4.200E-02  4.484E-02  4.867E-02  5.046E-02  5.285E-02  5.410E-02  5.811E-02  5.828E-02  6.181E-02  6.386E-02  6.696E-02  6.823E-02  7.254E-02  7.240E-02  7.661E-02  8.031E-02  8.026E-02  8.444E-02  8.673E-02  8.838E-02  9.351E-02  9.568E-02  1.002E-01  1.061E-01  1.078E-01  1.140E-01  1.195E-01  1.244E-01  1.307E-01  1.366E-01  1.427E-01  1.524E-01  1.585E-01  1.678E-01  1.807E-01  1.903E-01  2.040E-01  2.166E-01  2.335E-01  2.489E-01  2.695E-01  2.899E-01  3.104E-01  3.386E-01  3.680E-01  4.028E-01  4.396E-01  4.788E-01  5.252E-01  5.719E-01  6.255E-01  6.775E-01  7.466E-01  8.184E-01  8.904E-01  9.692E-01  1.057E+00  1.160E+00  1.251E+00  1.363E+00  1.479E+00  1.599E+00  1.734E+00  1.874E+00  2.036E+00  2.192E+00  2.367E+00  2.536E+00  2.738E+00  2.935E+00  3.133E+00  3.349E+00  3.579E+00  3.814E+00  4.060E+00  4.309E+00  4.579E+00  4.833E+00  5.129E+00  5.404E+00  5.701E+00  5.992E+00  6.299E+00  6.615E+00  6.934E+00  7.251E+00  7.568E+00  7.895E+00  8.248E+00  8.559E+00  8.886E+00  9.213E+00  9.531E+00  9.868E+00  1.018E+01  1.048E+01  1.080E+01  1.110E+01  1.138E+01  1.166E+01  1.193E+01  1.220E+01  1.243E+01  1.265E+01  1.288E+01  1.309E+01  1.325E+01  1.341E+01  1.355E+01  1.365E+01  1.376E+01  1.383E+01  1.388E+01  1.390E+01  1.387E+01  1.386E+01  1.377E+01  1.369E+01  1.357E+01  1.342E+01  1.324E+01  1.303E+01  1.281E+01  1.255E+01  1.227E+01  1.196E+01  1.163E+01  1.128E+01  1.091E+01  1.050E+01  1.013E+01  9.724E+00  9.292E+00  8.885E+00  8.460E+00  8.034E+00  7.589E+00  7.164E+00  6.760E+00  6.351E+00  5.953E+00  5.560E+00  5.183E+00  4.807E+00  4.449E+00  4.111E+00  3.779E+00  3.467E+00  3.174E+00  2.893E+00  2.632E+00  2.383E+00  2.156E+00  1.939E+00  1.738E+00  1.565E+00  1.393E+00  1.240E+00  1.104E+00  9.701E-01  8.556E-01  7.534E-01  6.620E-01  5.742E-01  5.023E-01  4.342E-01  3.743E-01  3.239E-01  2.776E-01  2.381E-01  2.019E-01  1.737E-01  1.448E-01  1.228E-01  1.030E-01  8.721E-02  7.387E-02  6.089E-02  5.136E-02  4.257E-02  3.486E-02  2.942E-02  2.396E-02  1.959E-02  1.613E-02  1.295E-02  1.099E-02  8.792E-03  7.040E-03  5.687E-03  4.616E-03  3.886E-03  2.863E-03  2.368E-03  1.889E-03  1.552E-03  1.104E-03  9.241E-04  8.272E-04  5.316E-04  5.341E-04  2.745E-04  2.956E-04  2.236E-04  2.012E-04  9.172E-05  1.074E-04  5.843E-05  5.321E-05  3.726E-05  3.771E-05  2.115E-05  1.600E-05  1.055E-05  2.165E-05  5.512E-06  5.119E-06  5.382E-06  5.297E-06  0.000E+00  Z
 0.000E+00  0.000E+00  0.000E+00  0.000E+00  0.000E+00  0.000E+00  3.197E-05  5.061E-04  2.099E-03  3.181E-03  5.448E-03  7.495E-03  9.365E-03  1.166E-02  1.371E-02  1.738E-02  1.984E-02  2.255E-02  2.312E-02  2.693E-02  2.918E-02  3.057E-02  3.512E-02  3.806E-02  3.915E-02  4.199E-02  4.501E-02  4.679E-02  4.772E-02  5.063E-02  5.340E-02  5.587E-02  5.740E-02  5.789E-02  6.062E-02  6.268E-02  6.685E-02  6.686E-02  6.824E-02  7.032E-02  7.368E-02  7.724E-02  7.921E-02  8.214E-02  8.629E-02  8.816E-02  9.381E-02  9.626E-02  1.011E-01  1.049E-01  1.110E-01  1.153E-01  1.191E-01  1.254E-01  1.332E-01  1.392E-01  1.472E-01  1.565E-01  1.641E-01  1.783E-01  1.870E-01  1.974E-01  2.178E-01  2.315E-01  2.505E-01  2.716E-01  2.921E-01  3.192E-01  3.500E-01  3.781E-01  4.094E-01  4.534E-01  4.845E-01  5.338E-01  5.833E-01  6.347E-01  6.896E-01  7.570E-01  8.255E-01  8.985E-01  9.750E-01  1.062E+00  1.151E+00  1.253E+00  1.364E+00  1.476E+00  1.596E+00  1.726E+00  1.867E+00  2.006E+00  2.166E+00  2.334E+00  2.504E+00  2.690E+00  2.876E+00  3.076E+00  3.289E+00  3.512E+00  3.737E+00  3.973E+00  4.213E+00  4.470E+00  4.724E+00  4.992E+00  5.286E+00  5.563E+00  5.844E+00  6.162E+00  6.453E+00  6.778E+00  7.092E+00  7.421E+00  7.722E+00  8.063E+00  8.385E+00  8.712E+00  9.042E+00  9.376E+00  9.695E+00  1.003E+01  1.033E+01  1.067E+01  1.097E+01  1.129E+01  1.158E+01  1.187E+01  1.215E+01  1.244E+01  1.271E+01  1.295E+01  1.318E+01  1.340E+01  1.361E+01  1.380E+01  1.396E+01  1.412E+01  1.424E+01  1.437E+01  1.447E+01  1.451E+01  1.459E+01  1.459E+01  1.457E+01  1.455E+01  1.451E+01  1.440E+01  1.430E+01  1.415E+01  1.397E+01  1.378E+01  1.354E+01  1.329E+01  1.300E+01  1.270E+01  1.238E+01  1.206E+01  1.166E+01  1.126E+01  1.088E+01  1.045E+01  1.002E+01  9.592E+00  9.168E+00  8.706E+00  8.271E+00  7.835E+00  7.395E+00  6.976E+00  6.521E+00  6.109E+00  5.703E+00  5.308E+00  4.930E+00  4.562E+00  4.215E+00  3.867E+00  3.558E+00  3.246E+00  2.966E+00  2.698E+00  2.442E+00  2.205E+00  1.991E+00  1.784E+00  1.601E+00  1.423E+00  1.267E+00  1.125E+00  9.948E-01  8.764E-01  7.709E-01  6.768E-01  5.884E-01  5.120E-01  4.452E-01  3.837E-01  3.305E-01  2.827E-01  2.427E-01  2.072E-01  1.752E-01  1.501E-01  1.275E-01  1.077E-01  9.090E-02  7.479E-02  6.327E-02  5.271E-02  4.404E-02  3.712E-02  3.041E-02  2.503E-02  2.041E-02  1.670E-02  1.395E-02  1.166E-02  9.126E-03  7.535E-03  6.201E-03  4.680E-03  3.750E-03  3.133E-03  2.760E-03  2.078E-03  1.654E-03  1.322E-03  1.079E-03  7.895E-04  6.772E-04  5.295E-04  4.577E-04  3.365E-04  2.912E-04  9.143E-05  1.341E-04  1.226E-04  6.897E-05  8.006E-05  7.390E-05  4.229E-05  2.156E-05  4.725E-05  1.065E-05  1.063E-05  1.609E-05  1.048E-05  0.000E+00  Z
 0.000E+00  0.000E+00  0.000E+00  0.000E+00  1.156E-04  5.218E-04  1.251E-03  2.745E-03  3.194E-03  4.930E-03  7.191E-03  9.081E-03  1.167E-02  1.306E-02  1.509E-02  1.607E-02  2.021E-02  2.161E-02  2.542E-02  2.805E-02  3.090E-02  3.174E-02  3.511E-02  3.615E-02  3.953E-02  4.040E-02  4.275E-02  4.502E-02  4.922E-02  4.883E-02  5.150E-02  5.528E-02  5.542E-02  5.686E-02  5.807E-02  6.193E-02  6.177E-02  6.411E-02  6.831E-02  6.530E-02  7.123E-02  7.269E-02  7.633E-02  7.953E-02  8.242E-02  8.651E-02  8.740E-02  9.203E-02  9.841E-02  1.004E-01  1.057E-01  1.127E-01  1.179E-01  1.207E-01  1.288E-01  1.357E-01  1.430E-01  1.501E-01  1.635E-01  1.751E-01  1.827E-01  1.955E-01  2.107E-01  2.292E-01  2.497E-01  2.679E-01  2.859E-01  3.148E-01  3.454E-01  3.732E-01  4.034E-01  4.418E-01  4.846E-01  5.250E-01  5.747E-01  6.265E-01  6.853E-01  7.545E-01  8.173E-01  8.885E-01  9.656E-01  1.046E+00  1.142E+00  1.234E+00  1.342E+00  1.455E+00  1.580E+00  1.708E+00  1.845E+00  1.988E+00  2.141E+00  2.299E+00  2.473E+00  2.653E+00  2.837E+00  3.043E+00  3.245E+00  3.462E+00  3.691E+00  3.931E+00  4.163E+00  4.414E+00  4.683E+00  4.952E+00  5.222E+00  5.502E+00  5.803E+00  6.106E+00  6.391E+00  6.725E+00  7.036E+00  7.355E+00  7.677E+00  8.014E+00  8.361E+00  8.677E+00  9.032E+00  9.375E+00  9.707E+00  1.005E+01  1.040E+01  1.072E+01  1.104E+01  1.138E+01  1.170E+01  1.201E+01  1.231E+01  1.261E+01  1.290E+01  1.318E+01  1.346E+01  1.370E+01  1.394E+01  1.420E+01  1.439E+01  1.461E+01  1.480E+01  1.496E+01  1.509E+01  1.523E+01  1.533E+01  1.541E+01  1.548E+01  1.554E+01  1.554E+01  1.555E+01  1.549E+01  1.542E+01  1.535E+01  1.524E+01  1.511E+01  1.492E+01  1.474E+01  1.451E+01  1.425E+01  1.397E+01  1.368E+01  1.334E+01  1.300E+01  1.263E+01  1.224E+01  1.182E+01  1.139E+01  1.095E+01  1.052E+01  1.006E+01  9.597E+00  9.139E+00  8.664E+00  8.189E+00  7.742E+00  7.278E+00  6.818E+00  6.400E+00  5.966E+00  5.566E+00  5.154E+00  4.781E+00  4.418E+00  4.057E+00  3.726E+00  3.403E+00  3.109E+00  2.819E+00  2.556E+00  2.312E+00  2.091E+00  1.872E+00  1.677E+00  1.499E+00  1.335E+00  1.183E+00  1.051E+00  9.254E-01  8.097E-01  7.097E-01  6.209E-01  5.388E-01  4.684E-01  4.066E-01  3.492E-01  2.997E-01  2.582E-01  2.180E-01  1.889E-01  1.593E-01  1.358E-01  1.159E-01  9.697E-02  8.259E-02  6.806E-02  5.718E-02  4.808E-02  3.997E-02  3.275E-02  2.693E-02  2.274E-02  1.897E-02  1.566E-02  1.292E-02  9.971E-03  8.437E-03  6.775E-03  5.398E-03  4.501E-03  3.830E-03  3.076E-03  2.211E-03  1.979E-03  1.468E-03  1.226E-03  8.672E-04  6.779E-04  5.729E-04  4.686E-04  3.464E-04  2.759E-04  1.968E-04  1.705E-04  1.378E-04  1.059E-04  5.229E-05  1.000E-04  5.277E-05  3.108E-05  3.172E-05  2.090E-05  2.071E-05  3.044E-05  Z
 0.000E+00  0.000E+00  0.000E+00  3.063E-04  3.469E-04  1.183E-03  1.922E-03  3.254E-03  4.175E-03  6.151E-03  7.591E-03  9.280E-03  1.028E-02  1.349E-02  1.459E-02  1.632E-02  1.856E-02  2.091E-02  2.273E-02  2.563E-02  2.780E-02  2.999E-02  3.231E-02  3.377E-02  3.658E-02  3.794E-02  4.038E-02  4.351E-02  4.582E-02  4.868E-02  5.012E-02  4.894E-02  5.387E-02  5.421E-02  5.767E-02  5.952E-02  6.079E-02  6.102E-02  6.664E-02  6.683E-02  6.846E-02  7.164E-02  7.639E-02  7.839E-02  8.163E-02  8.116E-02  8.627E-02  8.989E-02  9.394E-02  9.925E-02  1.034E-01  1.087E-01  1.142E-01  1.184E-01  1.248E-01  1.350E-01  1.379E-01  1.491E-01  1.596E-01  1.663E-01  1.791E-01  1.950E-01  2.079E-01  2.219E-01  2.426E-01  2.612E-01  2.844E-01  3.053E-01  3.335E-01  3.632E-01  3.949E-01  4.341E-01  4.738E-01  5.122E-01  5.615E-01  6.115E-01  6.700E-01  7.265E-01  7.912E-01  8.691E-01  9.421E-01  1.028E+00  1.117E+00  1.210E+00  1.310E+00  1.435E+00  1.553E+00  1.676E+00  1.812E+00  1.950E+00  2.104E+00  2.270E+00  2.429E+00  2.610E+00  2.807E+00  3.014E+00  3.206E+00  3.419E+00  3.643E+00  3.879E+00  4.129E+00  4.381E+00  4.636E+00  4.910E+00  5.185E+00  5.467E+00  5.779E+00  6.069E+00  6.374E+00  6.704E+00  7.032E+00  7.339E+00  7.689E+00  8.039E+00  8.374E+00  8.720E+00  9.079E+00  9.435E+00  9.785E+00  1.014E+01  1.050E+01  1.085E+01  1.122E+01  1.158E+01  1.191E+01  1.227E+01  1.260E+01  1.292E+01  1.326E+01  1.356E+01  1.388E+01  1.415E+01  1.443E+01  1.473E+01  1.499E+01  1.523E+01  1.545E+01  1.567E+01  1.588E+01  1.606E+01  1.622E+01  1.636E+01  1.648E+01  1.663E+01  1.665E+01  1.673E+01  1.677E+01  1.679E+01  1.677E+01  1.673E+01  1.669E+01  1.661E+01  1.649E+01  1.636E+01  1.621E+01  1.601E+01  1.578E+01  1.556E+01  1.529E+01  1.498E+01  1.467E+01  1.430E+01  1.395E+01  1.355E+01  1.316E+01  1.273E+01  1.226E+01  1.180E+01  1.133E+01  1.085E+01  1.037E+01  9.854E+00  9.382E+00  8.892E+00  8.385E+00  7.928E+00  7.430E+00  6.970E+00  6.507E+00  6.069E+00  5.635E+00  5.231E+00  4.837E+00  4.451E+00  4.105E+00  3.757E+00  3.429E+00  3.127E+00  2.834E+00  2.577E+00  2.319E+00  2.086E+00  1.875E+00  1.676E+00  1.503E+00  1.332E+00  1.178E+00  1.042E+00  9.208E-01  8.060E-01  7.082E-01  6.166E-01  5.390E-01  4.673E-01  4.009E-01  3.480E-01  2.982E-01  2.556E-01  2.180E-01  1.854E-01  1.591E-01  1.342E-01  1.137E-01  9.715E-02  8.101E-02  6.954E-02  5.718E-02  4.849E-02  3.907E-02  3.231E-02  2.741E-02  2.328E-02  1.938E-02  1.568E-02  1.307E-02  1.027E-02  8.650E-03  7.417E-03  5.709E-03  4.851E-03  3.778E-03  2.883E-03  2.447E-03  1.889E-03  1.584E-03  1.318E-03  9.270E-04  8.563E-04  7.173E-04  4.649E-04  5.193E-04  3.205E-04  2.519E-04  1.521E-04  1.670E-04  1.618E-04  8.312E-05  5.244E-05  1.618E-04  Z
 0.000E+00  0.000E+00  5.178E-05  3.930E-04  6.935E-04  1.497E-03  1.827E-03  3.074E-03  4.624E-03  4.989E-03  7.364E-03  9.401E-03  1.017E-02  1.328E-02  1.547E-02  1.678E-02  1.794E-02  2.190E-02  2.353E-02  2.481E-02  2.788E-02  2.938E-02  3.032E-02  3.472E-02  3.597E-02  3.655E-02  3.898E-02  4.224E-02  4.453E-02  4.634E-02  4.762E-02  4.876E-02  5.327E-02  5.302E-02  5.450E-02  5.709E-02  5.855E-02  6.112E-02  6.435E-02  6.495E-02  6.921E-02  7.123E-02  7.162E-02  7.670E-02  7.857E-02  8.175E-02  8.758E-02  8.936E-02  9.283E-02  9.755E-02  9.978E-02  1.058E-01  1.121E-01  1.159E-01  1.223E-01  1.290E-01  1.360E-01  1.485E-01  1.529E-01  1.647E-01  1.783E-01  1.892E-01  2.009E-01  2.192E-01  2.358E-01  2.574E-01  2.784E-01  3.007E-01  3.280E-01  3.576E-01  3.906E-01  4.252E-01  4.631E-01  5.074E-01  5.530E-01  6.029E-01  6.592E-01  7.183E-01  7.860E-01  8.533E-01  9.346E-01  1.014E+00  1.099E+00  1.204E+00  1.305E+00  1.411E+00  1.526E+00  1.655E+00  1.786E+00  1.935E+00  2.081E+00  2.233E+00  2.419E+00  2.581E+00  2.778E+00  2.971E+00  3.178E+00  3.387E+00  3.614E+00  3.842E+00  4.099E+00  4.348E+00  4.615E+00  4.884E+00  5.166E+00  5.453E+00  5.754E+00  6.055E+00  6.389E+00  6.698E+00  7.009E+00  7.361E+00  7.714E+00  8.068E+00  8.406E+00  8.768E+00  9.134E+00  9.493E+00  9.856E+00  1.022E+01  1.059E+01  1.096E+01  1.132E+01  1.169E+01  1.205E+01  1.240E+01  1.278E+01  1.311E+01  1.346E+01  1.380E+01  1.414E+01  1.445E+01  1.478E+01  1.506E+01  1.537E+01  1.563E+01  1.590E+01  1.614E+01  1.638E+01  1.662E+01  1.681E+01  1.698E+01  1.714E+01  1.729E+01  1.742E+01  1.752E+01  1.759E+01  1.765E+01  1.770E+01  1.770E+01  1.771E+01  1.766E+01  1.763E+01  1.751E+01  1.742E+01  1.730E+01  1.714E+01  1.694E+01  1.671E+01  1.649E+01  1.623E+01  1.595E+01  1.563E+01  1.529E+01  1.492E+01  1.453E+01  1.412E+01  1.369E+01  1.324E+01  1.279E+01  1.230E+01  1.180E+01  1.130E+01  1.081E+01  1.029E+01  9.779E+00  9.271E+00  8.781E+00  8.273E+00  7.776E+00  7.290E+00  6.813E+00  6.367E+00  5.917E+00  5.481E+00  5.075E+00  4.672E+00  4.306E+00  3.952E+00  3.604E+00  3.290E+00  2.990E+00  2.715E+00  2.453E+00  2.203E+00  1.976E+00  1.768E+00  1.585E+00  1.405E+00  1.252E+00  1.110E+00  9.732E-01  8.529E-01  7.487E-01  6.542E-01  5.713E-01  4.951E-01  4.311E-01  3.733E-01  3.207E-01  2.743E-01  2.366E-01  2.001E-01  1.704E-01  1.445E-01  1.242E-01  1.042E-01  8.790E-02  7.488E-02  6.245E-02  5.155E-02  4.375E-02  3.572E-02  3.049E-02  2.575E-02  2.036E-02  1.790E-02  1.398E-02  1.200E-02  9.663E-03  8.056E-03  6.219E-03  5.307E-03  4.293E-03  3.680E-03  2.949E-03  2.091E-03  1.765E-03  1.510E-03  1.274E-03  9.093E-04  8.102E-04  6.005E-04  4.698E-04  3.920E-04  2.791E-04  2.036E-04  1.763E-04  4.570E-04  Z
 0.000E+00  0.000E+00  1.550E-04  1.744E-04  6.171E-04  1.080E-03  1.891E-03  3.192E-03  4.402E-03  5.304E-03  6.991E-03  8.870E-03  9.657E-03  1.174E-02  1.309E-02  1.447E-02  1.787E-02  2.012E-02  2.187E-02  2.475E-02  2.524E-02  2.903E-02  3.053E-02  3.219E-02  3.342E-02  3.740E-02  3.730E-02  4.151E-02  4.262E-02  4.262E-02  4.634E-02  4.655E-02  4.793E-02  5.103E-02  5.462E-02  5.370E-02  5.770E-02  5.945E-02  6.188E-02  6.459E-02  6.799E-02  6.808E-02  7.204E-02  7.531E-02  7.767E-02  7.934E-02  8.358E-02  8.598E-02  9.075E-02  9.649E-02  1.006E-01  1.019E-01  1.094E-01  1.138E-01  1.197E-01  1.265E-01  1.345E-01  1.433E-01  1.522E-01  1.596E-01  1.747E-01  1.862E-01  1.971E-01  2.133E-01  2.327E-01  2.505E-01  2.738E-01  2.980E-01  3.227E-01  3.497E-01  3.809E-01  4.159E-01  4.502E-01  4.928E-01  5.377E-01  5.903E-01  6.455E-01  7.042E-01  7.700E-01  8.307E-01  9.095E-01  9.924E-01  1.081E+00  1.175E+00  1.276E+00  1.384E+00  1.498E+00  1.629E+00  1.757E+00  1.893E+00  2.046E+00  2.196E+00  2.365E+00  2.545E+00  2.736E+00  2.929E+00  3.143E+00  3.346E+00  3.577E+00  3.815E+00  4.041E+00  4.317E+00  4.580E+00  4.848E+00  5.145E+00  5.437E+00  5.752E+00  6.055E+00  6.364E+00  6.692E+00  7.036E+00  7.369E+00  7.726E+00  8.074E+00  8.435E+00  8.835E+00  9.203E+00  9.568E+00  9.960E+00  1.034E+01  1.074E+01  1.112E+01  1.150E+01  1.191E+01  1.229E+01  1.266E+01  1.303E+01  1.342E+01  1.380E+01  1.416E+01  1.454E+01  1.491E+01  1.523E+01  1.558E+01  1.592E+01  1.620E+01  1.652E+01  1.682E+01  1.709E+01  1.736E+01  1.761E+01  1.785E+01  1.805E+01  1.827E+01  1.843E+01  1.859E+01  1.874E+01  1.886E+01  1.897E+01  1.903E+01  1.910E+01  1.913E+01  1.912E+01  1.911E+01  1.908E+01  1.901E+01  1.891E+01  1.880E+01  1.867E+01  1.849E+01  1.831E+01  1.812E+01  1.787E+01  1.760E+01  1.733E+01  1.701E+01  1.666E+01  1.631E+01  1.591E+01  1.549E+01  1.506E+01  1.463E+01  1.418E+01  1.368E+01  1.317E+01  1.265E+01  1.213E+01  1.161E+01  1.106E+01  1.053E+01  9.974E+00  9.452E+00  8.913E+00  8.410E+00  7.874E+00  7.393E+00  6.882E+00  6.417E+00  5.951E+00  5.514E+00  5.089E+00  4.681E+00  4.302E+00  3.938E+00  3.592E+00  3.271E+00  2.977E+00  2.693E+00  2.429E+00  2.185E+00  1.956E+00  1.751E+00  1.558E+00  1.387E+00  1.225E+00  1.084E+00  9.538E-01  8.400E-01  7.304E-01  6.387E-01  5.545E-01  4.862E-01  4.200E-01  3.609E-01  3.116E-01  2.687E-01  2.286E-01  1.954E-01  1.657E-01  1.403E-01  1.211E-01  1.017E-01  8.520E-02  7.231E-02  5.902E-02  5.004E-02  4.259E-02  3.567E-02  2.933E-02  2.541E-02  2.059E-02  1.660E-02  1.423E-02  1.175E-02  9.644E-03  7.526E-03  6.260E-03  5.137E-03  4.071E-03  3.408E-03  2.681E-03  2.163E-03  1.807E-03  1.588E-03  1.027E-03  9.685E-04  8.410E-04  6.211E-04  1.722E-03  Z
 0.000E+00  0.000E+00  0.000E+00  4.380E-05  7.705E-04  1.046E-03  1.794E-03  2.746E-03  3.700E-03  5.065E-03  6.537E-03  7.785E-03  1.036E-02  1.139E-02  1.275E-02  1.399E-02  1.798E-02  1.831E-02  2.168E-02  2.345E-02  2.522E-02  2.767E-02  2.870E-02  3.142E-02  3.258E-02  3.474E-02  3.713E-02  4.099E-02  4.109E-02  4.342E-02  4.460E-02  4.601E-02  4.892E-02  5.077E-02  5.278E-02  5.622E-02  5.487E-02  5.916E-02  5.962E-02  6.447E-02  6.376E-02  6.826E-02  7.093E-02  7.164E-02  7.583E-02  7.833E-02  8.137E-02  8.362E-02  8.731E-02  9.351E-02  9.705E-02  9.881E-02  1.089E-01  1.121E-01  1.199E-01  1.236E-01  1.311E-01  1.408E-01  1.493E-01  1.607E-01  1.693E-01  1.814E-01  1.970E-01  2.119E-01  2.291E-01  2.450E-01  2.652E-01  2.865E-01  3.130E-01  3.432E-01  3.730E-01  4.061E-01  4.450E-01  4.864E-01  5.312E-01  5.787E-01  6.355E-01  6.935E-01  7.513E-01  8.186E-01  8.978E-01  9.798E-01  1.061E+00  1.159E+00  1.256E+00  1.360E+00  1.482E+00  1.601E+00  1.728E+00  1.873E+00  2.022E+00  2.173E+00  2.349E+00  2.524E+00  2.710E+00  2.909E+00  3.102E+00  3.329E+00  3.544E+00  3.788E+00  4.026E+00  4.291E+00  4.554E+00  4.831E+00  5.115E+00  5.400E+00  5.712E+00  6.029E+00  6.364E+00  6.679E+00  7.020E+00  7.394E+00  7.746E+00  8.101E+00  8.485E+00  8.867E+00  9.237E+00  9.626E+00  1.002E+01  1.043E+01  1.080E+01  1.123E+01  1.162E+01  1.202E+01  1.242E+01  1.283E+01  1.324E+01  1.362E+01  1.401E+01  1.441E+01  1.477E+01  1.518E+01  1.554E+01  1.590E+01  1.628E+01  1.661E+01  1.695E+01  1.727E+01  1.758E+01  1.790E+01  1.817E+01  1.844E+01  1.869E+01  1.892E+01  1.916E+01  1.932E+01  1.953E+01  1.970E+01  1.980E+01  1.994E+01  2.003E+01  2.011E+01  2.017E+01  2.019E+01  2.017E+01  2.016E+01  2.014E+01  2.006E+01  1.998E+01  1.988E+01  1.972E+01  1.957E+01  1.938E+01  1.917E+01  1.895E+01  1.866E+01  1.838E+01  1.807E+01  1.775E+01  1.738E+01  1.701E+01  1.658E+01  1.616E+01  1.571E+01  1.525E+01  1.477E+01  1.424E+01  1.373E+01  1.319E+01  1.264E+01  1.209E+01  1.155E+01  1.098E+01  1.042E+01  9.870E+00  9.316E+00  8.764E+00  8.243E+00  7.719E+00  7.197E+00  6.717E+00  6.232E+00  5.776E+00  5.342E+00  4.913E+00  4.507E+00  4.128E+00  3.783E+00  3.436E+00  3.111E+00  2.822E+00  2.546E+00  2.292E+00  2.059E+00  1.842E+00  1.638E+00  1.457E+00  1.292E+00  1.142E+00  1.009E+00  8.824E-01  7.772E-01  6.761E-01  5.896E-01  5.112E-01  4.421E-01  3.813E-01  3.308E-01  2.820E-01  2.408E-01  2.068E-01  1.763E-01  1.490E-01  1.271E-01  1.053E-01  8.969E-02  7.640E-02  6.439E-02  5.411E-02  4.550E-02  3.794E-02  3.149E-02  2.669E-02  2.184E-02  1.794E-02  1.521E-02  1.209E-02  1.027E-02  8.480E-03  6.776E-03  5.517E-03  4.860E-03  3.869E-03  2.907E-03  2.437E-03  2.141E-03  1.612E-03  1.260E-03  3.961E-03  Z
 0.000E+00  0.000E+00  0.000E+00  2.619E-04  5.010E-04  1.427E-03  1.891E-03  2.298E-03  3.757E-03  4.481E-03  6.458E-03  7.039E-03  8.786E-03  1.010E-02  1.228E-02  1.468E-02  1.573E-02  1.827E-02  1.921E-02  2.254E-02  2.307E-02  2.563E-02  2.706E-02  2.953E-02  3.090E-02  3.451E-02  3.581E-02  3.740E-02  4.102E-02  4.104E-02  4.252E-02  4.568E-02  4.731E-02  4.919E-02  5.211E-02  5.420E-02  5.377E-02  5.775E-02  5.961E-02  6.117E-02  6.283E-02  6.692E-02  7.001E-02  7.290E-02  7.286E-02  7.728E-02  7.959E-02  8.287E-02  8.781E-02  9.153E-02  9.523E-02  9.847E-02  1.043E-01  1.118E-01  1.166E-01  1.225E-01  1.315E-01  1.362E-01  1.445E-01  1.555E-01  1.644E-01  1.768E-01  1.912E-01  2.078E-01  2.213E-01  2.402E-01  2.616E-01  2.843E-01  3.088E-01  3.298E-01  3.658E-01  3.995E-01  4.340E-01  4.709E-01  5.200E-01  5.641E-01  6.164E-01  6.691E-01  7.371E-01  8.092E-01  8.773E-01  9.546E-01  1.042E+00  1.139E+00  1.234E+00  1.340E+00  1.450E+00  1.569E+00  1.704E+00  1.843E+00  1.987E+00  2.150E+00  2.311E+00  2.489E+00  2.676E+00  2.864E+00  3.075E+00  3.292E+00  3.505E+00  3.755E+00  3.998E+00  4.267E+00  4.529E+00  4.808E+00  5.094E+00  5.384E+00  5.683E+00  6.006E+00  6.348E+00  6.690E+00  7.037E+00  7.392E+00  7.757E+00  8.128E+00  8.518E+00  8.905E+00  9.288E+00  9.687E+00  1.011E+01  1.051E+01  1.092E+01  1.135E+01  1.176E+01  1.218E+01  1.261E+01  1.304E+01  1.347E+01  1.388E+01  1.431E+01  1.474E+01  1.515E+01  1.556E+01  1.597E+01  1.639E+01  1.676E+01  1.715E+01  1.753E+01  1.788E+01  1.825E+01  1.857E+01  1.893E+01  1.921E+01  1.951E+01  1.980E+01  2.009E+01  2.032E+01  2.058E+01  2.080E+01  2.100E+01  2.115E+01  2.130E+01  2.145E+01  2.158E+01  2.166E+01  2.175E+01  2.178E+01  2.180E+01  2.182E+01  2.179E+01  2.173E+01  2.168E+01  2.157E+01  2.144E+01  2.131E+01  2.114E+01  2.096E+01  2.073E+01  2.049E+01  2.022E+01  1.993E+01  1.963E+01  1.930E+01  1.894E+01  1.855E+01  1.813E+01  1.769E+01  1.725E+01  1.677E+01  1.628E+01  1.577E+01  1.523E+01  1.468E+01  1.412E+01  1.356E+01  1.298E+01  1.239E+01  1.181E+01  1.123E+01  1.063E+01  1.006E+01  9.475E+00  8.903E+00  8.334E+00  7.806E+00  7.265E+00  6.775E+00  6.263E+00  5.807E+00  5.339E+00  4.914E+00  4.501E+00  4.116E+00  3.748E+00  3.407E+00  3.089E+00  2.796E+00  2.509E+00  2.255E+00  2.027E+00  1.805E+00  1.608E+00  1.427E+00  1.260E+00  1.114E+00  9.788E-01  8.601E-01  7.496E-01  6.511E-01  5.679E-01  4.909E-01  4.257E-01  3.674E-01  3.154E-01  2.698E-01  2.305E-01  1.986E-01  1.677E-01  1.429E-01  1.214E-01  1.019E-01  8.673E-02  7.222E-02  6.223E-02  5.165E-02  4.301E-02  3.656E-02  3.049E-02  2.514E-02  2.054E-02  1.680E-02  1.446E-02  1.184E-02  9.880E-03  8.336E-03  6.670E-03  5.433E-03  4.280E-03  3.518E-03  1.114E-02  Z
 0.000E+00  0.000E+00  0.000E+00  1.750E-04  3.083E-04  1.081E-03  1.315E-03  2.149E-03  2.911E-03  4.615E-03  5.320E-03  7.088E-03  7.650E-03  9.052E-03  1.130E-02  1.291E-02  1.427E-02  1.641E-02  1.881E-02  2.147E-02  2.215E-02  2.429E-02  2.582E-02  2.917E-02  3.134E-02  3.189E-02  3.439E-02  3.698E-02  3.590E-02  3.962E-02  4.159E-02  4.295E-02  4.399E-02  4.883E-02  4.964E-02  5.283E-02  5.180E-02  5.739E-02  5.728E-02  5.770E-02  6.126E-02  6.440E-02  6.617E-02  7.136E-02  7.118E-02  7.471E-02  7.812E-02  8.241E-02  8.591E-02  8.774E-02  9.479E-02  9.773E-02  1.011E-01  1.054E-01  1.125E-01  1.192E-01  1.269E-01  1.347E-01  1.415E-01  1.513E-01  1.622E-01  1.706E-01  1.856E-01  2.013E-01  2.154E-01  2.351E-01  2.512E-01  2.744E-01  2.965E-01  3.255E-01  3.521E-01  3.860E-01  4.238E-01  4.610E-01  5.022E-01  5.451E-01  6.029E-01  6.613E-01  7.192E-01  7.817E-01  8.565E-01  9.342E-01  1.018E+00  1.114E+00  1.208E+00  1.308E+00  1.416E+00  1.533E+00  1.672E+00  1.802E+00  1.957E+00  2.114E+00  2.272E+00  2.444E+00  2.636E+00  2.818E+00  3.020E+00  3.252E+00  3.474E+00  3.705E+00  3.953E+00  4.202E+00  4.479E+00  4.764E+00  5.041E+00  5.357E+00  5.666E+00  5.990E+00  6.326E+00  6.661E+00  7.017E+00  7.384E+00  7.756E+00  8.148E+00  8.531E+00  8.947E+00  9.359E+00  9.777E+00  1.018E+01  1.062E+01  1.106E+01  1.149E+01  1.193E+01  1.238E+01  1.283E+01  1.329E+01  1.373E+01  1.420E+01  1.466E+01  1.510E+01  1.554E+01  1.601E+01  1.644E+01  1.689E+01  1.733E+01  1.776E+01  1.819E+01  1.861E+01  1.901E+01  1.942E+01  1.980E+01  2.019E+01  2.052E+01  2.088E+01  2.119E+01  2.154E+01  2.183E+01  2.212E+01  2.238E+01  2.266E+01  2.289E+01  2.308E+01  2.328E+01  2.345E+01  2.360E+01  2.372E+01  2.387E+01  2.392E+01  2.400E+01  2.403E+01  2.405E+01  2.405E+01  2.401E+01  2.394E+01  2.387E+01  2.376E+01  2.364E+01  2.347E+01  2.331E+01  2.309E+01  2.286E+01  2.261E+01  2.232E+01  2.205E+01  2.172E+01  2.137E+01  2.099E+01  2.059E+01  2.019E+01  1.974E+01  1.926E+01  1.880E+01  1.828E+01  1.775E+01  1.719E+01  1.664E+01  1.605E+01  1.544E+01  1.486E+01  1.422E+01  1.360E+01  1.297E+01  1.233E+01  1.169E+01  1.107E+01  1.044E+01  9.841E+00  9.228E+00  8.641E+00  8.061E+00  7.510E+00  6.976E+00  6.450E+00  5.957E+00  5.490E+00  5.018E+00  4.603E+00  4.211E+00  3.830E+00  3.468E+00  3.134E+00  2.833E+00  2.551E+00  2.285E+00  2.034E+00  1.819E+00  1.615E+00  1.430E+00  1.264E+00  1.110E+00  9.732E-01  8.527E-01  7.452E-01  6.457E-01  5.641E-01  4.867E-01  4.210E-01  3.600E-01  3.105E-01  2.667E-01  2.284E-01  1.931E-01  1.635E-01  1.404E-01  1.190E-01  9.950E-02  8.393E-02  7.195E-02  6.026E-02  4.968E-02  4.204E-02  3.512E-02  2.948E-02  2.516E-02  1.971E-02  1.730E-02  1.407E-02  1.122E-02  3.675E-02  Z
