p-
 0.000E+00  0.000E+00  0.000E+00  0.000E+00  0.000E+00  0.000E+00  0.000E+00  0.000E+00  0.000E+00  0.000E+00  0.000E+00  0.000E+00  0.000E+00  0.000E+00  0.000E+00  0.000E+00  0.000E+00  0.000E+00  0.000E+00  0.000E+00  0.000E+00  0.000E+00  0.000E+00  0.000E+00  0.000E+00  0.000E+00  0.000E+00  0.000E+00  0.000E+00  0.000E+00  0.000E+00  0.000E+00  0.000E+00  0.000E+00  0.000E+00  0.000E+00  0.000E+00  0.000E+00  0.000E+00  0.000E+00  0.000E+00  0.000E+00  0.000E+00  0.000E+00  0.000E+00  0.000E+00  0.000E+00  0.000E+00  0.000E+00  0.000E+00  0.000E+00  0.000E+00  0.000E+00  0.000E+00  0.000E+00  0.000E+00  0.000E+00  0.000E+00  0.000E+00  0.000E+00  0.000E+00  0.000E+00  0.000E+00  0.000E+00  0.000E+00  0.000E+00  0.000E+00  0.000E+00  0.000E+00  0.000E+00  0.000E+00  0.000E+00  0.000E+00  0.000E+00  0.000E+00  0.000E+00  0.000E+00  0.000E+00  0.000E+00  0.000E+00  0.000E+00  0.000E+00  0.000E+00  0.000E+00  0.000E+00  0.000E+00  0.000E+00  0.000E+00  0.000E+00  0.000E+00  0.000E+00  0.000E+00  0.000E+00  0.000E+00  0.000E+00  0.000E+00  0.000E+00  0.000E+00  0.000E+00  0.000E+00  0.000E+00  0.000E+00  0.000E+00  0.000E+00  0.000E+00  0.000E+00  0.000E+00  0.000E+00  0.000E+00  0.000E+00  0.000E+00  0.000E+00  0.000E+00  0.000E+00  0.000E+00  0.000E+00  0.000E+00  0.000E+00  0.000E+00  0.000E+00  0.000E+00  0.000E+00  0.000E+00  0.000E+00  0.000E+00  0.000E+00  0.000E+00  0.000E+00  0.000E+00  0.000E+00  0.000E+00  0.000E+00  0.000E+00  0.000E+00  0.000E+00  0.000E+00  0.000E+00  0.000E+00  0.000E+00  0.000E+00  0.000E+00  0.000E+00  0.000E+00  0.000E+00  0.000E+00  0.000E+00  0.000E+00  0.000E+00  0.000E+00  0.000E+00  0.000E+00  0.000E+00  0.000E+00  0.000E+00  0.000E+00  0.000E+00  0.000E+00  0.000E+00  0.000E+00  0.000E+00  0.000E+00  0.000E+00  0.000E+00  0.000E+00  0.000E+00  0.000E+00  0.000E+00  0.000E+00  0.000E+00  0.000E+00  0.000E+00  0.000E+00  0.000E+00  0.000E+00  0.000E+00  0.000E+00  0.000E+00  0.000E+00  0.000E+00  0.000E+00  0.000E+00  0.000E+00  0.000E+00  0.000E+00  0.000E+00  0.000E+00  0.000E+00  0.000E+00  0.000E+00  0.000E+00  0.000E+00  0.000E+00  0.000E+00  0.000E+00  0.000E+00  0.000E+00  0.000E+00  0.000E+00  0.000E+00  0.000E+00  0.000E+00  0.000E+00  0.000E+00  0.000E+00  0.000E+00  0.000E+00  0.000E+00  0.000E+00  0.000E+00  0.000E+00  0.000E+00  0.000E+00  0.000E+00  0.000E+00  0.000E+00  0.000E+00  0.000E+00  0.000E+00  0.000E+00  0.000E+00  0.000E+00  0.000E+00  0.000E+00  0.000E+00  0.000E+00  0.000E+00  0.000E+00  0.000E+00  0.000E+00  0.000E+00  0.000E+00  0.000E+00  0.000E+00  0.000E+00  0.000E+00  0.000E+00  0.000E+00  0.000E+00  0.000E+00  0.000E+00  0.000E+00  0.000E+00  0.000E+00  0.000E+00  0.000E+00  0.000E+00  0.000E+00  0.000E+00  0.000E+00  Z
 0.000E+00  0.000E+00  0.000E+00  0.000E+00  0.000E+00  0.000E+00  0.000E+00  0.000E+00  0.000E+00  0.000E+00  0.000E+00  0.000E+00  0.000E+00  0.000E+00  0.000E+00  0.000E+00  0.000E+00  0.000E+00  0.000E+00  0.000E+00  0.000E+00  0.000E+00  0.000E+00  0.000E+00  0.000E+00  0.000E+00  0.000E+00  0.000E+00  0.000E+00  0.000E+00  0.000E+00  0.000E+00  0.000E+00  0.000E+00  0.000E+00  0.000E+00  0.000E+00  0.000E+00  0.000E+00  0.000E+00  0.000E+00  0.000E+00  0.000E+00  0.000E+00  0.000E+00  0.000E+00  0.000E+00  0.000E+00  0.000E+00  0.000E+00  0.000E+00  0.000E+00  0.000E+00  0.000E+00  0.000E+00  0.000E+00  0.000E+00  0.000E+00  0.000E+00  0.000E+00  0.000E+00  0.000E+00  0.000E+00  0.000E+00  0.000E+00  0.000E+00  0.000E+00  0.000E+00  0.000E+00  0.000E+00  0.000E+00  0.000E+00  0.000E+00  0.000E+00  0.000E+00  0.000E+00  0.000E+00  0.000E+00  0.000E+00  0.000E+00  0.000E+00  0.000E+00  0.000E+00  0.000E+00  0.000E+00  0.000E+00  0.000E+00  0.000E+00  0.000E+00  0.000E+00  0.000E+00  0.000E+00  0.000E+00  0.000E+00  0.000E+00  0.000E+00  0.000E+00  0.000E+00  0.000E+00  0.000E+00  0.000E+00  0.000E+00  0.000E+00  0.000E+00  0.000E+00  0.000E+00  0.000E+00  0.000E+00  0.000E+00  0.000E+00  0.000E+00  0.000E+00  0.000E+00  0.000E+00  0.000E+00  0.000E+00  0.000E+00  0.000E+00  0.000E+00  0.000E+00  0.000E+00  0.000E+00  0.000E+00  0.000E+00  0.000E+00  0.000E+00  0.000E+00  0.000E+00  0.000E+00  0.000E+00  0.000E+00  0.000E+00  0.000E+00  0.000E+00  0.000E+00  0.000E+00  0.000E+00  0.000E+00  0.000E+00  0.000E+00  0.000E+00  0.000E+00  0.000E+00  0.000E+00  0.000E+00  0.000E+00  0.000E+00  0.000E+00  0.000E+00  0.000E+00  0.000E+00  0.000E+00  0.000E+00  0.000E+00  0.000E+00  0.000E+00  0.000E+00  0.000E+00  0.000E+00  0.000E+00  0.000E+00  0.000E+00  0.000E+00  0.000E+00  0.000E+00  0.000E+00  0.000E+00  0.000E+00  0.000E+00  0.000E+00  0.000E+00  0.000E+00  0.000E+00  0.000E+00  0.000E+00  0.000E+00  0.000E+00  0.000E+00  0.000E+00  0.000E+00  0.000E+00  0.000E+00  0.000E+00  0.000E+00  0.000E+00  0.000E+00  0.000E+00  0.000E+00  0.000E+00  0.000E+00  0.000E+00  0.000E+00  0.000E+00  0.000E+00  0.000E+00  0.000E+00  0.000E+00  0.000E+00  0.000E+00  0.000E+00  0.000E+00  0.000E+00  0.000E+00  0.000E+00  0.000E+00  0.000E+00  0.000E+00  0.000E+00  0.000E+00  0.000E+00  0.000E+00  0.000E+00  0.000E+00  0.000E+00  0.000E+00  0.000E+00  0.000E+00  0.000E+00  0.000E+00  0.000E+00  0.000E+00  0.000E+00  0.000E+00  0.000E+00  0.000E+00  0.000E+00  0.000E+00  0.000E+00  0.000E+00  0.000E+00  0.000E+00  0.000E+00  0.000E+00  0.000E+00  0.000E+00  0.000E+00  0.000E+00  0.000E+00  0.000E+00  0.000E+00  0.000E+00  0.000E+00  0.000E+00  0.000E+00  0.000E+00  0.000E+00  0.000E+00  0.000E+00  0.000E+00  Z
 0.000E+00  0.000E+00  0.000E+00  0.000E+00  0.000E+00  0.000E+00  0.000E+00  0.000E+00  0.000E+00  0.000E+00  0.000E+00  0.000E+00  0.000E+00  0.000E+00  0.000E+00  0.000E+00  0.000E+00  0.000E+00  0.000E+00  0.000E+00  0.000E+00  0.000E+00  0.000E+00  0.000E+00  0.000E+00  0.000E+00  0.000E+00  0.000E+00  0.000E+00  0.000E+00  0.000E+00  0.000E+00  0.000E+00  0.000E+00  0.000E+00  0.000E+00  0.000E+00  0.000E+00  0.000E+00  0.000E+00  0.000E+00  0.000E+00  0.000E+00  0.000E+00  0.000E+00  0.000E+00  0.000E+00  0.000E+00  0.000E+00  0.000E+00  0.000E+00  0.000E+00  0.000E+00  0.000E+00  0.000E+00  0.000E+00  0.000E+00  0.000E+00  0.000E+00  0.000E+00  0.000E+00  0.000E+00  0.000E+00  0.000E+00  0.000E+00  0.000E+00  0.000E+00  0.000E+00  0.000E+00  0.000E+00  0.000E+00  0.000E+00  0.000E+00  0.000E+00  0.000E+00  0.000E+00  0.000E+00  0.000E+00  0.000E+00  0.000E+00  0.000E+00  0.000E+00  0.000E+00  0.000E+00  0.000E+00  0.000E+00  0.000E+00  0.000E+00  0.000E+00  0.000E+00  0.000E+00  0.000E+00  0.000E+00  0.000E+00  0.000E+00  0.000E+00  0.000E+00  0.000E+00  0.000E+00  0.000E+00  0.000E+00  0.000E+00  0.000E+00  0.000E+00  0.000E+00  0.000E+00  0.000E+00  0.000E+00  0.000E+00  0.000E+00  0.000E+00  0.000E+00  0.000E+00  0.000E+00  0.000E+00  0.000E+00  0.000E+00  0.000E+00  0.000E+00  0.000E+00  0.000E+00  0.000E+00  0.000E+00  0.000E+00  0.000E+00  0.000E+00  0.000E+00  0.000E+00  0.000E+00  0.000E+00  0.000E+00  0.000E+00  0.000E+00  0.000E+00  0.000E+00  0.000E+00  0.000E+00  0.000E+00  0.000E+00  0.000E+00  0.000E+00  0.000E+00  0.000E+00  0.000E+00  0.000E+00  0.000E+00  0.000E+00  0.000E+00  0.000E+00  0.000E+00  0.000E+00  0.000E+00  0.000E+00  0.000E+00  0.000E+00  0.000E+00  0.000E+00  0.000E+00  0.000E+00  0.000E+00  0.000E+00  0.000E+00  0.000E+00  0.000E+00  0.000E+00  0.000E+00  0.000E+00  0.000E+00  0.000E+00  0.000E+00  0.000E+00  0.000E+00  0.000E+00  0.000E+00  0.000E+00  0.000E+00  0.000E+00  0.000E+00  0.000E+00  0.000E+00  0.000E+00  0.000E+00  0.000E+00  0.000E+00  0.000E+00  0.000E+00  0.000E+00  0.000E+00  0.000E+00  0.000E+00  0.000E+00  0.000E+00  0.000E+00  0.000E+00  0.000E+00  0.000E+00  0.000E+00  0.000E+00  0.000E+00  0.000E+00  0.000E+00  0.000E+00  0.000E+00  0.000E+00  0.000E+00  0.000E+00  0.000E+00  0.000E+00  0.000E+00  0.000E+00  0.000E+00  0.000E+00  0.000E+00  0.000E+00  0.000E+00  0.000E+00  0.000E+00  0.000E+00  0.000E+00  0.000E+00  0.000E+00  0.000E+00  0.000E+00  0.000E+00  0.000E+00  0.000E+00  0.000E+00  0.000E+00  0.000E+00  0.000E+00  0.000E+00  0.000E+00  0.000E+00  0.000E+00  0.000E+00  0.000E+00  0.000E+00  0.000E+00  0.000E+00  0.000E+00  0.000E+00  0.000E+00  0.000E+00  0.000E+00  0.000E+00  0.000E+00  0.000E+00  0.000E+00  0.000E+00  Z
 0.000E+00  0.000E+00  0.000E+00  0.000E+00  0.000E+00  0.000E+00  0.000E+00  0.000E+00  0.000E+00  0.000E+00  0.000E+00  0.000E+00  0.000E+00  0.000E+00  0.000E+00  0.000E+00  0.000E+00  0.000E+00  0.000E+00  0.000E+00  0.000E+00  0.000E+00  0.000E+00  0.000E+00  0.000E+00  0.000E+00  0.000E+00  0.000E+00  0.000E+00  0.000E+00  0.000E+00  0.000E+00  0.000E+00  0.000E+00  0.000E+00  0.000E+00  0.000E+00  0.000E+00  0.000E+00  0.000E+00  0.000E+00  0.000E+00  0.000E+00  0.000E+00  0.000E+00  0.000E+00  0.000E+00  0.000E+00  0.000E+00  0.000E+00  0.000E+00  0.000E+00  0.000E+00  0.000E+00  0.000E+00  0.000E+00  0.000E+00  0.000E+00  0.000E+00  0.000E+00  0.000E+00  0.000E+00  0.000E+00  0.000E+00  0.000E+00  0.000E+00  0.000E+00  0.000E+00  0.000E+00  0.000E+00  0.000E+00  0.000E+00  0.000E+00  0.000E+00  0.000E+00  0.000E+00  0.000E+00  0.000E+00  0.000E+00  0.000E+00  0.000E+00  0.000E+00  0.000E+00  0.000E+00  0.000E+00  0.000E+00  0.000E+00  0.000E+00  0.000E+00  0.000E+00  0.000E+00  0.000E+00  0.000E+00  0.000E+00  0.000E+00  0.000E+00  0.000E+00  0.000E+00  0.000E+00  0.000E+00  0.000E+00  0.000E+00  0.000E+00  0.000E+00  0.000E+00  0.000E+00  0.000E+00  0.000E+00  0.000E+00  0.000E+00  0.000E+00  0.000E+00  0.000E+00  0.000E+00  0.000E+00  0.000E+00  0.000E+00  0.000E+00  0.000E+00  0.000E+00  0.000E+00  0.000E+00  0.000E+00  0.000E+00  0.000E+00  0.000E+00  0.000E+00  0.000E+00  0.000E+00  0.000E+00  0.000E+00  0.000E+00  0.000E+00  0.000E+00  0.000E+00  0.000E+00  0.000E+00  0.000E+00  0.000E+00  0.000E+00  0.000E+00  0.000E+00  0.000E+00  0.000E+00  0.000E+00  0.000E+00  0.000E+00  0.000E+00  0.000E+00  0.000E+00  0.000E+00  0.000E+00  0.000E+00  0.000E+00  0.000E+00  0.000E+00  0.000E+00  0.000E+00  0.000E+00  0.000E+00  0.000E+00  0.000E+00  0.000E+00  0.000E+00  0.000E+00  0.000E+00  0.000E+00  0.000E+00  0.000E+00  0.000E+00  0.000E+00  0.000E+00  0.000E+00  0.000E+00  0.000E+00  0.000E+00  0.000E+00  0.000E+00  0.000E+00  0.000E+00  0.000E+00  0.000E+00  0.000E+00  0.000E+00  0.000E+00  0.000E+00  0.000E+00  0.000E+00  0.000E+00  0.000E+00  0.000E+00  0.000E+00  0.000E+00  0.000E+00  0.000E+00  0.000E+00  0.000E+00  0.000E+00  0.000E+00  0.000E+00  0.000E+00  0.000E+00  0.000E+00  0.000E+00  0.000E+00  0.000E+00  0.000E+00  0.000E+00  0.000E+00  0.000E+00  0.000E+00  0.000E+00  0.000E+00  0.000E+00  0.000E+00  0.000E+00  0.000E+00  0.000E+00  0.000E+00  0.000E+00  0.000E+00  0.000E+00  0.000E+00  0.000E+00  0.000E+00  0.000E+00  0.000E+00  0.000E+00  0.000E+00  0.000E+00  0.000E+00  0.000E+00  0.000E+00  0.000E+00  0.000E+00  0.000E+00  0.000E+00  0.000E+00  0.000E+00  0.000E+00  0.000E+00  0.000E+00  0.000E+00  0.000E+00  0.000E+00  0.000E+00  0.000E+00  0.000E+00  0.000E+00  Z
 0.000E+00  0.000E+00  0.000E+00  0.000E+00  0.000E+00  0.000E+00  0.000E+00  0.000E+00  0.000E+00  0.000E+00  0.000E+00  0.000E+00  0.000E+00  0.000E+00  0.000E+00  0.000E+00  0.000E+00  0.000E+00  0.000E+00  0.000E+00  0.000E+00  0.000E+00  0.000E+00  0.000E+00  0.000E+00  0.000E+00  0.000E+00  0.000E+00  0.000E+00  0.000E+00  0.000E+00  0.000E+00  0.000E+00  0.000E+00  0.000E+00  0.000E+00  0.000E+00  0.000E+00  0.000E+00  0.000E+00  0.000E+00  0.000E+00  0.000E+00  0.000E+00  0.000E+00  0.000E+00  0.000E+00  0.000E+00  0.000E+00  0.000E+00  0.000E+00  0.000E+00  0.000E+00  0.000E+00  0.000E+00  0.000E+00  0.000E+00  0.000E+00  0.000E+00  0.000E+00  0.000E+00  0.000E+00  0.000E+00  0.000E+00  0.000E+00  0.000E+00  0.000E+00  0.000E+00  0.000E+00  0.000E+00  0.000E+00  0.000E+00  0.000E+00  0.000E+00  0.000E+00  0.000E+00  0.000E+00  0.000E+00  0.000E+00  0.000E+00  0.000E+00  0.000E+00  0.000E+00  0.000E+00  0.000E+00  0.000E+00  0.000E+00  0.000E+00  0.000E+00  0.000E+00  0.000E+00  0.000E+00  0.000E+00  0.000E+00  0.000E+00  0.000E+00  0.000E+00  0.000E+00  0.000E+00  0.000E+00  0.000E+00  0.000E+00  0.000E+00  0.000E+00  0.000E+00  0.000E+00  0.000E+00  0.000E+00  0.000E+00  0.000E+00  0.000E+00  0.000E+00  0.000E+00  0.000E+00  0.000E+00  0.000E+00  0.000E+00  0.000E+00  0.000E+00  0.000E+00  0.000E+00  0.000E+00  0.000E+00  0.000E+00  0.000E+00  0.000E+00  0.000E+00  0.000E+00  0.000E+00  0.000E+00  0.000E+00  0.000E+00  0.000E+00  0.000E+00  0.000E+00  0.000E+00  0.000E+00  0.000E+00  0.000E+00  0.000E+00  0.000E+00  0.000E+00  0.000E+00  0.000E+00  0.000E+00  0.000E+00  0.000E+00  0.000E+00  0.000E+00  0.000E+00  0.000E+00  0.000E+00  0.000E+00  0.000E+00  0.000E+00  0.000E+00  0.000E+00  0.000E+00  0.000E+00  0.000E+00  0.000E+00  0.000E+00  0.000E+00  0.000E+00  0.000E+00  0.000E+00  0.000E+00  0.000E+00  0.000E+00  0.000E+00  0.000E+00  0.000E+00  0.000E+00  0.000E+00  0.000E+00  0.000E+00  0.000E+00  0.000E+00  0.000E+00  0.000E+00  0.000E+00  0.000E+00  0.000E+00  0.000E+00  0.000E+00  0.000E+00  0.000E+00  0.000E+00  0.000E+00  0.000E+00  0.000E+00  0.000E+00  0.000E+00  0.000E+00  0.000E+00  0.000E+00  0.000E+00  0.000E+00  0.000E+00  0.000E+00  0.000E+00  0.000E+00  0.000E+00  0.000E+00  0.000E+00  0.000E+00  0.000E+00  0.000E+00  0.000E+00  0.000E+00  0.000E+00  0.000E+00  0.000E+00  0.000E+00  0.000E+00  0.000E+00  0.000E+00  0.000E+00  0.000E+00  0.000E+00  0.000E+00  0.000E+00  0.000E+00  0.000E+00  0.000E+00  0.000E+00  0.000E+00  0.000E+00  0.000E+00  0.000E+00  0.000E+00  0.000E+00  0.000E+00  0.000E+00  0.000E+00  0.000E+00  0.000E+00  0.000E+00  0.000E+00  0.000E+00  0.000E+00  0.000E+00  0.000E+00  0.000E+00  0.000E+00  0.000E+00  0.000E+00  0.000E+00  0.000E+00  Z
 0.000E+00  0.000E+00  0.000E+00  0.000E+00  0.000E+00  0.000E+00  0.000E+00  0.000E+00  0.000E+00  0.000E+00  0.000E+00  0.000E+00  0.000E+00  0.000E+00  0.000E+00  0.000E+00  0.000E+00  0.000E+00  0.000E+00  0.000E+00  0.000E+00  0.000E+00  0.000E+00  0.000E+00  0.000E+00  0.000E+00  0.000E+00  0.000E+00  0.000E+00  0.000E+00  0.000E+00  0.000E+00  0.000E+00  0.000E+00  0.000E+00  0.000E+00  0.000E+00  0.000E+00  0.000E+00  0.000E+00  0.000E+00  0.000E+00  0.000E+00  0.000E+00  0.000E+00  0.000E+00  0.000E+00  0.000E+00  0.000E+00  0.000E+00  0.000E+00  0.000E+00  0.000E+00  0.000E+00  0.000E+00  0.000E+00  0.000E+00  0.000E+00  0.000E+00  0.000E+00  0.000E+00  0.000E+00  0.000E+00  0.000E+00  0.000E+00  0.000E+00  0.000E+00  0.000E+00  0.000E+00  0.000E+00  0.000E+00  0.000E+00  0.000E+00  0.000E+00  0.000E+00  0.000E+00  0.000E+00  0.000E+00  0.000E+00  0.000E+00  0.000E+00  0.000E+00  0.000E+00  0.000E+00  0.000E+00  0.000E+00  0.000E+00  0.000E+00  0.000E+00  0.000E+00  0.000E+00  0.000E+00  0.000E+00  0.000E+00  0.000E+00  0.000E+00  0.000E+00  0.000E+00  0.000E+00  0.000E+00  0.000E+00  0.000E+00  0.000E+00  0.000E+00  0.000E+00  0.000E+00  0.000E+00  0.000E+00  0.000E+00  0.000E+00  0.000E+00  0.000E+00  0.000E+00  0.000E+00  0.000E+00  0.000E+00  0.000E+00  0.000E+00  0.000E+00  0.000E+00  0.000E+00  0.000E+00  0.000E+00  0.000E+00  0.000E+00  0.000E+00  0.000E+00  0.000E+00  0.000E+00  0.000E+00  0.000E+00  0.000E+00  0.000E+00  0.000E+00  0.000E+00  0.000E+00  0.000E+00  0.000E+00  0.000E+00  0.000E+00  0.000E+00  0.000E+00  0.000E+00  0.000E+00  0.000E+00  0.000E+00  0.000E+00  0.000E+00  0.000E+00  0.000E+00  0.000E+00  0.000E+00  0.000E+00  0.000E+00  0.000E+00  0.000E+00  0.000E+00  0.000E+00  0.000E+00  0.000E+00  0.000E+00  0.000E+00  0.000E+00  0.000E+00  0.000E+00  0.000E+00  0.000E+00  0.000E+00  0.000E+00  0.000E+00  0.000E+00  0.000E+00  0.000E+00  0.000E+00  0.000E+00  0.000E+00  0.000E+00  0.000E+00  0.000E+00  0.000E+00  0.000E+00  0.000E+00  0.000E+00  0.000E+00  0.000E+00  0.000E+00  0.000E+00  0.000E+00  0.000E+00  0.000E+00  0.000E+00  0.000E+00  0.000E+00  0.000E+00  0.000E+00  0.000E+00  0.000E+00  0.000E+00  0.000E+00  0.000E+00  0.000E+00  0.000E+00  0.000E+00  0.000E+00  0.000E+00  0.000E+00  0.000E+00  0.000E+00  0.000E+00  0.000E+00  0.000E+00  0.000E+00  0.000E+00  0.000E+00  0.000E+00  0.000E+00  0.000E+00  0.000E+00  0.000E+00  0.000E+00  0.000E+00  0.000E+00  0.000E+00  0.000E+00  0.000E+00  0.000E+00  0.000E+00  0.000E+00  0.000E+00  0.000E+00  0.000E+00  0.000E+00  0.000E+00  0.000E+00  0.000E+00  0.000E+00  0.000E+00  0.000E+00  0.000E+00  0.000E+00  0.000E+00  0.000E+00  0.000E+00  0.000E+00  0.000E+00  0.000E+00  0.000E+00  0.000E+00  0.000E+00  Z
 0.000E+00  0.000E+00  0.000E+00  0.000E+00  0.000E+00  0.000E+00  0.000E+00  0.000E+00  0.000E+00  0.000E+00  0.000E+00  0.000E+00  0.000E+00  0.000E+00  0.000E+00  0.000E+00  0.000E+00  0.000E+00  0.000E+00  0.000E+00  0.000E+00  0.000E+00  0.000E+00  0.000E+00  0.000E+00  0.000E+00  0.000E+00  0.000E+00  0.000E+00  0.000E+00  0.000E+00  0.000E+00  0.000E+00  0.000E+00  0.000E+00  0.000E+00  0.000E+00  0.000E+00  0.000E+00  0.000E+00  0.000E+00  0.000E+00  0.000E+00  0.000E+00  0.000E+00  0.000E+00  1.658E+00  1.191E-05  1.174E-05  2.631E-04  6.743E-03  1.148E-02  1.424E-02  1.812E-02  2.212E-02  2.463E-02  2.188E-02  2.836E-02  2.961E-02  2.906E-02  3.081E-02  4.037E-02  4.350E-02  4.386E-02  4.216E-02  4.321E-02  4.296E-02  4.142E-02  4.063E-02  3.964E-02  4.016E-02  3.732E-02  3.627E-02  3.234E-02  2.856E-02  2.693E-02  2.494E-02  2.437E-02  2.191E-02  2.009E-02  1.879E-02  1.740E-02  1.687E-02  1.543E-02  1.389E-02  1.265E-02  1.216E-02  1.037E-02  1.012E-02  9.426E-03  8.524E-03  8.123E-03  7.095E-03  6.601E-03  6.033E-03  5.740E-03  5.156E-03  4.610E-03  4.143E-03  3.339E-03  3.322E-03  2.446E-03  2.134E-03  1.766E-03  1.787E-03  1.339E-03  1.371E-03  1.412E-03  1.155E-03  1.057E-03  1.159E-03  7.829E-04  7.768E-04  7.994E-04  6.874E-04  6.309E-04  5.464E-04  4.834E-04  5.125E-04  3.071E-04  3.868E-04  3.549E-04  3.387E-04  2.952E-04  2.564E-04  1.977E-04  1.960E-04  1.661E-04  1.507E-04  7.885E-05  1.359E-04  1.585E-04  1.143E-04  1.075E-04  8.404E-05  3.508E-05  7.691E-05  1.112E-04  4.853E-05  7.681E-05  5.494E-05  4.127E-05  2.788E-05  3.422E-05  2.775E-05  3.379E-05  1.374E-05  2.627E-05  1.319E-05  1.324E-05  2.017E-05  6.882E-06  6.627E-06  0.000E+00  Z
 0.000E+00  0.000E+00  0.000E+00  0.000E+00  0.000E+00  0.000E+00  0.000E+00  0.000E+00  0.000E+00  0.000E+00  0.000E+00  0.000E+00  0.000E+00  0.000E+00  0.000E+00  0.000E+00  0.000E+00  0.000E+00  0.000E+00  0.000E+00  0.000E+00  0.000E+00  0.000E+00  0.000E+00  0.000E+00  0.000E+00  0.000E+00  0.000E+00  0.000E+00  0.000E+00  0.000E+00  0.000E+00  0.000E+00  3.545E-03  1.165E-02  1.895E-02  2.579E-02  4.283E-02  4.798E-02  5.426E-02  6.010E-02  6.503E-02  7.122E-02  8.078E-02  8.855E-02  9.279E-02  9.309E-02  9.571E-02  9.690E-02  9.797E-02  9.930E-02  1.008E-01  1.028E-01  1.014E-01  1.052E-01  1.023E-01  1.010E-01  1.027E-01  9.984E-02  1.005E-01  9.735E-02  9.842E-02  9.687E-02  9.632E-02  9.506E-02  9.226E-02  8.852E-02  8.784E-02  8.727E-02  8.348E-02  8.195E-02  7.961E-02  7.491E-02  7.150E-02  7.092E-02  6.822E-02  6.295E-02  6.196E-02  5.812E-02  5.510E-02  5.364E-02  5.053E-02  4.727E-02  4.474E-02  4.172E-02  3.998E-02  3.705E-02  3.453E-02  3.346E-02  3.099E-02  2.918E-02  2.582E-02  2.549E-02  2.343E-02  2.200E-02  2.005E-02  1.874E-02  1.746E-02  1.630E-02  1.423E-02  1.344E-02  1.232E-02  1.099E-02  9.715E-03  9.462E-03  8.884E-03  8.188E-03  7.021E-03  6.682E-03  6.108E-03  5.313E-03  5.523E-03  4.766E-03  4.115E-03  3.623E-03  3.542E-03  3.145E-03  2.742E-03  2.810E-03  2.307E-03  2.291E-03  1.917E-03  1.857E-03  1.656E-03  1.486E-03  1.330E-03  1.339E-03  1.094E-03  7.798E-04  6.835E-04  8.520E-04  7.504E-04  6.010E-04  6.637E-04  5.312E-04  4.229E-04  4.284E-04  3.640E-04  3.608E-04  3.113E-04  3.396E-04  3.112E-04  3.009E-04  1.778E-04  1.780E-04  1.849E-04  1.836E-04  1.212E-04  1.413E-04  9.365E-05  7.953E-05  4.675E-05  9.314E-05  5.938E-05  7.944E-05  2.590E-05  3.887E-05  5.168E-05  5.231E-05  5.101E-05  1.930E-05  1.286E-05  0.000E+00  Z
 0.000E+00  0.000E+00  0.000E+00  0.000E+00  0.000E+00  0.000E+00  0.000E+00  0.000E+00  0.000E+00  0.000E+00  0.000E+00  0.000E+00  0.000E+00  0.000E+00  0.000E+00  0.000E+00  0.000E+00  0.000E+00  0.000E+00  0.000E+00  0.000E+00  0.000E+00  0.000E+00  0.000E+00  0.000E+00  0.000E+00  0.000E+00  0.000E+00  0.000E+00  0.000E+00  1.264E-03  6.495E-03  1.112E-02  1.427E-02  1.904E-02  2.314E-02  2.751E-02  3.681E-02  4.365E-02  4.863E-02  5.137E-02  5.503E-02  5.953E-02  6.523E-02  6.861E-02  7.495E-02  7.749E-02  8.287E-02  8.600E-02  8.834E-02  9.266E-02  9.712E-02  9.814E-02  1.044E-01  1.064E-01  1.069E-01  1.085E-01  1.107E-01  1.122E-01  1.142E-01  1.120E-01  1.103E-01  1.120E-01  1.110E-01  1.110E-01  1.088E-01  1.071E-01  1.069E-01  1.041E-01  1.013E-01  9.670E-02  9.407E-02  9.253E-02  8.984E-02  8.575E-02  8.242E-02  7.996E-02  7.526E-02  7.329E-02  6.813E-02  6.578E-02  6.326E-02  5.870E-02  5.625E-02  5.197E-02  4.998E-02  4.784E-02  4.433E-02  4.192E-02  3.859E-02  3.766E-02  3.432E-02  3.218E-02  2.978E-02  2.708E-02  2.611E-02  2.375E-02  2.225E-02  2.002E-02  1.923E-02  1.717E-02  1.544E-02  1.491E-02  1.358E-02  1.231E-02  1.102E-02  1.098E-02  9.127E-03  9.116E-03  7.442E-03  7.484E-03  6.923E-03  6.144E-03  5.555E-03  5.506E-03  4.584E-03  4.197E-03  4.032E-03  3.171E-03  2.921E-03  3.229E-03  2.730E-03  2.402E-03  2.304E-03  1.759E-03  1.852E-03  1.528E-03  1.335E-03  1.399E-03  1.113E-03  1.165E-03  9.608E-04  1.011E-03  7.486E-04  6.403E-04  5.772E-04  5.742E-04  5.428E-04  4.738E-04  4.165E-04  4.138E-04  3.378E-04  2.242E-04  2.592E-04  2.448E-04  1.697E-04  2.096E-04  1.211E-04  1.545E-04  1.139E-04  1.074E-04  1.128E-04  1.064E-04  5.254E-05  4.651E-05  7.192E-05  3.910E-05  5.936E-05  4.541E-05  2.600E-05  3.914E-05  4.526E-05  6.621E-06  3.172E-05  2.562E-05  2.525E-05  2.557E-05  3.777E-05  1.887E-05  6.057E-06  6.027E-06  1.257E-05  1.204E-05  5.994E-06  5.964E-06  0.000E+00  Z
 0.000E+00  0.000E+00  0.000E+00  0.000E+00  0.000E+00  0.000E+00  0.000E+00  0.000E+00  0.000E+00  0.000E+00  0.000E+00  0.000E+00  0.000E+00  0.000E+00  0.000E+00  0.000E+00  1.990E-05  1.964E-05  3.777E-05  5.535E-05  9.076E-05  1.408E-04  2.583E-04  2.193E-04  2.968E-04  4.196E-04  5.871E-04  9.510E-04  1.208E-03  1.492E-03  2.130E-03  2.490E-03  3.092E-03  3.951E-03  4.702E-03  5.503E-03  7.351E-03  8.284E-03  1.049E-02  1.281E-02  1.482E-02  1.827E-02  2.268E-02  2.748E-02  3.188E-02  3.844E-02  4.646E-02  5.253E-02  6.032E-02  6.910E-02  7.960E-02  8.747E-02  9.733E-02  1.062E-01  1.173E-01  1.299E-01  1.384E-01  1.479E-01  1.546E-01  1.674E-01  1.767E-01  1.864E-01  1.918E-01  1.984E-01  2.088E-01  2.167E-01  2.223E-01  2.239E-01  2.264E-01  2.304E-01  2.348E-01  2.331E-01  2.383E-01  2.382E-01  2.362E-01  2.317E-01  2.315E-01  2.285E-01  2.258E-01  2.185E-01  2.148E-01  2.100E-01  2.019E-01  1.959E-01  1.897E-01  1.833E-01  1.774E-01  1.696E-01  1.604E-01  1.526E-01  1.484E-01  1.388E-01  1.343E-01  1.244E-01  1.174E-01  1.101E-01  1.062E-01  9.948E-02  9.210E-02  8.623E-02  7.894E-02  7.437E-02  7.093E-02  6.482E-02  5.953E-02  5.532E-02  5.107E-02  4.838E-02  4.375E-02  4.005E-02  3.806E-02  3.500E-02  3.130E-02  2.867E-02  2.705E-02  2.428E-02  2.175E-02  1.969E-02  1.848E-02  1.687E-02  1.559E-02  1.365E-02  1.290E-02  1.134E-02  1.008E-02  9.409E-03  8.538E-03  7.571E-03  6.619E-03  6.209E-03  5.692E-03  4.932E-03  4.757E-03  4.067E-03  4.012E-03  3.427E-03  3.113E-03  2.531E-03  2.451E-03  2.314E-03  2.297E-03  1.914E-03  1.694E-03  1.466E-03  1.450E-03  1.127E-03  9.710E-04  9.241E-04  8.319E-04  6.617E-04  7.170E-04  5.707E-04  5.757E-04  4.370E-04  3.773E-04  3.422E-04  3.982E-04  3.405E-04  2.535E-04  2.510E-04  2.851E-04  2.395E-04  1.282E-04  1.348E-04  1.593E-04  1.014E-04  8.295E-05  1.201E-04  8.797E-05  6.899E-05  4.419E-05  5.644E-05  6.844E-05  4.300E-05  3.752E-05  3.644E-05  6.078E-06  1.872E-05  3.108E-05  1.211E-05  3.684E-05  1.231E-05  0.000E+00  Z
 0.000E+00  0.000E+00  0.000E+00  0.000E+00  0.000E+00  0.000E+00  0.000E+00  0.000E+00  0.000E+00  0.000E+00  0.000E+00  0.000E+00  0.000E+00  4.437E-05  2.165E-05  0.000E+00  2.037E-05  3.903E-05  5.632E-05  1.854E-04  2.709E-04  1.936E-04  4.816E-04  4.722E-04  4.622E-04  6.156E-04  1.077E-03  1.556E-03  1.850E-03  2.527E-03  3.166E-03  4.021E-03  4.555E-03  5.509E-03  6.703E-03  8.338E-03  1.004E-02  1.312E-02  1.549E-02  2.005E-02  2.380E-02  2.873E-02  3.526E-02  4.003E-02  4.854E-02  5.742E-02  6.623E-02  7.620E-02  8.766E-02  9.685E-02  1.096E-01  1.246E-01  1.349E-01  1.488E-01  1.626E-01  1.750E-01  1.905E-01  2.054E-01  2.160E-01  2.296E-01  2.439E-01  2.572E-01  2.717E-01  2.806E-01  2.884E-01  3.003E-01  3.113E-01  3.131E-01  3.258E-01  3.300E-01  3.350E-01  3.381E-01  3.425E-01  3.439E-01  3.440E-01  3.458E-01  3.476E-01  3.428E-01  3.417E-01  3.360E-01  3.319E-01  3.269E-01  3.221E-01  3.149E-01  3.034E-01  3.011E-01  2.935E-01  2.825E-01  2.735E-01  2.672E-01  2.546E-01  2.464E-01  2.390E-01  2.252E-01  2.156E-01  2.044E-01  1.959E-01  1.846E-01  1.727E-01  1.640E-01  1.545E-01  1.457E-01  1.389E-01  1.295E-01  1.229E-01  1.129E-01  1.048E-01  9.763E-02  9.093E-02  8.604E-02  7.924E-02  7.361E-02  6.782E-02  6.257E-02  5.755E-02  5.186E-02  4.826E-02  4.445E-02  4.130E-02  3.805E-02  3.381E-02  3.095E-02  2.810E-02  2.634E-02  2.368E-02  2.131E-02  1.961E-02  1.770E-02  1.639E-02  1.466E-02  1.341E-02  1.204E-02  1.164E-02  9.698E-03  8.731E-03  7.834E-03  7.237E-03  6.460E-03  6.058E-03  5.215E-03  4.721E-03  4.356E-03  3.803E-03  3.629E-03  3.148E-03  2.840E-03  2.428E-03  2.202E-03  2.138E-03  2.022E-03  1.424E-03  1.390E-03  1.331E-03  1.077E-03  9.988E-04  8.309E-04  8.194E-04  6.921E-04  5.853E-04  5.892E-04  4.584E-04  4.648E-04  4.231E-04  3.838E-04  3.122E-04  2.472E-04  2.666E-04  2.209E-04  2.706E-04  1.956E-04  1.561E-04  1.993E-04  1.371E-04  6.821E-05  1.183E-04  6.727E-05  8.014E-05  2.486E-05  4.910E-05  4.855E-05  6.665E-05  5.459E-05  4.185E-05  2.387E-05  2.418E-05  3.567E-05  2.418E-05  2.436E-05  1.192E-05  3.000E-05  1.217E-05  6.056E-06  1.794E-05  1.769E-05  0.000E+00  Z
 0.000E+00  0.000E+00  0.000E+00  0.000E+00  0.000E+00  0.000E+00  0.000E+00  0.000E+00  0.000E+00  0.000E+00  0.000E+00  0.000E+00  2.320E-05  6.719E-05  4.303E-05  2.072E-04  1.205E-04  1.770E-04  1.715E-04  1.113E-04  3.065E-04  4.232E-04  4.981E-04  8.245E-04  7.768E-04  1.131E-03  1.476E-03  2.132E-03  2.097E-03  2.754E-03  3.459E-03  4.556E-03  5.189E-03  6.051E-03  8.400E-03  9.608E-03  1.115E-02  1.527E-02  1.792E-02  2.297E-02  2.696E-02  3.391E-02  3.885E-02  4.722E-02  5.455E-02  6.630E-02  7.801E-02  8.928E-02  1.017E-01  1.158E-01  1.309E-01  1.463E-01  1.620E-01  1.805E-01  2.004E-01  2.174E-01  2.360E-01  2.592E-01  2.772E-01  2.966E-01  3.150E-01  3.389E-01  3.552E-01  3.734E-01  3.902E-01  4.026E-01  4.211E-01  4.360E-01  4.472E-01  4.659E-01  4.772E-01  4.886E-01  4.928E-01  5.001E-01  5.088E-01  5.122E-01  5.185E-01  5.218E-01  5.193E-01  5.160E-01  5.155E-01  5.148E-01  5.103E-01  5.073E-01  5.013E-01  4.906E-01  4.847E-01  4.772E-01  4.720E-01  4.578E-01  4.481E-01  4.325E-01  4.249E-01  4.108E-01  4.007E-01  3.886E-01  3.738E-01  3.617E-01  3.450E-01  3.340E-01  3.215E-01  3.082E-01  2.926E-01  2.775E-01  2.645E-01  2.539E-01  2.383E-01  2.260E-01  2.134E-01  1.998E-01  1.880E-01  1.764E-01  1.661E-01  1.532E-01  1.460E-01  1.354E-01  1.268E-01  1.158E-01  1.073E-01  9.993E-02  9.367E-02  8.623E-02  7.813E-02  7.178E-02  6.584E-02  6.131E-02  5.465E-02  5.195E-02  4.754E-02  4.342E-02  3.888E-02  3.572E-02  3.261E-02  2.973E-02  2.630E-02  2.391E-02  2.238E-02  1.985E-02  1.750E-02  1.638E-02  1.543E-02  1.358E-02  1.185E-02  1.088E-02  9.691E-03  9.061E-03  7.626E-03  7.116E-03  6.641E-03  5.597E-03  5.048E-03  4.489E-03  3.721E-03  3.885E-03  3.142E-03  2.694E-03  2.591E-03  2.413E-03  2.104E-03  1.987E-03  1.713E-03  1.541E-03  1.241E-03  1.163E-03  1.083E-03  9.873E-04  9.244E-04  6.574E-04  5.483E-04  6.595E-04  4.506E-04  4.794E-04  4.187E-04  3.571E-04  3.338E-04  2.898E-04  2.596E-04  2.142E-04  2.332E-04  2.013E-04  9.208E-05  1.210E-04  1.088E-04  1.032E-04  1.274E-04  7.847E-05  7.776E-05  7.698E-05  5.326E-05  3.543E-05  4.123E-05  5.905E-05  2.956E-05  2.936E-05  2.299E-05  1.747E-05  2.912E-05  2.309E-05  1.745E-05  1.144E-05  1.139E-05  0.000E+00  Z
 0.000E+00  0.000E+00  0.000E+00  0.000E+00  0.000E+00  0.000E+00  0.000E+00  0.000E+00  0.000E+00  0.000E+00  0.000E+00  4.840E-05  6.919E-05  2.216E-05  8.606E-05  0.000E+00  1.988E-05  1.562E-04  1.710E-04  2.778E-04  3.245E-04  3.704E-04  6.393E-04  6.409E-04  8.577E-04  1.098E-03  1.717E-03  1.807E-03  2.234E-03  2.107E-03  3.281E-03  4.118E-03  4.983E-03  5.873E-03  7.274E-03  8.950E-03  1.167E-02  1.349E-02  1.765E-02  2.086E-02  2.524E-02  3.068E-02  3.712E-02  4.543E-02  5.271E-02  6.313E-02  6.995E-02  8.354E-02  9.809E-02  1.100E-01  1.234E-01  1.427E-01  1.619E-01  1.822E-01  2.002E-01  2.199E-01  2.399E-01  2.642E-01  2.886E-01  3.098E-01  3.382E-01  3.577E-01  3.852E-01  4.094E-01  4.275E-01  4.495E-01  4.731E-01  4.938E-01  5.145E-01  5.324E-01  5.474E-01  5.662E-01  5.867E-01  5.925E-01  6.102E-01  6.194E-01  6.310E-01  6.370E-01  6.426E-01  6.515E-01  6.550E-01  6.616E-01  6.591E-01  6.604E-01  6.565E-01  6.571E-01  6.565E-01  6.542E-01  6.451E-01  6.376E-01  6.346E-01  6.245E-01  6.117E-01  6.012E-01  5.944E-01  5.822E-01  5.624E-01  5.613E-01  5.432E-01  5.254E-01  5.090E-01  4.931E-01  4.796E-01  4.667E-01  4.458E-01  4.289E-01  4.120E-01  3.962E-01  3.770E-01  3.616E-01  3.446E-01  3.267E-01  3.131E-01  2.966E-01  2.833E-01  2.646E-01  2.497E-01  2.351E-01  2.198E-01  2.076E-01  1.950E-01  1.813E-01  1.696E-01  1.578E-01  1.443E-01  1.355E-01  1.235E-01  1.148E-01  1.065E-01  9.758E-02  9.110E-02  8.178E-02  7.754E-02  6.965E-02  6.273E-02  5.738E-02  5.306E-02  4.779E-02  4.270E-02  3.949E-02  3.580E-02  3.165E-02  3.051E-02  2.669E-02  2.391E-02  2.189E-02  1.971E-02  1.802E-02  1.613E-02  1.450E-02  1.274E-02  1.199E-02  1.046E-02  9.267E-03  8.006E-03  7.327E-03  6.882E-03  6.109E-03  5.398E-03  4.687E-03  4.403E-03  3.688E-03  3.458E-03  2.915E-03  2.685E-03  2.447E-03  1.888E-03  1.891E-03  1.789E-03  1.493E-03  1.253E-03  1.249E-03  1.017E-03  8.814E-04  8.480E-04  7.060E-04  5.791E-04  5.777E-04  4.957E-04  5.665E-04  4.796E-04  3.754E-04  2.674E-04  2.789E-04  2.841E-04  2.818E-04  2.216E-04  1.738E-04  1.554E-04  1.382E-04  8.845E-05  1.062E-04  8.258E-05  8.166E-05  8.136E-05  5.238E-05  4.099E-05  5.799E-05  2.885E-05  2.869E-05  2.911E-05  1.158E-05  2.313E-05  1.158E-05  2.280E-05  5.948E-06  2.858E-05  2.814E-05  1.746E-05  0.000E+00  Z
 0.000E+00  0.000E+00  0.000E+00  0.000E+00  0.000E+00  0.000E+00  0.000E+00  0.000E+00  0.000E+00  0.000E+00  2.511E-05  0.000E+00  2.309E-05  4.442E-05  6.477E-05  8.244E-05  8.106E-05  7.823E-05  3.418E-04  2.780E-04  4.157E-04  5.633E-04  6.033E-04  7.244E-04  9.244E-04  1.018E-03  1.762E-03  1.683E-03  1.974E-03  2.452E-03  3.213E-03  3.583E-03  4.627E-03  5.689E-03  6.875E-03  8.819E-03  1.040E-02  1.296E-02  1.567E-02  1.949E-02  2.482E-02  2.724E-02  3.414E-02  4.096E-02  4.789E-02  5.661E-02  6.702E-02  7.738E-02  9.071E-02  1.039E-01  1.193E-01  1.359E-01  1.551E-01  1.733E-01  1.924E-01  2.127E-01  2.359E-01  2.580E-01  2.833E-01  3.045E-01  3.289E-01  3.563E-01  3.843E-01  4.067E-01  4.360E-01  4.598E-01  4.845E-01  5.089E-01  5.363E-01  5.517E-01  5.796E-01  5.983E-01  6.161E-01  6.335E-01  6.572E-01  6.740E-01  6.894E-01  7.041E-01  7.122E-01  7.200E-01  7.394E-01  7.427E-01  7.531E-01  7.579E-01  7.596E-01  7.676E-01  7.692E-01  7.699E-01  7.687E-01  7.702E-01  7.646E-01  7.660E-01  7.548E-01  7.488E-01  7.445E-01  7.292E-01  7.220E-01  7.071E-01  6.982E-01  6.857E-01  6.775E-01  6.570E-01  6.406E-01  6.245E-01  6.054E-01  5.898E-01  5.699E-01  5.520E-01  5.329E-01  5.154E-01  4.958E-01  4.735E-01  4.570E-01  4.353E-01  4.168E-01  3.965E-01  3.774E-01  3.586E-01  3.414E-01  3.214E-01  3.051E-01  2.875E-01  2.694E-01  2.514E-01  2.350E-01  2.206E-01  2.064E-01  1.909E-01  1.814E-01  1.652E-01  1.549E-01  1.428E-01  1.315E-01  1.213E-01  1.127E-01  1.018E-01  9.414E-02  8.768E-02  7.998E-02  7.181E-02  6.537E-02  6.024E-02  5.590E-02  4.858E-02  4.547E-02  4.173E-02  3.679E-02  3.275E-02  2.944E-02  2.703E-02  2.406E-02  2.283E-02  2.012E-02  1.795E-02  1.583E-02  1.442E-02  1.237E-02  1.149E-02  1.037E-02  8.981E-03  8.197E-03  7.304E-03  6.833E-03  6.172E-03  5.482E-03  4.639E-03  4.048E-03  3.474E-03  3.525E-03  2.789E-03  2.689E-03  2.185E-03  2.062E-03  1.834E-03  1.613E-03  1.392E-03  1.185E-03  1.012E-03  8.828E-04  9.275E-04  8.111E-04  7.159E-04  5.913E-04  4.641E-04  4.945E-04  4.562E-04  3.421E-04  2.793E-04  2.388E-04  3.137E-04  2.504E-04  2.183E-04  1.463E-04  1.532E-04  2.115E-04  1.533E-04  9.968E-05  6.995E-05  6.484E-05  6.313E-05  1.212E-04  5.696E-05  4.575E-05  3.440E-05  1.135E-05  5.593E-06  4.607E-05  5.711E-06  0.000E+00  Z
 0.000E+00  0.000E+00  0.000E+00  0.000E+00  0.000E+00  0.000E+00  0.000E+00  0.000E+00  0.000E+00  0.000E+00  0.000E+00  0.000E+00  0.000E+00  2.227E-05  6.441E-05  0.000E+00  1.002E-04  1.366E-04  2.084E-04  2.407E-04  3.789E-04  4.403E-04  3.620E-04  6.399E-04  8.253E-04  1.345E-03  1.285E-03  1.684E-03  2.187E-03  2.557E-03  2.914E-03  3.363E-03  4.453E-03  5.829E-03  7.076E-03  9.005E-03  1.089E-02  1.377E-02  1.620E-02  1.820E-02  2.339E-02  2.795E-02  3.336E-02  3.879E-02  4.730E-02  5.700E-02  6.778E-02  7.720E-02  9.084E-02  1.043E-01  1.180E-01  1.353E-01  1.541E-01  1.728E-01  1.873E-01  2.111E-01  2.328E-01  2.515E-01  2.818E-01  3.027E-01  3.326E-01  3.590E-01  3.853E-01  4.081E-01  4.343E-01  4.638E-01  4.843E-01  5.094E-01  5.339E-01  5.608E-01  5.783E-01  6.016E-01  6.202E-01  6.413E-01  6.598E-01  6.744E-01  6.886E-01  7.061E-01  7.241E-01  7.292E-01  7.439E-01  7.564E-01  7.646E-01  7.671E-01  7.762E-01  7.791E-01  7.809E-01  7.875E-01  7.818E-01  7.818E-01  7.797E-01  7.738E-01  7.691E-01  7.658E-01  7.640E-01  7.495E-01  7.423E-01  7.303E-01  7.155E-01  7.084E-01  6.942E-01  6.741E-01  6.634E-01  6.456E-01  6.323E-01  6.093E-01  5.930E-01  5.749E-01  5.566E-01  5.357E-01  5.156E-01  4.954E-01  4.766E-01  4.553E-01  4.377E-01  4.193E-01  3.968E-01  3.788E-01  3.598E-01  3.371E-01  3.194E-01  3.012E-01  2.843E-01  2.682E-01  2.528E-01  2.336E-01  2.206E-01  2.049E-01  1.900E-01  1.776E-01  1.638E-01  1.522E-01  1.406E-01  1.287E-01  1.189E-01  1.094E-01  1.016E-01  9.262E-02  8.421E-02  7.796E-02  7.104E-02  6.451E-02  5.763E-02  5.251E-02  4.906E-02  4.442E-02  4.046E-02  3.531E-02  3.264E-02  2.870E-02  2.627E-02  2.370E-02  2.137E-02  1.937E-02  1.740E-02  1.539E-02  1.391E-02  1.298E-02  1.147E-02  1.006E-02  8.482E-03  7.928E-03  7.571E-03  6.771E-03  5.935E-03  5.316E-03  4.421E-03  3.939E-03  3.598E-03  3.044E-03  2.710E-03  2.496E-03  2.371E-03  2.103E-03  1.731E-03  1.404E-03  1.342E-03  1.278E-03  1.061E-03  8.875E-04  7.817E-04  7.678E-04  7.097E-04  6.351E-04  4.820E-04  4.343E-04  4.156E-04  2.798E-04  3.398E-04  2.637E-04  2.378E-04  1.893E-04  2.007E-04  1.711E-04  1.405E-04  1.465E-04  8.648E-05  5.858E-05  5.764E-05  9.221E-05  8.745E-05  5.779E-05  2.921E-05  5.685E-05  4.049E-05  4.562E-05  2.270E-05  1.742E-05  1.148E-05  2.828E-05  2.223E-05  5.552E-06  5.711E-06  5.687E-06  5.491E-06  0.000E+00  Z
 0.000E+00  0.000E+00  0.000E+00  0.000E+00  0.000E+00  0.000E+00  0.000E+00  0.000E+00  0.000E+00  0.000E+00  2.539E-05  0.000E+00  0.000E+00  2.248E-05  6.443E-05  1.032E-04  6.004E-05  9.720E-05  1.899E-04  2.225E-04  4.700E-04  4.922E-04  4.816E-04  7.601E-04  7.768E-04  1.068E-03  1.349E-03  1.573E-03  2.358E-03  2.673E-03  3.222E-03  3.993E-03  4.668E-03  5.985E-03  7.179E-03  8.308E-03  1.014E-02  1.261E-02  1.618E-02  1.792E-02  2.258E-02  2.766E-02  3.403E-02  3.873E-02  4.750E-02  5.653E-02  6.539E-02  7.736E-02  8.834E-02  1.032E-01  1.165E-01  1.327E-01  1.491E-01  1.687E-01  1.892E-01  2.050E-01  2.355E-01  2.552E-01  2.798E-01  2.991E-01  3.263E-01  3.546E-01  3.848E-01  4.044E-01  4.323E-01  4.575E-01  4.845E-01  5.060E-01  5.353E-01  5.578E-01  5.781E-01  5.994E-01  6.255E-01  6.482E-01  6.672E-01  6.830E-01  6.966E-01  7.120E-01  7.299E-01  7.386E-01  7.548E-01  7.634E-01  7.733E-01  7.817E-01  7.889E-01  7.930E-01  7.942E-01  7.962E-01  7.971E-01  8.026E-01  8.010E-01  7.971E-01  7.938E-01  7.864E-01  7.812E-01  7.735E-01  7.654E-01  7.568E-01  7.407E-01  7.327E-01  7.139E-01  7.020E-01  6.883E-01  6.742E-01  6.540E-01  6.331E-01  6.209E-01  5.991E-01  5.819E-01  5.618E-01  5.404E-01  5.217E-01  5.012E-01  4.796E-01  4.595E-01  4.404E-01  4.188E-01  3.979E-01  3.815E-01  3.586E-01  3.414E-01  3.229E-01  3.028E-01  2.875E-01  2.693E-01  2.518E-01  2.336E-01  2.199E-01  2.059E-01  1.885E-01  1.778E-01  1.640E-01  1.520E-01  1.422E-01  1.300E-01  1.201E-01  1.094E-01  9.919E-02  9.217E-02  8.462E-02  7.604E-02  7.037E-02  6.307E-02  5.924E-02  5.168E-02  4.682E-02  4.409E-02  3.797E-02  3.560E-02  3.198E-02  2.931E-02  2.581E-02  2.376E-02  2.142E-02  1.884E-02  1.647E-02  1.552E-02  1.364E-02  1.188E-02  1.104E-02  9.820E-03  8.519E-03  7.880E-03  7.343E-03  6.151E-03  5.876E-03  5.032E-03  4.304E-03  3.937E-03  3.475E-03  3.193E-03  2.750E-03  2.335E-03  2.192E-03  1.989E-03  1.989E-03  1.646E-03  1.221E-03  1.284E-03  1.215E-03  9.726E-04  9.367E-04  7.719E-04  6.861E-04  5.850E-04  5.348E-04  4.847E-04  3.884E-04  2.979E-04  2.734E-04  2.547E-04  3.000E-04  1.944E-04  1.598E-04  1.418E-04  1.758E-04  9.881E-05  1.048E-04  1.034E-04  9.321E-05  7.573E-05  6.899E-05  5.769E-05  4.671E-05  2.868E-05  6.282E-05  1.700E-05  1.712E-05  3.396E-05  1.690E-05  1.134E-05  2.776E-05  1.128E-05  5.617E-06  5.618E-06  2.829E-05  1.103E-05  0.000E+00  Z
 0.000E+00  0.000E+00  0.000E+00  0.000E+00  0.000E+00  0.000E+00  0.000E+00  0.000E+00  0.000E+00  0.000E+00  0.000E+00  9.649E-05  4.593E-05  0.000E+00  0.000E+00  4.139E-05  1.005E-04  7.854E-05  9.522E-05  1.850E-04  2.352E-04  2.997E-04  4.469E-04  6.564E-04  7.749E-04  9.538E-04  1.318E-03  1.636E-03  1.840E-03  2.514E-03  3.303E-03  3.752E-03  4.772E-03  5.231E-03  7.021E-03  8.414E-03  9.599E-03  1.229E-02  1.598E-02  1.885E-02  2.175E-02  2.725E-02  3.316E-02  3.922E-02  4.929E-02  5.534E-02  6.484E-02  7.673E-02  8.875E-02  1.013E-01  1.169E-01  1.316E-01  1.477E-01  1.710E-01  1.885E-01  2.100E-01  2.317E-01  2.533E-01  2.790E-01  3.043E-01  3.294E-01  3.585E-01  3.804E-01  4.084E-01  4.311E-01  4.563E-01  4.875E-01  5.060E-01  5.307E-01  5.580E-01  5.809E-01  6.020E-01  6.235E-01  6.461E-01  6.625E-01  6.838E-01  6.983E-01  7.151E-01  7.309E-01  7.434E-01  7.602E-01  7.631E-01  7.728E-01  7.825E-01  7.914E-01  7.936E-01  8.014E-01  7.993E-01  7.985E-01  8.015E-01  8.041E-01  7.981E-01  8.004E-01  7.880E-01  7.887E-01  7.744E-01  7.660E-01  7.569E-01  7.464E-01  7.343E-01  7.154E-01  7.083E-01  6.949E-01  6.768E-01  6.558E-01  6.436E-01  6.200E-01  6.026E-01  5.860E-01  5.650E-01  5.450E-01  5.260E-01  5.046E-01  4.851E-01  4.658E-01  4.369E-01  4.239E-01  4.011E-01  3.853E-01  3.626E-01  3.466E-01  3.272E-01  3.078E-01  2.848E-01  2.719E-01  2.513E-01  2.381E-01  2.215E-01  2.086E-01  1.906E-01  1.783E-01  1.652E-01  1.509E-01  1.420E-01  1.301E-01  1.207E-01  1.116E-01  1.009E-01  9.180E-02  8.497E-02  7.688E-02  6.996E-02  6.457E-02  5.891E-02  5.300E-02  4.902E-02  4.516E-02  3.956E-02  3.602E-02  3.239E-02  2.867E-02  2.643E-02  2.409E-02  2.128E-02  1.965E-02  1.775E-02  1.576E-02  1.361E-02  1.269E-02  1.170E-02  1.006E-02  9.095E-03  8.250E-03  6.673E-03  6.116E-03  5.747E-03  4.802E-03  4.432E-03  3.936E-03  3.743E-03  3.101E-03  2.605E-03  2.520E-03  2.193E-03  1.987E-03  1.768E-03  1.443E-03  1.494E-03  1.217E-03  1.178E-03  1.005E-03  7.718E-04  6.773E-04  6.955E-04  6.929E-04  4.912E-04  4.959E-04  4.258E-04  3.991E-04  2.916E-04  3.436E-04  2.608E-04  2.482E-04  2.591E-04  1.648E-04  1.350E-04  1.171E-04  1.223E-04  9.351E-05  7.003E-05  8.627E-05  6.304E-05  5.760E-05  5.167E-05  6.331E-05  5.141E-05  1.726E-05  4.538E-05  1.143E-05  2.263E-05  2.266E-05  2.820E-05  2.194E-05  5.811E-06  1.679E-05  0.000E+00  Z
 0.000E+00  0.000E+00  0.000E+00  0.000E+00  0.000E+00  0.000E+00  0.000E+00  0.000E+00  0.000E+00  0.000E+00  2.515E-05  2.394E-05  0.000E+00  2.200E-05  4.290E-05  2.053E-05  2.007E-05  1.362E-04  1.329E-04  2.404E-04  2.888E-04  4.042E-04  5.519E-04  6.920E-04  6.103E-04  1.245E-03  1.569E-03  1.664E-03  2.403E-03  2.320E-03  3.034E-03  3.670E-03  4.955E-03  5.530E-03  6.819E-03  7.822E-03  1.033E-02  1.329E-02  1.560E-02  1.935E-02  2.235E-02  2.665E-02  3.245E-02  4.112E-02  4.723E-02  5.587E-02  6.508E-02  7.450E-02  8.649E-02  1.015E-01  1.155E-01  1.332E-01  1.491E-01  1.684E-01  1.883E-01  2.071E-01  2.294E-01  2.523E-01  2.761E-01  3.023E-01  3.293E-01  3.525E-01  3.853E-01  4.056E-01  4.366E-01  4.604E-01  4.871E-01  5.046E-01  5.385E-01  5.559E-01  5.824E-01  6.072E-01  6.228E-01  6.464E-01  6.686E-01  6.864E-01  7.037E-01  7.171E-01  7.353E-01  7.463E-01  7.628E-01  7.695E-01  7.806E-01  7.895E-01  7.992E-01  7.972E-01  8.008E-01  8.111E-01  8.093E-01  8.120E-01  8.101E-01  8.121E-01  8.074E-01  8.027E-01  7.953E-01  7.808E-01  7.815E-01  7.686E-01  7.577E-01  7.421E-01  7.327E-01  7.210E-01  7.030E-01  6.894E-01  6.713E-01  6.586E-01  6.310E-01  6.151E-01  6.022E-01  5.808E-01  5.539E-01  5.352E-01  5.183E-01  4.978E-01  4.747E-01  4.539E-01  4.314E-01  4.127E-01  3.952E-01  3.711E-01  3.536E-01  3.350E-01  3.147E-01  2.974E-01  2.794E-01  2.621E-01  2.440E-01  2.296E-01  2.125E-01  2.004E-01  1.852E-01  1.710E-01  1.593E-01  1.457E-01  1.345E-01  1.255E-01  1.142E-01  1.071E-01  9.660E-02  8.885E-02  8.049E-02  7.358E-02  6.682E-02  6.006E-02  5.505E-02  5.025E-02  4.593E-02  4.051E-02  3.775E-02  3.316E-02  3.089E-02  2.753E-02  2.537E-02  2.299E-02  2.061E-02  1.789E-02  1.586E-02  1.474E-02  1.323E-02  1.157E-02  1.059E-02  9.045E-03  8.207E-03  7.510E-03  6.522E-03  6.063E-03  5.137E-03  4.701E-03  3.961E-03  3.747E-03  3.070E-03  3.006E-03  2.647E-03  2.271E-03  1.958E-03  2.042E-03  1.589E-03  1.579E-03  1.253E-03  1.134E-03  1.081E-03  8.567E-04  8.604E-04  7.611E-04  5.061E-04  4.934E-04  4.003E-04  4.226E-04  3.744E-04  3.084E-04  2.792E-04  2.497E-04  1.881E-04  2.288E-04  1.474E-04  1.523E-04  1.289E-04  9.283E-05  1.173E-04  6.944E-05  7.041E-05  5.233E-05  6.282E-05  6.266E-05  6.851E-05  5.722E-05  2.811E-05  2.258E-05  4.487E-05  1.106E-05  1.679E-05  1.687E-05  2.240E-05  1.698E-05  1.698E-05  2.255E-05  5.505E-06  5.400E-06  5.329E-06  1.130E-05  1.117E-05  0.000E+00  Z
 0.000E+00  0.000E+00  0.000E+00  0.000E+00  0.000E+00  0.000E+00  0.000E+00  0.000E+00  0.000E+00  0.000E+00  0.000E+00  0.000E+00  2.318E-05  6.709E-05  6.453E-05  8.301E-05  6.077E-05  9.773E-05  1.716E-04  2.210E-04  2.348E-04  3.536E-04  4.651E-04  6.068E-04  6.105E-04  1.035E-03  1.365E-03  1.526E-03  1.943E-03  2.347E-03  3.120E-03  4.177E-03  4.672E-03  5.506E-03  6.413E-03  8.050E-03  9.956E-03  1.231E-02  1.506E-02  1.871E-02  2.242E-02  2.679E-02  3.142E-02  3.886E-02  4.629E-02  5.547E-02  6.335E-02  7.373E-02  8.544E-02  1.018E-01  1.149E-01  1.312E-01  1.465E-01  1.684E-01  1.865E-01  2.069E-01  2.276E-01  2.542E-01  2.778E-01  3.040E-01  3.270E-01  3.517E-01  3.804E-01  4.055E-01  4.318E-01  4.559E-01  4.848E-01  5.089E-01  5.369E-01  5.638E-01  5.822E-01  5.985E-01  6.244E-01  6.507E-01  6.675E-01  6.887E-01  7.051E-01  7.246E-01  7.399E-01  7.564E-01  7.712E-01  7.747E-01  7.912E-01  7.990E-01  8.015E-01  8.116E-01  8.188E-01  8.219E-01  8.242E-01  8.224E-01  8.263E-01  8.243E-01  8.192E-01  8.197E-01  8.100E-01  8.042E-01  7.943E-01  7.843E-01  7.717E-01  7.629E-01  7.499E-01  7.364E-01  7.261E-01  7.082E-01  6.962E-01  6.752E-01  6.528E-01  6.394E-01  6.176E-01  5.978E-01  5.781E-01  5.559E-01  5.343E-01  5.141E-01  4.940E-01  4.770E-01  4.505E-01  4.301E-01  4.081E-01  3.893E-01  3.705E-01  3.509E-01  3.278E-01  3.137E-01  2.929E-01  2.745E-01  2.578E-01  2.392E-01  2.264E-01  2.096E-01  1.955E-01  1.826E-01  1.679E-01  1.564E-01  1.456E-01  1.325E-01  1.217E-01  1.131E-01  1.040E-01  9.366E-02  8.520E-02  7.957E-02  7.140E-02  6.510E-02  5.864E-02  5.398E-02  4.850E-02  4.407E-02  3.983E-02  3.613E-02  3.361E-02  3.041E-02  2.636E-02  2.388E-02  2.184E-02  1.883E-02  1.728E-02  1.558E-02  1.451E-02  1.273E-02  1.090E-02  1.026E-02  8.913E-03  8.356E-03  7.333E-03  6.399E-03  5.928E-03  5.219E-03  4.658E-03  4.231E-03  3.747E-03  3.126E-03  2.807E-03  2.577E-03  2.202E-03  1.953E-03  1.907E-03  1.525E-03  1.396E-03  1.297E-03  1.070E-03  1.048E-03  9.858E-04  7.427E-04  7.224E-04  4.908E-04  5.395E-04  4.427E-04  3.526E-04  3.884E-04  2.787E-04  2.956E-04  1.892E-04  1.684E-04  2.001E-04  1.358E-04  1.402E-04  1.155E-04  1.353E-04  7.557E-05  9.180E-05  7.475E-05  1.035E-04  3.399E-05  3.448E-05  4.530E-05  6.815E-05  4.512E-05  2.294E-05  5.600E-06  2.255E-05  1.702E-05  0.000E+00  Z
 0.000E+00  0.000E+00  0.000E+00  0.000E+00  0.000E+00  0.000E+00  0.000E+00  0.000E+00  0.000E+00  2.632E-05  2.519E-05  0.000E+00  0.000E+00  2.205E-05  8.601E-05  1.452E-04  3.990E-05  1.560E-04  2.472E-04  2.779E-04  3.436E-04  3.885E-04  4.816E-04  6.398E-04  9.767E-04  7.930E-04  1.365E-03  1.247E-03  1.899E-03  2.799E-03  2.885E-03  3.756E-03  4.744E-03  5.036E-03  7.093E-03  8.137E-03  1.090E-02  1.218E-02  1.480E-02  1.823E-02  2.156E-02  2.617E-02  3.010E-02  3.784E-02  4.608E-02  5.442E-02  6.211E-02  7.375E-02  8.654E-02  9.856E-02  1.136E-01  1.292E-01  1.463E-01  1.657E-01  1.848E-01  2.039E-01  2.267E-01  2.500E-01  2.734E-01  2.997E-01  3.231E-01  3.485E-01  3.774E-01  4.041E-01  4.342E-01  4.595E-01  4.871E-01  5.096E-01  5.342E-01  5.578E-01  5.872E-01  6.083E-01  6.342E-01  6.540E-01  6.781E-01  6.962E-01  7.147E-01  7.297E-01  7.462E-01  7.668E-01  7.771E-01  7.937E-01  8.033E-01  8.140E-01  8.228E-01  8.315E-01  8.386E-01  8.389E-01  8.388E-01  8.472E-01  8.511E-01  8.495E-01  8.480E-01  8.472E-01  8.452E-01  8.355E-01  8.289E-01  8.198E-01  8.119E-01  7.988E-01  7.880E-01  7.780E-01  7.654E-01  7.430E-01  7.292E-01  7.120E-01  6.956E-01  6.759E-01  6.532E-01  6.354E-01  6.148E-01  5.924E-01  5.746E-01  5.518E-01  5.278E-01  5.063E-01  4.848E-01  4.677E-01  4.441E-01  4.191E-01  4.040E-01  3.819E-01  3.619E-01  3.391E-01  3.210E-01  3.018E-01  2.831E-01  2.649E-01  2.474E-01  2.305E-01  2.152E-01  1.997E-01  1.846E-01  1.723E-01  1.594E-01  1.466E-01  1.355E-01  1.241E-01  1.146E-01  1.061E-01  9.575E-02  8.809E-02  7.933E-02  7.359E-02  6.772E-02  5.940E-02  5.497E-02  4.958E-02  4.534E-02  4.113E-02  3.703E-02  3.380E-02  2.931E-02  2.696E-02  2.436E-02  2.198E-02  1.931E-02  1.780E-02  1.594E-02  1.404E-02  1.250E-02  1.166E-02  1.008E-02  9.409E-03  7.951E-03  7.467E-03  6.517E-03  5.303E-03  5.120E-03  4.572E-03  4.003E-03  3.639E-03  3.254E-03  2.890E-03  2.554E-03  2.122E-03  1.976E-03  1.802E-03  1.535E-03  1.446E-03  1.193E-03  1.017E-03  9.944E-04  7.904E-04  7.284E-04  6.697E-04  7.530E-04  5.625E-04  4.641E-04  4.165E-04  3.848E-04  2.954E-04  2.714E-04  2.710E-04  2.214E-04  1.578E-04  1.925E-04  1.511E-04  1.692E-04  1.159E-04  1.200E-04  8.660E-05  9.214E-05  6.369E-05  3.449E-05  6.308E-05  3.978E-05  4.568E-05  1.691E-05  2.196E-05  1.647E-05  2.240E-05  1.110E-05  2.281E-05  1.131E-05  5.623E-06  1.656E-05  2.752E-05  0.000E+00  Z
 0.000E+00  0.000E+00  0.000E+00  0.000E+00  0.000E+00  0.000E+00  0.000E+00  2.981E-05  0.000E+00  0.000E+00  0.000E+00  0.000E+00  2.322E-05  6.628E-05  1.075E-04  1.041E-04  1.004E-04  1.561E-04  1.513E-04  1.106E-04  3.069E-04  3.519E-04  6.206E-04  6.579E-04  1.055E-03  1.068E-03  1.254E-03  1.729E-03  1.866E-03  2.437E-03  2.692E-03  3.668E-03  4.814E-03  5.592E-03  6.189E-03  7.377E-03  1.024E-02  1.208E-02  1.591E-02  1.763E-02  2.186E-02  2.629E-02  3.171E-02  3.741E-02  4.557E-02  5.323E-02  6.243E-02  7.152E-02  8.409E-02  9.843E-02  1.108E-01  1.277E-01  1.437E-01  1.617E-01  1.818E-01  2.038E-01  2.220E-01  2.510E-01  2.696E-01  2.966E-01  3.230E-01  3.447E-01  3.769E-01  4.029E-01  4.261E-01  4.593E-01  4.810E-01  5.087E-01  5.374E-01  5.612E-01  5.843E-01  6.109E-01  6.331E-01  6.586E-01  6.789E-01  7.025E-01  7.175E-01  7.396E-01  7.519E-01  7.739E-01  7.884E-01  8.022E-01  8.127E-01  8.300E-01  8.411E-01  8.490E-01  8.579E-01  8.619E-01  8.652E-01  8.675E-01  8.736E-01  8.711E-01  8.702E-01  8.697E-01  8.672E-01  8.617E-01  8.604E-01  8.476E-01  8.386E-01  8.292E-01  8.217E-01  8.054E-01  7.923E-01  7.747E-01  7.656E-01  7.467E-01  7.323E-01  7.103E-01  6.918E-01  6.722E-01  6.507E-01  6.317E-01  6.059E-01  5.865E-01  5.654E-01  5.465E-01  5.202E-01  4.962E-01  4.773E-01  4.511E-01  4.328E-01  4.098E-01  3.871E-01  3.648E-01  3.452E-01  3.249E-01  3.076E-01  2.886E-01  2.719E-01  2.528E-01  2.364E-01  2.203E-01  2.050E-01  1.894E-01  1.772E-01  1.644E-01  1.504E-01  1.385E-01  1.293E-01  1.171E-01  1.067E-01  9.763E-02  8.890E-02  8.062E-02  7.567E-02  6.802E-02  6.252E-02  5.631E-02  5.068E-02  4.563E-02  4.166E-02  3.707E-02  3.327E-02  3.102E-02  2.751E-02  2.432E-02  2.152E-02  1.970E-02  1.847E-02  1.578E-02  1.378E-02  1.319E-02  1.154E-02  1.071E-02  9.154E-03  8.175E-03  7.247E-03  6.353E-03  5.867E-03  5.210E-03  4.205E-03  4.283E-03  3.554E-03  3.247E-03  2.859E-03  2.474E-03  2.300E-03  1.998E-03  1.687E-03  1.616E-03  1.317E-03  1.211E-03  1.006E-03  1.002E-03  8.056E-04  7.373E-04  7.615E-04  6.073E-04  5.838E-04  4.174E-04  4.694E-04  3.896E-04  3.457E-04  3.635E-04  3.282E-04  2.152E-04  1.457E-04  1.401E-04  1.926E-04  1.160E-04  1.156E-04  1.038E-04  1.024E-04  9.166E-05  7.973E-05  6.886E-05  6.282E-05  3.942E-05  4.564E-05  2.291E-05  5.023E-05  2.244E-05  1.149E-05  3.365E-05  3.345E-05  5.795E-06  5.663E-06  2.254E-05  1.116E-05  1.063E-05  1.659E-05  1.649E-05  5.541E-06  0.000E+00  Z
 0.000E+00  0.000E+00  0.000E+00  0.000E+00  0.000E+00  0.000E+00  0.000E+00  0.000E+00  0.000E+00  0.000E+00  0.000E+00  2.399E-05  2.300E-05  6.646E-05  1.928E-04  6.219E-05  4.053E-05  1.369E-04  9.460E-05  2.588E-04  3.249E-04  4.233E-04  6.199E-04  7.064E-04  6.259E-04  8.092E-04  1.287E-03  1.558E-03  2.064E-03  2.365E-03  2.946E-03  3.480E-03  4.124E-03  5.603E-03  6.484E-03  7.555E-03  1.003E-02  1.192E-02  1.415E-02  1.734E-02  2.211E-02  2.540E-02  3.146E-02  3.720E-02  4.531E-02  5.337E-02  6.281E-02  7.202E-02  8.404E-02  9.615E-02  1.109E-01  1.254E-01  1.419E-01  1.620E-01  1.792E-01  2.026E-01  2.232E-01  2.447E-01  2.694E-01  2.970E-01  3.237E-01  3.469E-01  3.732E-01  3.993E-01  4.309E-01  4.553E-01  4.813E-01  5.094E-01  5.357E-01  5.610E-01  5.822E-01  6.095E-01  6.365E-01  6.558E-01  6.817E-01  7.054E-01  7.224E-01  7.431E-01  7.570E-01  7.773E-01  7.888E-01  8.075E-01  8.237E-01  8.352E-01  8.404E-01  8.580E-01  8.629E-01  8.705E-01  8.813E-01  8.781E-01  8.848E-01  8.817E-01  8.835E-01  8.818E-01  8.771E-01  8.765E-01  8.699E-01  8.578E-01  8.531E-01  8.466E-01  8.308E-01  8.270E-01  8.108E-01  8.017E-01  7.801E-01  7.630E-01  7.505E-01  7.287E-01  7.115E-01  6.881E-01  6.654E-01  6.504E-01  6.278E-01  6.004E-01  5.813E-01  5.572E-01  5.363E-01  5.145E-01  4.905E-01  4.707E-01  4.459E-01  4.233E-01  4.045E-01  3.846E-01  3.597E-01  3.387E-01  3.221E-01  3.016E-01  2.814E-01  2.641E-01  2.442E-01  2.305E-01  2.146E-01  1.972E-01  1.836E-01  1.713E-01  1.556E-01  1.455E-01  1.319E-01  1.217E-01  1.120E-01  1.035E-01  9.479E-02  8.681E-02  7.844E-02  7.278E-02  6.535E-02  5.903E-02  5.405E-02  4.909E-02  4.386E-02  3.916E-02  3.687E-02  3.264E-02  2.902E-02  2.581E-02  2.319E-02  2.069E-02  1.895E-02  1.749E-02  1.521E-02  1.406E-02  1.191E-02  1.021E-02  9.562E-03  8.586E-03  8.040E-03  6.998E-03  6.036E-03  5.329E-03  4.796E-03  4.367E-03  4.007E-03  3.491E-03  3.221E-03  2.952E-03  2.371E-03  2.032E-03  1.955E-03  1.587E-03  1.377E-03  1.324E-03  1.233E-03  1.035E-03  8.700E-04  8.747E-04  7.172E-04  5.678E-04  5.558E-04  5.105E-04  2.958E-04  3.478E-04  3.343E-04  3.181E-04  2.576E-04  2.043E-04  1.695E-04  1.879E-04  1.637E-04  1.463E-04  1.437E-04  1.615E-04  1.040E-04  6.823E-05  9.175E-05  5.719E-05  7.423E-05  4.502E-05  2.245E-05  2.214E-05  1.121E-05  4.535E-05  1.127E-05  4.568E-05  1.700E-05  2.240E-05  1.115E-05  1.671E-05  1.098E-05  1.083E-05  1.641E-05  1.092E-05  0.000E+00  Z
 0.000E+00  0.000E+00  0.000E+00  0.000E+00  0.000E+00  0.000E+00  0.000E+00  0.000E+00  0.000E+00  2.638E-05  0.000E+00  0.000E+00  0.000E+00  2.230E-05  4.284E-05  8.331E-05  1.404E-04  1.363E-04  1.714E-04  1.851E-04  3.245E-04  3.159E-04  4.987E-04  6.570E-04  5.961E-04  1.181E-03  1.413E-03  1.512E-03  1.748E-03  2.409E-03  2.752E-03  3.376E-03  4.353E-03  5.786E-03  6.344E-03  7.741E-03  9.964E-03  1.045E-02  1.435E-02  1.751E-02  2.135E-02  2.602E-02  2.975E-02  3.654E-02  4.365E-02  5.392E-02  6.022E-02  7.225E-02  8.307E-02  9.605E-02  1.100E-01  1.232E-01  1.396E-01  1.607E-01  1.789E-01  2.026E-01  2.260E-01  2.436E-01  2.723E-01  2.951E-01  3.205E-01  3.450E-01  3.735E-01  3.980E-01  4.255E-01  4.548E-01  4.816E-01  5.066E-01  5.353E-01  5.595E-01  5.903E-01  6.092E-01  6.380E-01  6.593E-01  6.825E-01  7.072E-01  7.282E-01  7.503E-01  7.623E-01  7.799E-01  7.945E-01  8.131E-01  8.296E-01  8.399E-01  8.498E-01  8.623E-01  8.699E-01  8.740E-01  8.799E-01  8.834E-01  8.913E-01  8.930E-01  8.877E-01  8.907E-01  8.928E-01  8.823E-01  8.899E-01  8.722E-01  8.704E-01  8.602E-01  8.488E-01  8.374E-01  8.272E-01  8.137E-01  7.935E-01  7.833E-01  7.680E-01  7.416E-01  7.250E-01  7.045E-01  6.862E-01  6.682E-01  6.411E-01  6.215E-01  5.991E-01  5.743E-01  5.518E-01  5.284E-01  5.082E-01  4.853E-01  4.608E-01  4.403E-01  4.173E-01  3.922E-01  3.724E-01  3.532E-01  3.309E-01  3.102E-01  2.924E-01  2.726E-01  2.558E-01  2.378E-01  2.205E-01  2.067E-01  1.923E-01  1.770E-01  1.633E-01  1.524E-01  1.401E-01  1.281E-01  1.194E-01  1.090E-01  9.746E-02  9.132E-02  8.333E-02  7.492E-02  6.834E-02  6.255E-02  5.604E-02  5.036E-02  4.672E-02  4.098E-02  3.730E-02  3.439E-02  3.089E-02  2.747E-02  2.485E-02  2.193E-02  2.027E-02  1.772E-02  1.669E-02  1.403E-02  1.284E-02  1.190E-02  1.060E-02  9.407E-03  8.281E-03  6.921E-03  6.470E-03  5.282E-03  5.403E-03  4.136E-03  3.689E-03  3.714E-03  3.242E-03  2.904E-03  2.527E-03  2.549E-03  2.105E-03  1.750E-03  1.581E-03  1.463E-03  1.285E-03  1.134E-03  8.732E-04  8.277E-04  7.445E-04  6.612E-04  5.187E-04  5.232E-04  4.512E-04  4.002E-04  2.960E-04  3.012E-04  2.525E-04  2.176E-04  1.478E-04  1.458E-04  1.674E-04  1.736E-04  9.172E-05  1.040E-04  9.670E-05  8.617E-05  3.953E-05  6.367E-05  4.539E-05  5.638E-05  3.366E-05  3.342E-05  2.802E-05  1.706E-05  4.471E-05  2.252E-05  1.663E-05  1.116E-05  2.753E-05  2.169E-05  0.000E+00  Z
 0.000E+00  0.000E+00  0.000E+00  0.000E+00  0.000E+00  0.000E+00  0.000E+00  0.000E+00  2.784E-05  0.000E+00  0.000E+00  0.000E+00  0.000E+00  6.711E-05  4.276E-05  6.206E-05  1.202E-04  9.764E-05  1.332E-04  1.474E-04  3.071E-04  3.167E-04  4.825E-04  5.223E-04  8.615E-04  1.213E-03  1.142E-03  1.684E-03  2.111E-03  2.395E-03  2.933E-03  3.321E-03  3.881E-03  5.446E-03  6.431E-03  7.868E-03  1.017E-02  1.164E-02  1.417E-02  1.661E-02  2.094E-02  2.475E-02  2.985E-02  3.584E-02  4.325E-02  5.083E-02  6.018E-02  7.021E-02  8.234E-02  9.224E-02  1.071E-01  1.230E-01  1.394E-01  1.581E-01  1.764E-01  1.965E-01  2.191E-01  2.401E-01  2.662E-01  2.890E-01  3.185E-01  3.437E-01  3.744E-01  3.977E-01  4.249E-01  4.518E-01  4.768E-01  5.087E-01  5.316E-01  5.590E-01  5.883E-01  6.096E-01  6.352E-01  6.616E-01  6.855E-01  7.093E-01  7.297E-01  7.475E-01  7.696E-01  7.882E-01  7.987E-01  8.220E-01  8.379E-01  8.495E-01  8.648E-01  8.747E-01  8.834E-01  8.952E-01  9.026E-01  9.040E-01  9.091E-01  9.125E-01  9.152E-01  9.177E-01  9.184E-01  9.048E-01  9.041E-01  9.019E-01  8.954E-01  8.844E-01  8.803E-01  8.643E-01  8.588E-01  8.445E-01  8.212E-01  8.087E-01  8.015E-01  7.766E-01  7.561E-01  7.390E-01  7.193E-01  6.918E-01  6.763E-01  6.534E-01  6.269E-01  6.067E-01  5.830E-01  5.561E-01  5.338E-01  5.155E-01  4.875E-01  4.659E-01  4.424E-01  4.208E-01  3.988E-01  3.777E-01  3.537E-01  3.356E-01  3.141E-01  2.944E-01  2.723E-01  2.590E-01  2.385E-01  2.215E-01  2.063E-01  1.934E-01  1.779E-01  1.638E-01  1.505E-01  1.391E-01  1.280E-01  1.171E-01  1.082E-01  9.863E-02  8.965E-02  8.115E-02  7.342E-02  6.744E-02  6.178E-02  5.558E-02  5.139E-02  4.538E-02  4.143E-02  3.673E-02  3.293E-02  3.007E-02  2.769E-02  2.403E-02  2.201E-02  1.925E-02  1.728E-02  1.613E-02  1.483E-02  1.285E-02  1.150E-02  1.034E-02  9.174E-03  7.883E-03  6.789E-03  6.574E-03  5.640E-03  5.286E-03  4.580E-03  3.933E-03  3.548E-03  3.078E-03  3.150E-03  2.396E-03  1.977E-03  1.999E-03  1.645E-03  1.432E-03  1.461E-03  1.042E-03  1.226E-03  9.570E-04  7.795E-04  7.523E-04  5.618E-04  6.241E-04  6.167E-04  3.965E-04  4.375E-04  2.768E-04  2.870E-04  1.923E-04  2.212E-04  1.693E-04  1.912E-04  1.628E-04  1.452E-04  1.039E-04  1.041E-04  1.095E-04  1.141E-04  9.256E-05  4.551E-05  5.096E-05  4.507E-05  4.599E-05  5.054E-05  3.436E-05  1.643E-05  4.481E-05  1.699E-05  1.114E-05  5.383E-06  2.226E-05  5.515E-06  5.387E-06  0.000E+00  Z
 0.000E+00  0.000E+00  0.000E+00  0.000E+00  0.000E+00  0.000E+00  0.000E+00  2.982E-05  0.000E+00  0.000E+00  2.502E-05  0.000E+00  4.624E-05  6.646E-05  8.580E-05  1.038E-04  6.090E-05  9.823E-05  5.718E-05  2.962E-04  3.608E-04  5.635E-04  5.169E-04  7.252E-04  6.612E-04  9.703E-04  1.016E-03  1.529E-03  1.855E-03  2.134E-03  2.619E-03  3.800E-03  4.714E-03  5.120E-03  6.284E-03  7.455E-03  9.628E-03  1.098E-02  1.411E-02  1.746E-02  2.104E-02  2.544E-02  3.053E-02  3.620E-02  4.166E-02  4.967E-02  5.966E-02  6.865E-02  8.114E-02  9.330E-02  1.071E-01  1.220E-01  1.366E-01  1.601E-01  1.743E-01  1.963E-01  2.164E-01  2.392E-01  2.668E-01  2.871E-01  3.153E-01  3.454E-01  3.662E-01  3.970E-01  4.261E-01  4.504E-01  4.824E-01  5.073E-01  5.373E-01  5.581E-01  5.819E-01  6.109E-01  6.391E-01  6.637E-01  6.883E-01  7.111E-01  7.304E-01  7.557E-01  7.759E-01  7.888E-01  8.148E-01  8.292E-01  8.420E-01  8.609E-01  8.745E-01  8.858E-01  8.931E-01  9.081E-01  9.153E-01  9.200E-01  9.225E-01  9.225E-01  9.272E-01  9.322E-01  9.373E-01  9.326E-01  9.265E-01  9.248E-01  9.167E-01  9.142E-01  9.007E-01  8.948E-01  8.788E-01  8.677E-01  8.581E-01  8.382E-01  8.266E-01  8.099E-01  7.893E-01  7.672E-01  7.493E-01  7.261E-01  7.073E-01  6.847E-01  6.596E-01  6.307E-01  6.110E-01  5.899E-01  5.684E-01  5.423E-01  5.185E-01  4.926E-01  4.697E-01  4.492E-01  4.209E-01  3.987E-01  3.785E-01  3.516E-01  3.366E-01  3.149E-01  2.967E-01  2.759E-01  2.573E-01  2.405E-01  2.248E-01  2.071E-01  1.917E-01  1.786E-01  1.635E-01  1.523E-01  1.409E-01  1.280E-01  1.153E-01  1.093E-01  9.979E-02  8.957E-02  8.152E-02  7.488E-02  6.782E-02  6.118E-02  5.386E-02  5.011E-02  4.604E-02  4.065E-02  3.728E-02  3.299E-02  3.037E-02  2.679E-02  2.370E-02  2.202E-02  1.965E-02  1.777E-02  1.582E-02  1.421E-02  1.230E-02  1.116E-02  9.812E-03  8.952E-03  8.356E-03  7.118E-03  6.405E-03  5.667E-03  5.139E-03  4.581E-03  3.991E-03  3.851E-03  3.306E-03  2.781E-03  2.519E-03  2.171E-03  1.730E-03  1.856E-03  1.481E-03  1.336E-03  1.111E-03  1.075E-03  7.973E-04  8.674E-04  6.541E-04  6.754E-04  5.890E-04  4.507E-04  4.466E-04  3.525E-04  2.982E-04  3.478E-04  1.854E-04  2.283E-04  2.213E-04  1.607E-04  1.280E-04  1.391E-04  1.085E-04  1.093E-04  8.090E-05  1.090E-04  3.424E-05  6.777E-05  1.530E-04  6.314E-05  4.555E-05  4.486E-05  4.426E-05  2.764E-05  2.785E-05  1.668E-05  1.630E-05  1.108E-05  1.692E-05  1.132E-05  5.709E-06  5.577E-06  1.667E-05  5.649E-06  5.215E-06  1.076E-05  0.000E+00  Z
 0.000E+00  0.000E+00  0.000E+00  0.000E+00  0.000E+00  0.000E+00  0.000E+00  0.000E+00  0.000E+00  0.000E+00  0.000E+00  0.000E+00  0.000E+00  0.000E+00  1.286E-04  6.241E-05  0.000E+00  5.862E-05  3.044E-04  2.598E-04  3.063E-04  4.226E-04  4.645E-04  5.906E-04  6.924E-04  9.228E-04  1.189E-03  1.511E-03  1.881E-03  2.498E-03  2.339E-03  3.656E-03  4.255E-03  4.815E-03  6.515E-03  7.312E-03  9.292E-03  1.054E-02  1.376E-02  1.616E-02  2.051E-02  2.450E-02  2.910E-02  3.470E-02  4.041E-02  4.915E-02  5.745E-02  6.590E-02  7.916E-02  8.949E-02  1.027E-01  1.183E-01  1.338E-01  1.500E-01  1.697E-01  1.917E-01  2.124E-01  2.388E-01  2.591E-01  2.824E-01  3.100E-01  3.338E-01  3.641E-01  3.878E-01  4.177E-01  4.459E-01  4.793E-01  5.048E-01  5.336E-01  5.605E-01  5.847E-01  6.168E-01  6.391E-01  6.626E-01  6.908E-01  7.187E-01  7.417E-01  7.603E-01  7.838E-01  8.066E-01  8.261E-01  8.466E-01  8.625E-01  8.755E-01  8.914E-01  9.086E-01  9.262E-01  9.416E-01  9.484E-01  9.535E-01  9.651E-01  9.729E-01  9.736E-01  9.832E-01  9.810E-01  9.887E-01  9.851E-01  9.835E-01  9.771E-01  9.711E-01  9.667E-01  9.591E-01  9.486E-01  9.383E-01  9.230E-01  9.168E-01  8.927E-01  8.751E-01  8.598E-01  8.465E-01  8.207E-01  7.992E-01  7.741E-01  7.585E-01  7.318E-01  7.095E-01  6.822E-01  6.625E-01  6.299E-01  6.062E-01  5.866E-01  5.571E-01  5.314E-01  5.112E-01  4.874E-01  4.592E-01  4.374E-01  4.112E-01  3.900E-01  3.643E-01  3.439E-01  3.225E-01  3.016E-01  2.832E-01  2.638E-01  2.433E-01  2.273E-01  2.101E-01  1.973E-01  1.794E-01  1.649E-01  1.538E-01  1.413E-01  1.285E-01  1.183E-01  1.075E-01  9.990E-02  9.187E-02  8.322E-02  7.395E-02  6.818E-02  6.116E-02  5.688E-02  5.093E-02  4.599E-02  4.198E-02  3.711E-02  3.359E-02  3.064E-02  2.762E-02  2.425E-02  2.184E-02  1.995E-02  1.791E-02  1.561E-02  1.359E-02  1.312E-02  1.125E-02  1.001E-02  8.905E-03  7.876E-03  7.103E-03  6.189E-03  5.424E-03  5.037E-03  4.191E-03  4.058E-03  3.331E-03  3.232E-03  2.811E-03  2.347E-03  1.965E-03  1.786E-03  1.675E-03  1.454E-03  1.279E-03  1.200E-03  1.043E-03  8.612E-04  7.496E-04  7.579E-04  5.249E-04  5.260E-04  5.129E-04  4.597E-04  3.331E-04  3.554E-04  2.903E-04  2.852E-04  2.096E-04  2.372E-04  1.618E-04  1.715E-04  1.788E-04  1.030E-04  1.132E-04  1.079E-04  9.140E-05  5.124E-05  4.526E-05  7.937E-05  2.252E-05  5.072E-05  3.342E-05  2.835E-05  3.377E-05  3.886E-05  3.854E-05  3.300E-05  1.136E-05  1.106E-05  1.688E-05  1.116E-05  1.078E-05  0.000E+00  Z
 0.000E+00  0.000E+00  0.000E+00  0.000E+00  0.000E+00  0.000E+00  0.000E+00  0.000E+00  0.000E+00  0.000E+00  2.522E-05  0.000E+00  0.000E+00  4.416E-05  4.295E-05  2.060E-05  1.408E-04  1.168E-04  1.897E-04  1.114E-04  2.165E-04  2.648E-04  3.610E-04  5.382E-04  8.253E-04  7.617E-04  1.157E-03  1.481E-03  1.713E-03  2.317E-03  2.739E-03  3.275E-03  4.024E-03  4.689E-03  6.444E-03  7.265E-03  8.648E-03  1.101E-02  1.253E-02  1.561E-02  1.882E-02  2.335E-02  2.782E-02  3.276E-02  4.037E-02  4.764E-02  5.649E-02  6.548E-02  7.548E-02  8.884E-02  1.025E-01  1.149E-01  1.302E-01  1.480E-01  1.642E-01  1.871E-01  2.055E-01  2.301E-01  2.527E-01  2.790E-01  3.042E-01  3.304E-01  3.580E-01  3.854E-01  4.131E-01  4.417E-01  4.695E-01  4.987E-01  5.289E-01  5.588E-01  5.855E-01  6.095E-01  6.403E-01  6.669E-01  6.957E-01  7.181E-01  7.430E-01  7.676E-01  7.943E-01  8.152E-01  8.366E-01  8.541E-01  8.712E-01  8.964E-01  9.077E-01  9.254E-01  9.439E-01  9.587E-01  9.721E-01  9.789E-01  9.859E-01  1.003E+00  1.012E+00  1.018E+00  1.017E+00  1.023E+00  1.026E+00  1.021E+00  1.018E+00  1.019E+00  1.011E+00  1.008E+00  9.986E-01  9.878E-01  9.746E-01  9.642E-01  9.486E-01  9.340E-01  9.158E-01  9.044E-01  8.752E-01  8.621E-01  8.392E-01  8.166E-01  7.948E-01  7.763E-01  7.405E-01  7.204E-01  6.927E-01  6.670E-01  6.413E-01  6.203E-01  5.910E-01  5.630E-01  5.341E-01  5.114E-01  4.836E-01  4.596E-01  4.381E-01  4.115E-01  3.871E-01  3.654E-01  3.424E-01  3.199E-01  3.005E-01  2.792E-01  2.597E-01  2.430E-01  2.264E-01  2.066E-01  1.919E-01  1.765E-01  1.626E-01  1.498E-01  1.375E-01  1.287E-01  1.164E-01  1.069E-01  9.682E-02  8.742E-02  8.010E-02  7.282E-02  6.425E-02  5.961E-02  5.455E-02  4.884E-02  4.397E-02  3.997E-02  3.624E-02  3.226E-02  2.896E-02  2.650E-02  2.337E-02  2.099E-02  1.868E-02  1.685E-02  1.438E-02  1.342E-02  1.128E-02  1.114E-02  9.432E-03  9.023E-03  7.502E-03  6.826E-03  5.737E-03  5.067E-03  4.661E-03  4.274E-03  3.618E-03  3.510E-03  3.009E-03  2.535E-03  2.125E-03  1.894E-03  1.996E-03  1.543E-03  1.458E-03  1.077E-03  1.269E-03  8.271E-04  8.545E-04  7.430E-04  7.067E-04  5.308E-04  5.164E-04  4.139E-04  3.741E-04  3.512E-04  3.016E-04  2.565E-04  2.200E-04  1.785E-04  2.012E-04  1.664E-04  1.664E-04  1.439E-04  1.360E-04  7.295E-05  1.007E-04  7.925E-05  7.869E-05  6.728E-05  3.997E-05  4.485E-05  2.214E-05  2.274E-05  2.764E-05  4.417E-05  1.690E-05  3.321E-05  1.640E-05  1.081E-05  1.115E-05  1.080E-05  1.656E-05  0.000E+00  Z
 0.000E+00  0.000E+00  0.000E+00  0.000E+00  0.000E+00  0.000E+00  0.000E+00  0.000E+00  0.000E+00  0.000E+00  5.074E-05  2.402E-05  4.648E-05  2.206E-05  6.428E-05  2.073E-05  1.214E-04  1.560E-04  1.323E-04  2.405E-04  3.420E-04  4.768E-04  4.658E-04  5.722E-04  7.761E-04  9.222E-04  9.991E-04  1.292E-03  1.851E-03  2.182E-03  2.723E-03  2.966E-03  4.054E-03  4.402E-03  5.606E-03  7.044E-03  8.150E-03  1.032E-02  1.269E-02  1.552E-02  1.835E-02  2.191E-02  2.689E-02  3.132E-02  3.845E-02  4.474E-02  5.352E-02  6.146E-02  7.305E-02  8.386E-02  9.629E-02  1.090E-01  1.259E-01  1.395E-01  1.585E-01  1.777E-01  1.989E-01  2.215E-01  2.466E-01  2.722E-01  2.937E-01  3.224E-01  3.480E-01  3.780E-01  4.056E-01  4.350E-01  4.642E-01  4.977E-01  5.238E-01  5.501E-01  5.852E-01  6.112E-01  6.411E-01  6.653E-01  6.953E-01  7.196E-01  7.493E-01  7.785E-01  8.002E-01  8.292E-01  8.474E-01  8.700E-01  8.887E-01  9.128E-01  9.345E-01  9.550E-01  9.727E-01  9.866E-01  1.011E+00  1.025E+00  1.036E+00  1.043E+00  1.064E+00  1.071E+00  1.078E+00  1.088E+00  1.089E+00  1.093E+00  1.090E+00  1.096E+00  1.093E+00  1.091E+00  1.087E+00  1.084E+00  1.068E+00  1.062E+00  1.049E+00  1.037E+00  1.017E+00  1.008E+00  9.898E-01  9.704E-01  9.548E-01  9.267E-01  9.101E-01  8.779E-01  8.555E-01  8.338E-01  8.027E-01  7.719E-01  7.483E-01  7.252E-01  6.957E-01  6.652E-01  6.406E-01  6.107E-01  5.837E-01  5.537E-01  5.280E-01  4.989E-01  4.749E-01  4.483E-01  4.216E-01  3.965E-01  3.710E-01  3.477E-01  3.251E-01  3.028E-01  2.834E-01  2.616E-01  2.458E-01  2.260E-01  2.086E-01  1.958E-01  1.772E-01  1.639E-01  1.524E-01  1.373E-01  1.257E-01  1.160E-01  1.060E-01  9.648E-02  8.748E-02  7.884E-02  7.263E-02  6.533E-02  5.888E-02  5.335E-02  4.799E-02  4.330E-02  3.970E-02  3.505E-02  3.182E-02  2.817E-02  2.589E-02  2.279E-02  2.042E-02  1.887E-02  1.614E-02  1.446E-02  1.303E-02  1.133E-02  1.011E-02  9.139E-03  8.285E-03  7.154E-03  6.782E-03  5.871E-03  5.158E-03  4.276E-03  3.728E-03  3.667E-03  3.107E-03  2.849E-03  2.425E-03  1.961E-03  1.932E-03  1.651E-03  1.501E-03  1.317E-03  1.108E-03  1.033E-03  8.022E-04  7.704E-04  7.569E-04  6.974E-04  5.068E-04  5.835E-04  4.406E-04  3.712E-04  3.870E-04  3.648E-04  2.982E-04  2.292E-04  2.130E-04  1.430E-04  1.601E-04  9.640E-05  9.659E-05  7.390E-05  8.457E-05  1.016E-04  8.852E-05  5.563E-05  6.231E-05  2.797E-05  6.134E-05  2.739E-05  4.435E-05  5.534E-05  1.689E-05  2.230E-05  2.223E-05  5.538E-06  1.095E-05  1.106E-05  5.611E-06  1.108E-05  5.640E-06  5.584E-06  5.578E-06  0.000E+00  Z
 0.000E+00  0.000E+00  0.000E+00  0.000E+00  0.000E+00  0.000E+00  0.000E+00  0.000E+00  0.000E+00  0.000E+00  0.000E+00  0.000E+00  0.000E+00  0.000E+00  6.409E-05  8.263E-05  4.021E-05  1.165E-04  5.723E-05  1.478E-04  2.349E-04  3.349E-04  3.786E-04  5.395E-04  5.615E-04  1.295E-03  8.724E-04  1.387E-03  1.653E-03  2.029E-03  2.560E-03  2.839E-03  3.913E-03  4.309E-03  5.256E-03  6.763E-03  8.240E-03  8.898E-03  1.113E-02  1.456E-02  1.673E-02  2.023E-02  2.573E-02  2.885E-02  3.488E-02  4.200E-02  4.966E-02  5.712E-02  6.657E-02  7.707E-02  9.148E-02  1.038E-01  1.159E-01  1.336E-01  1.523E-01  1.711E-01  1.914E-01  2.096E-01  2.354E-01  2.609E-01  2.828E-01  3.077E-01  3.345E-01  3.599E-01  3.910E-01  4.204E-01  4.485E-01  4.826E-01  5.096E-01  5.434E-01  5.720E-01  6.021E-01  6.326E-01  6.596E-01  6.958E-01  7.188E-01  7.452E-01  7.763E-01  8.090E-01  8.335E-01  8.612E-01  8.883E-01  9.136E-01  9.344E-01  9.678E-01  9.844E-01  1.013E+00  1.036E+00  1.055E+00  1.072E+00  1.097E+00  1.117E+00  1.128E+00  1.140E+00  1.156E+00  1.171E+00  1.184E+00  1.193E+00  1.202E+00  1.204E+00  1.209E+00  1.210E+00  1.212E+00  1.207E+00  1.212E+00  1.204E+00  1.199E+00  1.190E+00  1.177E+00  1.173E+00  1.157E+00  1.142E+00  1.120E+00  1.102E+00  1.084E+00  1.062E+00  1.039E+00  1.017E+00  9.867E-01  9.604E-01  9.315E-01  8.999E-01  8.723E-01  8.427E-01  8.141E-01  7.854E-01  7.508E-01  7.150E-01  6.908E-01  6.578E-01  6.273E-01  5.985E-01  5.650E-01  5.381E-01  5.073E-01  4.780E-01  4.523E-01  4.222E-01  3.973E-01  3.716E-01  3.468E-01  3.219E-01  3.017E-01  2.791E-01  2.599E-01  2.396E-01  2.214E-01  2.023E-01  1.873E-01  1.733E-01  1.571E-01  1.456E-01  1.309E-01  1.224E-01  1.095E-01  1.003E-01  9.050E-02  8.192E-02  7.521E-02  6.740E-02  6.108E-02  5.459E-02  4.968E-02  4.505E-02  4.052E-02  3.659E-02  3.157E-02  2.826E-02  2.576E-02  2.361E-02  2.054E-02  1.833E-02  1.692E-02  1.455E-02  1.316E-02  1.183E-02  1.032E-02  9.017E-03  8.268E-03  7.197E-03  6.700E-03  5.842E-03  4.523E-03  4.460E-03  3.929E-03  3.470E-03  2.839E-03  2.674E-03  2.345E-03  1.883E-03  1.990E-03  1.645E-03  1.500E-03  1.391E-03  1.251E-03  8.997E-04  9.424E-04  7.358E-04  7.710E-04  6.060E-04  4.842E-04  5.424E-04  4.006E-04  3.258E-04  3.894E-04  2.286E-04  1.873E-04  1.939E-04  1.415E-04  1.989E-04  1.627E-04  1.465E-04  7.326E-05  8.382E-05  5.555E-05  6.649E-05  1.048E-04  6.011E-05  6.037E-05  3.857E-05  4.936E-05  6.083E-05  2.744E-05  5.421E-05  2.209E-05  2.182E-05  2.719E-05  1.090E-05  2.171E-05  5.365E-06  0.000E+00  Z
 0.000E+00  0.000E+00  0.000E+00  0.000E+00  0.000E+00  0.000E+00  0.000E+00  0.000E+00  0.000E+00  2.644E-05  0.000E+00  2.431E-05  0.000E+00  0.000E+00  2.167E-05  6.220E-05  2.004E-05  0.000E+00  9.471E-05  1.671E-04  2.715E-04  2.455E-04  4.830E-04  4.716E-04  6.106E-04  8.888E-04  1.079E-03  1.060E-03  1.409E-03  1.777E-03  2.531E-03  2.943E-03  3.810E-03  4.122E-03  4.857E-03  6.499E-03  7.557E-03  9.153E-03  1.089E-02  1.425E-02  1.615E-02  1.938E-02  2.339E-02  2.767E-02  3.319E-02  3.865E-02  4.504E-02  5.308E-02  6.176E-02  7.050E-02  8.368E-02  9.726E-02  1.100E-01  1.237E-01  1.439E-01  1.588E-01  1.776E-01  1.999E-01  2.177E-01  2.421E-01  2.665E-01  2.931E-01  3.193E-01  3.475E-01  3.735E-01  4.029E-01  4.311E-01  4.630E-01  4.988E-01  5.300E-01  5.605E-01  5.877E-01  6.240E-01  6.494E-01  6.824E-01  7.183E-01  7.447E-01  7.793E-01  8.093E-01  8.377E-01  8.694E-01  8.984E-01  9.278E-01  9.620E-01  9.913E-01  1.014E+00  1.040E+00  1.063E+00  1.097E+00  1.117E+00  1.142E+00  1.163E+00  1.186E+00  1.210E+00  1.235E+00  1.245E+00  1.271E+00  1.284E+00  1.297E+00  1.306E+00  1.327E+00  1.324E+00  1.338E+00  1.344E+00  1.342E+00  1.348E+00  1.346E+00  1.344E+00  1.339E+00  1.338E+00  1.324E+00  1.315E+00  1.314E+00  1.293E+00  1.278E+00  1.259E+00  1.239E+00  1.215E+00  1.198E+00  1.170E+00  1.143E+00  1.115E+00  1.088E+00  1.053E+00  1.026E+00  9.926E-01  9.570E-01  9.243E-01  8.879E-01  8.571E-01  8.171E-01  7.886E-01  7.514E-01  7.198E-01  6.860E-01  6.501E-01  6.148E-01  5.817E-01  5.505E-01  5.168E-01  4.885E-01  4.578E-01  4.286E-01  4.012E-01  3.759E-01  3.471E-01  3.265E-01  3.014E-01  2.762E-01  2.588E-01  2.390E-01  2.204E-01  2.013E-01  1.840E-01  1.677E-01  1.521E-01  1.414E-01  1.285E-01  1.167E-01  1.054E-01  9.570E-02  8.791E-02  7.959E-02  7.150E-02  6.437E-02  5.854E-02  5.174E-02  4.709E-02  4.311E-02  3.749E-02  3.376E-02  3.020E-02  2.682E-02  2.440E-02  2.149E-02  1.939E-02  1.771E-02  1.515E-02  1.376E-02  1.211E-02  1.051E-02  9.280E-03  8.104E-03  7.475E-03  6.300E-03  5.652E-03  5.244E-03  4.648E-03  4.043E-03  3.628E-03  3.089E-03  2.728E-03  2.492E-03  2.248E-03  1.785E-03  1.659E-03  1.693E-03  1.361E-03  1.023E-03  1.077E-03  8.407E-04  7.448E-04  5.609E-04  6.230E-04  4.984E-04  5.077E-04  4.320E-04  3.060E-04  2.999E-04  3.533E-04  2.426E-04  1.816E-04  2.746E-04  1.689E-04  1.499E-04  1.064E-04  1.102E-04  7.718E-05  7.751E-05  7.839E-05  4.400E-05  7.175E-05  4.337E-05  2.180E-05  4.938E-05  2.741E-05  4.341E-05  1.611E-05  1.630E-05  2.142E-05  5.568E-06  1.071E-05  5.116E-06  0.000E+00  Z
 0.000E+00  0.000E+00  0.000E+00  0.000E+00  0.000E+00  0.000E+00  0.000E+00  0.000E+00  0.000E+00  0.000E+00  0.000E+00  0.000E+00  2.298E-05  0.000E+00  6.445E-05  4.142E-05  4.051E-05  9.774E-05  1.706E-04  1.111E-04  2.167E-04  3.696E-04  3.621E-04  5.231E-04  5.775E-04  8.745E-04  1.269E-03  9.820E-04  1.391E-03  1.624E-03  1.851E-03  2.488E-03  3.321E-03  3.755E-03  4.463E-03  5.580E-03  7.176E-03  7.915E-03  1.058E-02  1.165E-02  1.376E-02  1.728E-02  2.073E-02  2.398E-02  2.989E-02  3.597E-02  4.174E-02  5.017E-02  5.664E-02  6.712E-02  7.753E-02  8.921E-02  1.000E-01  1.148E-01  1.321E-01  1.486E-01  1.665E-01  1.854E-01  2.068E-01  2.288E-01  2.519E-01  2.741E-01  3.019E-01  3.282E-01  3.585E-01  3.848E-01  4.134E-01  4.467E-01  4.784E-01  5.079E-01  5.391E-01  5.724E-01  6.046E-01  6.350E-01  6.677E-01  7.052E-01  7.346E-01  7.682E-01  8.027E-01  8.363E-01  8.680E-01  9.029E-01  9.404E-01  9.689E-01  9.994E-01  1.039E+00  1.064E+00  1.094E+00  1.129E+00  1.153E+00  1.184E+00  1.211E+00  1.243E+00  1.272E+00  1.296E+00  1.316E+00  1.344E+00  1.368E+00  1.394E+00  1.415E+00  1.430E+00  1.442E+00  1.454E+00  1.476E+00  1.482E+00  1.492E+00  1.504E+00  1.508E+00  1.517E+00  1.520E+00  1.524E+00  1.516E+00  1.516E+00  1.504E+00  1.499E+00  1.484E+00  1.468E+00  1.457E+00  1.438E+00  1.417E+00  1.397E+00  1.370E+00  1.347E+00  1.316E+00  1.290E+00  1.259E+00  1.222E+00  1.194E+00  1.157E+00  1.125E+00  1.083E+00  1.043E+00  1.006E+00  9.694E-01  9.269E-01  8.937E-01  8.518E-01  8.099E-01  7.741E-01  7.348E-01  6.945E-01  6.595E-01  6.255E-01  5.874E-01  5.518E-01  5.232E-01  4.843E-01  4.543E-01  4.224E-01  3.945E-01  3.656E-01  3.392E-01  3.150E-01  2.890E-01  2.698E-01  2.469E-01  2.270E-01  2.073E-01  1.896E-01  1.756E-01  1.603E-01  1.447E-01  1.300E-01  1.182E-01  1.096E-01  9.760E-02  8.822E-02  7.968E-02  7.062E-02  6.513E-02  5.804E-02  5.137E-02  4.711E-02  4.240E-02  3.762E-02  3.396E-02  2.988E-02  2.693E-02  2.467E-02  2.126E-02  1.863E-02  1.686E-02  1.539E-02  1.326E-02  1.196E-02  1.047E-02  9.286E-03  7.934E-03  7.267E-03  6.336E-03  5.486E-03  5.064E-03  4.223E-03  3.940E-03  3.239E-03  2.937E-03  2.869E-03  2.227E-03  2.000E-03  1.851E-03  1.605E-03  1.238E-03  1.246E-03  1.222E-03  1.075E-03  8.323E-04  7.907E-04  5.994E-04  5.039E-04  4.224E-04  4.739E-04  3.868E-04  3.768E-04  2.737E-04  2.131E-04  2.056E-04  1.884E-04  1.999E-04  1.613E-04  1.304E-04  9.421E-05  1.152E-04  5.986E-05  6.536E-05  5.532E-05  4.402E-05  4.952E-05  4.371E-05  1.618E-05  4.887E-05  5.921E-05  1.072E-05  3.231E-05  1.034E-05  2.715E-05  2.660E-05  1.084E-05  5.491E-06  5.425E-06  0.000E+00  Z
 0.000E+00  0.000E+00  0.000E+00  0.000E+00  0.000E+00  0.000E+00  0.000E+00  0.000E+00  0.000E+00  2.634E-05  0.000E+00  0.000E+00  2.310E-05  8.849E-05  0.000E+00  0.000E+00  8.033E-05  5.844E-05  1.136E-04  1.107E-04  1.802E-04  2.109E-04  2.928E-04  4.560E-04  8.106E-04  9.716E-04  8.894E-04  1.170E-03  1.438E-03  1.898E-03  1.996E-03  2.477E-03  3.311E-03  3.973E-03  4.586E-03  4.896E-03  6.762E-03  8.095E-03  9.708E-03  1.145E-02  1.335E-02  1.596E-02  1.938E-02  2.461E-02  2.812E-02  3.387E-02  3.783E-02  4.647E-02  5.299E-02  6.380E-02  7.175E-02  8.563E-02  9.501E-02  1.072E-01  1.255E-01  1.380E-01  1.575E-01  1.751E-01  1.985E-01  2.171E-01  2.389E-01  2.614E-01  2.927E-01  3.172E-01  3.479E-01  3.719E-01  4.003E-01  4.323E-01  4.604E-01  4.948E-01  5.266E-01  5.584E-01  5.925E-01  6.261E-01  6.581E-01  6.968E-01  7.287E-01  7.611E-01  7.945E-01  8.325E-01  8.679E-01  9.054E-01  9.337E-01  9.677E-01  1.013E+00  1.043E+00  1.077E+00  1.107E+00  1.144E+00  1.177E+00  1.207E+00  1.238E+00  1.270E+00  1.306E+00  1.336E+00  1.367E+00  1.396E+00  1.411E+00  1.451E+00  1.472E+00  1.500E+00  1.524E+00  1.537E+00  1.559E+00  1.575E+00  1.592E+00  1.606E+00  1.624E+00  1.632E+00  1.642E+00  1.651E+00  1.648E+00  1.652E+00  1.655E+00  1.646E+00  1.633E+00  1.634E+00  1.624E+00  1.610E+00  1.598E+00  1.577E+00  1.568E+00  1.542E+00  1.514E+00  1.491E+00  1.460E+00  1.430E+00  1.401E+00  1.359E+00  1.330E+00  1.296E+00  1.256E+00  1.217E+00  1.174E+00  1.132E+00  1.090E+00  1.044E+00  1.008E+00  9.632E-01  9.185E-01  8.772E-01  8.349E-01  7.957E-01  7.495E-01  7.109E-01  6.720E-01  6.323E-01  5.955E-01  5.592E-01  5.239E-01  4.872E-01  4.570E-01  4.224E-01  3.929E-01  3.654E-01  3.380E-01  3.118E-01  2.885E-01  2.649E-01  2.413E-01  2.245E-01  2.055E-01  1.868E-01  1.694E-01  1.532E-01  1.402E-01  1.268E-01  1.159E-01  1.042E-01  9.709E-02  8.481E-02  7.552E-02  6.915E-02  6.181E-02  5.637E-02  5.038E-02  4.533E-02  3.953E-02  3.609E-02  3.228E-02  2.843E-02  2.527E-02  2.259E-02  2.015E-02  1.767E-02  1.607E-02  1.360E-02  1.238E-02  1.124E-02  9.606E-03  8.683E-03  7.764E-03  7.039E-03  6.110E-03  5.200E-03  4.669E-03  4.050E-03  3.367E-03  3.201E-03  2.846E-03  2.322E-03  2.040E-03  2.003E-03  1.749E-03  1.348E-03  1.260E-03  1.050E-03  9.305E-04  9.182E-04  7.581E-04  7.208E-04  5.142E-04  5.386E-04  4.341E-04  4.300E-04  3.340E-04  3.432E-04  2.556E-04  2.501E-04  1.771E-04  1.535E-04  1.876E-04  9.243E-05  1.146E-04  9.847E-05  1.041E-04  6.467E-05  3.820E-05  3.825E-05  2.698E-05  4.283E-05  4.846E-05  2.686E-05  5.342E-06  1.614E-05  3.170E-05  4.227E-05  2.170E-05  0.000E+00  Z
 0.000E+00  0.000E+00  0.000E+00  0.000E+00  0.000E+00  0.000E+00  0.000E+00  0.000E+00  0.000E+00  0.000E+00  0.000E+00  0.000E+00  0.000E+00  4.431E-05  6.503E-05  2.073E-05  0.000E+00  5.845E-05  5.667E-05  9.273E-05  1.985E-04  2.645E-04  2.409E-04  3.538E-04  5.129E-04  5.001E-04  7.612E-04  9.669E-04  1.406E-03  1.447E-03  2.325E-03  2.284E-03  3.039E-03  3.091E-03  3.978E-03  4.799E-03  6.085E-03  7.589E-03  8.916E-03  1.003E-02  1.230E-02  1.501E-02  1.859E-02  2.204E-02  2.504E-02  3.025E-02  3.533E-02  4.183E-02  4.887E-02  5.588E-02  6.691E-02  7.707E-02  8.934E-02  1.018E-01  1.142E-01  1.312E-01  1.464E-01  1.623E-01  1.816E-01  2.047E-01  2.275E-01  2.481E-01  2.761E-01  3.016E-01  3.288E-01  3.530E-01  3.852E-01  4.127E-01  4.423E-01  4.756E-01  5.042E-01  5.393E-01  5.721E-01  6.047E-01  6.446E-01  6.784E-01  7.092E-01  7.491E-01  7.889E-01  8.152E-01  8.603E-01  8.931E-01  9.348E-01  9.694E-01  1.005E+00  1.049E+00  1.079E+00  1.121E+00  1.156E+00  1.193E+00  1.231E+00  1.264E+00  1.306E+00  1.344E+00  1.377E+00  1.413E+00  1.445E+00  1.473E+00  1.515E+00  1.542E+00  1.574E+00  1.608E+00  1.634E+00  1.664E+00  1.686E+00  1.708E+00  1.740E+00  1.756E+00  1.774E+00  1.788E+00  1.810E+00  1.825E+00  1.824E+00  1.838E+00  1.841E+00  1.851E+00  1.849E+00  1.853E+00  1.848E+00  1.845E+00  1.831E+00  1.822E+00  1.812E+00  1.790E+00  1.775E+00  1.751E+00  1.727E+00  1.698E+00  1.669E+00  1.640E+00  1.610E+00  1.571E+00  1.537E+00  1.493E+00  1.449E+00  1.409E+00  1.369E+00  1.317E+00  1.271E+00  1.225E+00  1.180E+00  1.129E+00  1.084E+00  1.037E+00  9.886E-01  9.414E-01  8.936E-01  8.489E-01  8.000E-01  7.593E-01  7.130E-01  6.690E-01  6.287E-01  5.850E-01  5.495E-01  5.132E-01  4.751E-01  4.423E-01  4.078E-01  3.830E-01  3.534E-01  3.225E-01  2.989E-01  2.725E-01  2.505E-01  2.266E-01  2.113E-01  1.901E-01  1.728E-01  1.581E-01  1.433E-01  1.275E-01  1.172E-01  1.047E-01  9.332E-02  8.452E-02  7.652E-02  6.878E-02  6.061E-02  5.589E-02  4.889E-02  4.401E-02  3.907E-02  3.595E-02  3.121E-02  2.750E-02  2.419E-02  2.226E-02  1.966E-02  1.727E-02  1.557E-02  1.413E-02  1.207E-02  1.067E-02  9.596E-03  8.726E-03  7.189E-03  6.406E-03  5.537E-03  4.921E-03  4.561E-03  3.817E-03  3.664E-03  3.013E-03  2.711E-03  2.565E-03  1.805E-03  1.744E-03  1.555E-03  1.514E-03  1.180E-03  1.097E-03  8.914E-04  8.685E-04  7.093E-04  6.223E-04  5.117E-04  4.609E-04  4.552E-04  2.965E-04  2.968E-04  2.699E-04  2.737E-04  1.753E-04  1.752E-04  1.147E-04  1.305E-04  1.393E-04  1.359E-04  1.308E-04  8.076E-05  6.953E-05  6.495E-05  8.587E-05  3.712E-05  3.251E-05  3.723E-05  2.649E-05  3.682E-05  2.069E-05  3.742E-05  2.084E-05  5.391E-06  0.000E+00  Z
 0.000E+00  0.000E+00  0.000E+00  0.000E+00  0.000E+00  0.000E+00  0.000E+00  0.000E+00  0.000E+00  0.000E+00  0.000E+00  0.000E+00  2.298E-05  0.000E+00  2.156E-05  2.072E-05  6.052E-05  1.175E-04  1.332E-04  1.481E-04  1.624E-04  1.768E-04  2.065E-04  3.704E-04  5.617E-04  8.102E-04  8.733E-04  1.122E-03  1.225E-03  1.778E-03  2.025E-03  2.490E-03  2.740E-03  3.247E-03  3.977E-03  4.935E-03  5.989E-03  7.047E-03  8.095E-03  9.749E-03  1.179E-02  1.422E-02  1.695E-02  2.090E-02  2.467E-02  2.873E-02  3.473E-02  3.885E-02  4.605E-02  5.579E-02  6.251E-02  7.323E-02  8.300E-02  9.639E-02  1.080E-01  1.226E-01  1.383E-01  1.568E-01  1.755E-01  1.959E-01  2.145E-01  2.407E-01  2.617E-01  2.883E-01  3.159E-01  3.396E-01  3.711E-01  3.991E-01  4.328E-01  4.598E-01  4.927E-01  5.243E-01  5.585E-01  5.925E-01  6.270E-01  6.638E-01  6.986E-01  7.368E-01  7.736E-01  8.101E-01  8.478E-01  8.879E-01  9.239E-01  9.687E-01  1.005E+00  1.043E+00  1.079E+00  1.123E+00  1.162E+00  1.200E+00  1.246E+00  1.280E+00  1.319E+00  1.361E+00  1.398E+00  1.437E+00  1.479E+00  1.508E+00  1.550E+00  1.587E+00  1.623E+00  1.655E+00  1.692E+00  1.723E+00  1.747E+00  1.781E+00  1.816E+00  1.842E+00  1.865E+00  1.893E+00  1.917E+00  1.926E+00  1.953E+00  1.967E+00  1.984E+00  1.991E+00  2.002E+00  2.005E+00  2.008E+00  2.006E+00  2.006E+00  2.004E+00  1.996E+00  1.984E+00  1.972E+00  1.961E+00  1.937E+00  1.908E+00  1.887E+00  1.866E+00  1.837E+00  1.799E+00  1.774E+00  1.729E+00  1.691E+00  1.652E+00  1.613E+00  1.567E+00  1.518E+00  1.470E+00  1.424E+00  1.369E+00  1.323E+00  1.271E+00  1.214E+00  1.168E+00  1.111E+00  1.062E+00  1.013E+00  9.611E-01  9.049E-01  8.629E-01  8.127E-01  7.695E-01  7.169E-01  6.718E-01  6.307E-01  5.907E-01  5.502E-01  5.154E-01  4.766E-01  4.410E-01  4.068E-01  3.768E-01  3.462E-01  3.174E-01  2.931E-01  2.671E-01  2.442E-01  2.228E-01  2.020E-01  1.838E-01  1.673E-01  1.537E-01  1.376E-01  1.241E-01  1.116E-01  1.013E-01  9.213E-02  8.119E-02  7.425E-02  6.600E-02  5.886E-02  5.243E-02  4.680E-02  4.197E-02  3.625E-02  3.345E-02  2.925E-02  2.627E-02  2.361E-02  2.093E-02  1.800E-02  1.606E-02  1.446E-02  1.205E-02  1.068E-02  1.007E-02  8.960E-03  7.807E-03  6.801E-03  5.864E-03  5.161E-03  4.539E-03  4.193E-03  3.516E-03  3.215E-03  2.802E-03  2.454E-03  1.858E-03  1.842E-03  1.569E-03  1.354E-03  1.249E-03  1.086E-03  7.731E-04  8.328E-04  7.540E-04  5.535E-04  5.851E-04  4.247E-04  4.240E-04  3.013E-04  3.448E-04  2.507E-04  1.686E-04  2.838E-04  1.729E-04  1.082E-04  1.256E-04  1.180E-04  5.933E-05  8.006E-05  9.074E-05  8.499E-05  4.313E-05  5.843E-05  4.679E-05  2.130E-05  3.648E-05  3.745E-05  2.669E-05  1.584E-05  1.041E-05  2.064E-05  5.338E-06  5.056E-06  1.038E-05  5.237E-05  Z
 0.000E+00  0.000E+00  0.000E+00  0.000E+00  0.000E+00  0.000E+00  0.000E+00  0.000E+00  0.000E+00  0.000E+00  0.000E+00  0.000E+00  2.325E-05  0.000E+00  0.000E+00  2.063E-05  5.985E-05  3.888E-05  1.708E-04  7.406E-05  2.166E-04  1.939E-04  3.950E-04  4.221E-04  4.618E-04  5.497E-04  7.771E-04  9.988E-04  1.133E-03  1.292E-03  2.060E-03  2.081E-03  2.793E-03  3.487E-03  3.866E-03  4.526E-03  5.661E-03  6.287E-03  8.187E-03  9.554E-03  1.118E-02  1.403E-02  1.628E-02  1.997E-02  2.249E-02  2.653E-02  3.004E-02  3.737E-02  4.360E-02  5.160E-02  5.859E-02  6.965E-02  7.785E-02  8.812E-02  1.033E-01  1.152E-01  1.320E-01  1.453E-01  1.649E-01  1.831E-01  2.053E-01  2.287E-01  2.467E-01  2.746E-01  2.976E-01  3.243E-01  3.479E-01  3.793E-01  4.099E-01  4.413E-01  4.712E-01  5.051E-01  5.393E-01  5.791E-01  6.121E-01  6.498E-01  6.790E-01  7.232E-01  7.580E-01  7.999E-01  8.391E-01  8.730E-01  9.152E-01  9.576E-01  9.966E-01  1.040E+00  1.077E+00  1.122E+00  1.164E+00  1.207E+00  1.246E+00  1.292E+00  1.337E+00  1.385E+00  1.424E+00  1.466E+00  1.513E+00  1.560E+00  1.597E+00  1.638E+00  1.682E+00  1.725E+00  1.756E+00  1.806E+00  1.829E+00  1.874E+00  1.908E+00  1.941E+00  1.974E+00  2.013E+00  2.046E+00  2.077E+00  2.101E+00  2.129E+00  2.147E+00  2.168E+00  2.178E+00  2.200E+00  2.214E+00  2.228E+00  2.230E+00  2.247E+00  2.248E+00  2.237E+00  2.239E+00  2.239E+00  2.221E+00  2.223E+00  2.199E+00  2.184E+00  2.170E+00  2.141E+00  2.107E+00  2.084E+00  2.050E+00  2.010E+00  1.973E+00  1.942E+00  1.895E+00  1.845E+00  1.799E+00  1.751E+00  1.702E+00  1.649E+00  1.589E+00  1.536E+00  1.477E+00  1.418E+00  1.366E+00  1.308E+00  1.250E+00  1.195E+00  1.133E+00  1.076E+00  1.015E+00  9.629E-01  9.064E-01  8.532E-01  8.072E-01  7.570E-01  7.038E-01  6.560E-01  6.158E-01  5.707E-01  5.318E-01  4.938E-01  4.549E-01  4.194E-01  3.870E-01  3.537E-01  3.245E-01  3.020E-01  2.733E-01  2.486E-01  2.268E-01  2.052E-01  1.840E-01  1.694E-01  1.523E-01  1.384E-01  1.235E-01  1.118E-01  1.003E-01  8.956E-02  7.976E-02  7.299E-02  6.490E-02  5.744E-02  5.141E-02  4.579E-02  4.019E-02  3.655E-02  3.256E-02  2.860E-02  2.575E-02  2.211E-02  1.996E-02  1.702E-02  1.542E-02  1.384E-02  1.232E-02  1.063E-02  9.574E-03  8.312E-03  6.806E-03  6.302E-03  5.867E-03  4.838E-03  4.533E-03  4.061E-03  3.382E-03  2.758E-03  2.586E-03  2.094E-03  1.835E-03  1.798E-03  1.322E-03  1.268E-03  1.209E-03  9.359E-04  1.031E-03  7.035E-04  6.687E-04  5.549E-04  4.836E-04  3.218E-04  4.071E-04  3.365E-04  2.918E-04  2.319E-04  2.012E-04  1.945E-04  1.135E-04  1.017E-04  1.557E-04  1.288E-04  7.942E-05  6.873E-05  8.029E-05  6.862E-05  5.750E-05  1.548E-05  4.250E-05  3.702E-05  1.577E-05  3.650E-05  1.027E-05  1.024E-05  8.079E-05  Z
 0.000E+00  0.000E+00  0.000E+00  0.000E+00  0.000E+00  0.000E+00  0.000E+00  0.000E+00  0.000E+00  0.000E+00  0.000E+00  0.000E+00  0.000E+00  0.000E+00  4.275E-05  2.084E-05  1.004E-04  3.887E-05  5.674E-05  1.477E-04  9.041E-05  2.818E-04  2.066E-04  2.022E-04  4.788E-04  6.318E-04  6.178E-04  9.670E-04  1.085E-03  1.114E-03  1.612E-03  2.010E-03  2.882E-03  2.951E-03  3.552E-03  4.677E-03  5.007E-03  5.574E-03  7.136E-03  8.763E-03  1.094E-02  1.217E-02  1.492E-02  1.693E-02  2.075E-02  2.497E-02  2.917E-02  3.514E-02  3.918E-02  4.601E-02  5.376E-02  6.251E-02  7.192E-02  8.213E-02  9.391E-02  1.056E-01  1.186E-01  1.350E-01  1.500E-01  1.708E-01  1.890E-01  2.082E-01  2.298E-01  2.529E-01  2.803E-01  3.083E-01  3.338E-01  3.595E-01  3.894E-01  4.190E-01  4.491E-01  4.862E-01  5.165E-01  5.546E-01  5.867E-01  6.232E-01  6.600E-01  6.928E-01  7.375E-01  7.734E-01  8.181E-01  8.576E-01  8.952E-01  9.418E-01  9.844E-01  1.028E+00  1.069E+00  1.118E+00  1.164E+00  1.210E+00  1.253E+00  1.302E+00  1.348E+00  1.395E+00  1.446E+00  1.496E+00  1.542E+00  1.591E+00  1.638E+00  1.684E+00  1.736E+00  1.780E+00  1.833E+00  1.878E+00  1.927E+00  1.969E+00  2.015E+00  2.061E+00  2.107E+00  2.150E+00  2.191E+00  2.220E+00  2.253E+00  2.304E+00  2.334E+00  2.372E+00  2.397E+00  2.435E+00  2.461E+00  2.473E+00  2.496E+00  2.524E+00  2.540E+00  2.557E+00  2.556E+00  2.568E+00  2.578E+00  2.578E+00  2.568E+00  2.587E+00  2.564E+00  2.557E+00  2.538E+00  2.518E+00  2.503E+00  2.479E+00  2.445E+00  2.421E+00  2.386E+00  2.347E+00  2.303E+00  2.268E+00  2.216E+00  2.178E+00  2.119E+00  2.066E+00  2.005E+00  1.950E+00  1.885E+00  1.821E+00  1.769E+00  1.698E+00  1.633E+00  1.568E+00  1.504E+00  1.434E+00  1.371E+00  1.302E+00  1.235E+00  1.171E+00  1.111E+00  1.051E+00  9.862E-01  9.218E-01  8.657E-01  8.149E-01  7.629E-01  7.079E-01  6.569E-01  6.093E-01  5.683E-01  5.214E-01  4.826E-01  4.457E-01  4.071E-01  3.755E-01  3.410E-01  3.124E-01  2.822E-01  2.582E-01  2.361E-01  2.130E-01  1.934E-01  1.764E-01  1.564E-01  1.418E-01  1.281E-01  1.149E-01  1.029E-01  9.185E-02  8.248E-02  7.308E-02  6.599E-02  5.854E-02  5.172E-02  4.656E-02  4.051E-02  3.687E-02  3.206E-02  2.885E-02  2.542E-02  2.261E-02  2.019E-02  1.723E-02  1.512E-02  1.313E-02  1.191E-02  1.043E-02  9.047E-03  8.362E-03  6.852E-03  6.105E-03  5.305E-03  4.693E-03  4.144E-03  3.766E-03  3.145E-03  2.909E-03  2.089E-03  2.113E-03  1.832E-03  1.723E-03  1.528E-03  1.417E-03  1.081E-03  8.634E-04  8.739E-04  6.889E-04  6.033E-04  6.386E-04  4.588E-04  4.438E-04  5.104E-04  3.384E-04  2.663E-04  1.928E-04  1.817E-04  1.904E-04  1.765E-04  1.309E-04  1.650E-04  8.899E-05  5.697E-05  8.389E-05  8.453E-05  5.154E-05  3.616E-05  3.162E-05  1.973E-04  Z
