p-
Z
Z
Z
 0.000E+00  0.000E+00  0.000E+00  0.000E+00  0.000E+00  0.000E+00  0.000E+00  0.000E+00  0.000E+00  0.000E+00  0.000E+00  0.000E+00  0.000E+00  0.000E+00  0.000E+00  0.000E+00  0.000E+00  0.000E+00  0.000E+00  0.000E+00  0.000E+00  0.000E+00  0.000E+00  0.000E+00  0.000E+00  0.000E+00  0.000E+00  0.000E+00  0.000E+00  0.000E+00  0.000E+00  0.000E+00  0.000E+00  0.000E+00  0.000E+00  0.000E+00  0.000E+00  0.000E+00  0.000E+00  0.000E+00  0.000E+00  0.000E+00  0.000E+00  0.000E+00  0.000E+00  0.000E+00  0.000E+00  0.000E+00  0.000E+00  0.000E+00  0.000E+00  0.000E+00  0.000E+00  0.000E+00  0.000E+00  0.000E+00  0.000E+00  0.000E+00  0.000E+00  0.000E+00  0.000E+00  0.000E+00  0.000E+00  0.000E+00  0.000E+00  0.000E+00  0.000E+00  0.000E+00  0.000E+00  0.000E+00  0.000E+00  0.000E+00  0.000E+00  0.000E+00  0.000E+00  0.000E+00  0.000E+00  0.000E+00  0.000E+00  0.000E+00  0.000E+00  0.000E+00  0.000E+00  0.000E+00  0.000E+00  0.000E+00  0.000E+00  0.000E+00  0.000E+00  0.000E+00  0.000E+00  0.000E+00  0.000E+00  0.000E+00  0.000E+00  0.000E+00  0.000E+00  0.000E+00  0.000E+00  0.000E+00  0.000E+00  0.000E+00  0.000E+00  0.000E+00  0.000E+00  0.000E+00  0.000E+00  0.000E+00  0.000E+00  0.000E+00  0.000E+00  0.000E+00  0.000E+00  0.000E+00  0.000E+00  0.000E+00  0.000E+00  0.000E+00  0.000E+00  0.000E+00  0.000E+00  0.000E+00  0.000E+00  0.000E+00  0.000E+00  0.000E+00  0.000E+00  0.000E+00  0.000E+00  0.000E+00  0.000E+00  0.000E+00  0.000E+00  0.000E+00  0.000E+00  0.000E+00  0.000E+00  0.000E+00  0.000E+00  0.000E+00  0.000E+00  0.000E+00  0.000E+00  0.000E+00  0.000E+00  0.000E+00  0.000E+00  0.000E+00  0.000E+00  0.000E+00  0.000E+00  0.000E+00  0.000E+00  0.000E+00  0.000E+00  0.000E+00  0.000E+00  0.000E+00  0.000E+00  0.000E+00  0.000E+00  0.000E+00  0.000E+00  0.000E+00  0.000E+00  0.000E+00  0.000E+00  0.000E+00  0.000E+00  0.000E+00  0.000E+00  0.000E+00  0.000E+00  0.000E+00  0.000E+00  0.000E+00  0.000E+00  0.000E+00  0.000E+00  0.000E+00  0.000E+00  0.000E+00  0.000E+00  0.000E+00  0.000E+00  0.000E+00  0.000E+00  0.000E+00  0.000E+00  0.000E+00  0.000E+00  0.000E+00  0.000E+00  0.000E+00  0.000E+00  0.000E+00  0.000E+00  0.000E+00  0.000E+00  0.000E+00  0.000E+00  0.000E+00  0.000E+00  0.000E+00  0.000E+00  0.000E+00  0.000E+00  0.000E+00  0.000E+00  0.000E+00  0.000E+00  0.000E+00  0.000E+00  0.000E+00  0.000E+00  0.000E+00  0.000E+00  0.000E+00  0.000E+00  0.000E+00  0.000E+00  0.000E+00  0.000E+00  0.000E+00  0.000E+00  0.000E+00  0.000E+00  0.000E+00  0.000E+00  0.000E+00  0.000E+00  0.000E+00  0.000E+00  0.000E+00  0.000E+00  0.000E+00  0.000E+00  0.000E+00  0.000E+00  0.000E+00  0.000E+00  0.000E+00  0.000E+00  0.000E+00  0.000E+00  0.000E+00  0.000E+00  0.000E+00  0.000E+00  Z
 0.000E+00  0.000E+00  0.000E+00  0.000E+00  0.000E+00  0.000E+00  0.000E+00  0.000E+00  0.000E+00  0.000E+00  0.000E+00  0.000E+00  0.000E+00  0.000E+00  0.000E+00  0.000E+00  0.000E+00  0.000E+00  0.000E+00  0.000E+00  0.000E+00  0.000E+00  0.000E+00  0.000E+00  0.000E+00  0.000E+00  0.000E+00  0.000E+00  0.000E+00  0.000E+00  0.000E+00  0.000E+00  0.000E+00  0.000E+00  0.000E+00  0.000E+00  0.000E+00  0.000E+00  0.000E+00  0.000E+00  0.000E+00  0.000E+00  0.000E+00  0.000E+00  0.000E+00  0.000E+00  0.000E+00  0.000E+00  0.000E+00  0.000E+00  0.000E+00  0.000E+00  0.000E+00  0.000E+00  0.000E+00  0.000E+00  0.000E+00  0.000E+00  0.000E+00  0.000E+00  0.000E+00  0.000E+00  0.000E+00  0.000E+00  0.000E+00  0.000E+00  0.000E+00  0.000E+00  0.000E+00  0.000E+00  0.000E+00  0.000E+00  0.000E+00  0.000E+00  0.000E+00  0.000E+00  0.000E+00  0.000E+00  0.000E+00  0.000E+00  0.000E+00  0.000E+00  0.000E+00  0.000E+00  0.000E+00  0.000E+00  0.000E+00  0.000E+00  0.000E+00  0.000E+00  0.000E+00  0.000E+00  0.000E+00  0.000E+00  0.000E+00  0.000E+00  0.000E+00  0.000E+00  0.000E+00  0.000E+00  0.000E+00  0.000E+00  0.000E+00  0.000E+00  0.000E+00  0.000E+00  0.000E+00  0.000E+00  0.000E+00  0.000E+00  0.000E+00  0.000E+00  0.000E+00  0.000E+00  0.000E+00  0.000E+00  0.000E+00  0.000E+00  0.000E+00  0.000E+00  0.000E+00  0.000E+00  0.000E+00  0.000E+00  0.000E+00  0.000E+00  0.000E+00  0.000E+00  0.000E+00  0.000E+00  0.000E+00  0.000E+00  0.000E+00  0.000E+00  0.000E+00  0.000E+00  0.000E+00  0.000E+00  0.000E+00  0.000E+00  0.000E+00  0.000E+00  0.000E+00  0.000E+00  0.000E+00  0.000E+00  0.000E+00  0.000E+00  0.000E+00  0.000E+00  0.000E+00  0.000E+00  0.000E+00  0.000E+00  0.000E+00  0.000E+00  0.000E+00  0.000E+00  0.000E+00  0.000E+00  0.000E+00  0.000E+00  0.000E+00  0.000E+00  0.000E+00  0.000E+00  0.000E+00  0.000E+00  0.000E+00  0.000E+00  0.000E+00  0.000E+00  0.000E+00  0.000E+00  0.000E+00  0.000E+00  0.000E+00  0.000E+00  0.000E+00  0.000E+00  0.000E+00  0.000E+00  0.000E+00  0.000E+00  0.000E+00  0.000E+00  0.000E+00  0.000E+00  0.000E+00  0.000E+00  0.000E+00  0.000E+00  0.000E+00  0.000E+00  0.000E+00  0.000E+00  0.000E+00  0.000E+00  0.000E+00  0.000E+00  0.000E+00  0.000E+00  0.000E+00  0.000E+00  0.000E+00  0.000E+00  0.000E+00  0.000E+00  0.000E+00  0.000E+00  0.000E+00  0.000E+00  0.000E+00  0.000E+00  0.000E+00  0.000E+00  0.000E+00  0.000E+00  0.000E+00  0.000E+00  0.000E+00  0.000E+00  0.000E+00  0.000E+00  0.000E+00  0.000E+00  0.000E+00  0.000E+00  0.000E+00  0.000E+00  0.000E+00  0.000E+00  0.000E+00  0.000E+00  0.000E+00  0.000E+00  0.000E+00  0.000E+00  0.000E+00  0.000E+00  0.000E+00  0.000E+00  0.000E+00  0.000E+00  0.000E+00  0.000E+00  0.000E+00  0.000E+00  0.000E+00  Z
 0.000E+00  0.000E+00  0.000E+00  0.000E+00  0.000E+00  0.000E+00  0.000E+00  0.000E+00  0.000E+00  0.000E+00  0.000E+00  0.000E+00  0.000E+00  0.000E+00  0.000E+00  0.000E+00  0.000E+00  0.000E+00  0.000E+00  0.000E+00  0.000E+00  0.000E+00  0.000E+00  0.000E+00  0.000E+00  0.000E+00  0.000E+00  0.000E+00  0.000E+00  0.000E+00  0.000E+00  0.000E+00  0.000E+00  0.000E+00  0.000E+00  0.000E+00  0.000E+00  0.000E+00  0.000E+00  0.000E+00  0.000E+00  0.000E+00  0.000E+00  0.000E+00  0.000E+00  0.000E+00  0.000E+00  0.000E+00  0.000E+00  0.000E+00  0.000E+00  0.000E+00  0.000E+00  0.000E+00  0.000E+00  0.000E+00  0.000E+00  0.000E+00  0.000E+00  0.000E+00  0.000E+00  0.000E+00  0.000E+00  0.000E+00  0.000E+00  0.000E+00  0.000E+00  0.000E+00  0.000E+00  0.000E+00  0.000E+00  0.000E+00  0.000E+00  0.000E+00  0.000E+00  0.000E+00  0.000E+00  0.000E+00  0.000E+00  0.000E+00  0.000E+00  0.000E+00  0.000E+00  0.000E+00  0.000E+00  0.000E+00  0.000E+00  0.000E+00  0.000E+00  0.000E+00  0.000E+00  0.000E+00  0.000E+00  0.000E+00  0.000E+00  0.000E+00  0.000E+00  0.000E+00  0.000E+00  0.000E+00  0.000E+00  0.000E+00  0.000E+00  0.000E+00  0.000E+00  0.000E+00  0.000E+00  0.000E+00  0.000E+00  0.000E+00  0.000E+00  0.000E+00  0.000E+00  0.000E+00  0.000E+00  0.000E+00  0.000E+00  0.000E+00  0.000E+00  0.000E+00  0.000E+00  0.000E+00  0.000E+00  0.000E+00  0.000E+00  0.000E+00  0.000E+00  0.000E+00  0.000E+00  0.000E+00  0.000E+00  0.000E+00  0.000E+00  0.000E+00  0.000E+00  0.000E+00  0.000E+00  0.000E+00  0.000E+00  0.000E+00  0.000E+00  0.000E+00  0.000E+00  0.000E+00  0.000E+00  0.000E+00  0.000E+00  0.000E+00  0.000E+00  0.000E+00  0.000E+00  0.000E+00  0.000E+00  0.000E+00  0.000E+00  0.000E+00  0.000E+00  0.000E+00  0.000E+00  0.000E+00  0.000E+00  0.000E+00  0.000E+00  0.000E+00  0.000E+00  0.000E+00  0.000E+00  0.000E+00  0.000E+00  0.000E+00  0.000E+00  0.000E+00  0.000E+00  0.000E+00  0.000E+00  0.000E+00  0.000E+00  0.000E+00  0.000E+00  0.000E+00  0.000E+00  0.000E+00  0.000E+00  0.000E+00  0.000E+00  0.000E+00  0.000E+00  0.000E+00  0.000E+00  0.000E+00  0.000E+00  0.000E+00  0.000E+00  0.000E+00  0.000E+00  0.000E+00  0.000E+00  0.000E+00  0.000E+00  0.000E+00  0.000E+00  0.000E+00  0.000E+00  0.000E+00  0.000E+00  0.000E+00  0.000E+00  0.000E+00  0.000E+00  0.000E+00  0.000E+00  0.000E+00  0.000E+00  0.000E+00  0.000E+00  0.000E+00  0.000E+00  0.000E+00  0.000E+00  0.000E+00  0.000E+00  0.000E+00  0.000E+00  0.000E+00  0.000E+00  0.000E+00  0.000E+00  0.000E+00  0.000E+00  0.000E+00  0.000E+00  0.000E+00  0.000E+00  0.000E+00  0.000E+00  0.000E+00  0.000E+00  0.000E+00  0.000E+00  0.000E+00  0.000E+00  0.000E+00  0.000E+00  0.000E+00  0.000E+00  0.000E+00  0.000E+00  0.000E+00  0.000E+00  Z
 0.000E+00  0.000E+00  0.000E+00  0.000E+00  0.000E+00  0.000E+00  0.000E+00  0.000E+00  0.000E+00  0.000E+00  0.000E+00  0.000E+00  0.000E+00  0.000E+00  0.000E+00  0.000E+00  0.000E+00  0.000E+00  0.000E+00  0.000E+00  0.000E+00  0.000E+00  0.000E+00  0.000E+00  0.000E+00  0.000E+00  0.000E+00  0.000E+00  0.000E+00  0.000E+00  0.000E+00  0.000E+00  0.000E+00  0.000E+00  0.000E+00  0.000E+00  0.000E+00  0.000E+00  0.000E+00  0.000E+00  0.000E+00  0.000E+00  0.000E+00  0.000E+00  0.000E+00  0.000E+00  9.674E-01  0.000E+00  Z
 0.000E+00  0.000E+00  0.000E+00  0.000E+00  0.000E+00  0.000E+00  0.000E+00  0.000E+00  0.000E+00  0.000E+00  0.000E+00  0.000E+00  0.000E+00  0.000E+00  0.000E+00  0.000E+00  0.000E+00  0.000E+00  0.000E+00  0.000E+00  0.000E+00  0.000E+00  0.000E+00  0.000E+00  0.000E+00  0.000E+00  0.000E+00  0.000E+00  0.000E+00  0.000E+00  0.000E+00  0.000E+00  0.000E+00  5.844E-03  1.574E-02  2.104E-02  2.495E-02  3.042E-02  3.264E-02  3.767E-02  3.992E-02  4.401E-02  4.709E-02  5.545E-02  6.020E-02  6.155E-02  6.161E-02  6.266E-02  6.310E-02  6.487E-02  6.400E-02  6.372E-02  6.474E-02  6.525E-02  6.515E-02  6.205E-02  6.374E-02  6.375E-02  6.090E-02  6.138E-02  6.021E-02  6.075E-02  5.883E-02  5.919E-02  5.566E-02  5.651E-02  5.430E-02  5.297E-02  4.970E-02  5.081E-02  4.862E-02  4.567E-02  4.470E-02  4.408E-02  4.142E-02  3.885E-02  3.865E-02  3.614E-02  3.431E-02  3.306E-02  3.163E-02  2.914E-02  2.798E-02  2.657E-02  2.527E-02  2.290E-02  2.117E-02  2.054E-02  1.959E-02  1.861E-02  1.674E-02  1.583E-02  1.478E-02  1.352E-02  1.270E-02  1.227E-02  1.084E-02  9.764E-03  9.474E-03  8.569E-03  8.026E-03  7.029E-03  6.810E-03  6.442E-03  5.848E-03  4.918E-03  5.100E-03  4.411E-03  3.986E-03  3.740E-03  3.475E-03  3.116E-03  2.628E-03  2.724E-03  2.047E-03  2.214E-03  2.061E-03  1.876E-03  1.619E-03  1.381E-03  1.304E-03  1.146E-03  1.055E-03  9.543E-04  1.025E-03  7.890E-04  7.544E-04  5.572E-04  7.009E-04  5.843E-04  4.788E-04  3.985E-04  3.846E-04  3.470E-04  3.033E-04  3.236E-04  2.881E-04  2.098E-04  2.091E-04  1.316E-04  1.793E-04  1.034E-04  1.235E-04  1.227E-04  8.111E-05  1.018E-04  7.514E-05  1.073E-04  9.393E-05  8.555E-05  1.004E-04  2.656E-05  3.949E-05  3.944E-05  2.654E-05  4.583E-05  2.651E-05  4.527E-05  4.496E-05  3.225E-05  2.609E-05  1.297E-05  6.538E-06  4.546E-05  1.262E-05  0.000E+00  Z
 0.000E+00  0.000E+00  0.000E+00  0.000E+00  0.000E+00  0.000E+00  0.000E+00  0.000E+00  0.000E+00  0.000E+00  0.000E+00  0.000E+00  0.000E+00  0.000E+00  0.000E+00  0.000E+00  0.000E+00  0.000E+00  0.000E+00  0.000E+00  0.000E+00  0.000E+00  0.000E+00  0.000E+00  0.000E+00  0.000E+00  0.000E+00  0.000E+00  0.000E+00  5.931E-05  3.622E-03  9.277E-03  1.291E-02  1.564E-02  2.014E-02  2.282E-02  2.796E-02  3.784E-02  4.278E-02  4.341E-02  4.572E-02  4.777E-02  5.058E-02  5.231E-02  5.361E-02  5.385E-02  5.810E-02  5.891E-02  6.057E-02  6.176E-02  6.376E-02  6.536E-02  6.681E-02  6.556E-02  6.865E-02  6.936E-02  6.878E-02  6.961E-02  6.939E-02  6.954E-02  7.000E-02  6.943E-02  6.784E-02  6.806E-02  6.641E-02  6.578E-02  6.273E-02  6.119E-02  5.946E-02  5.835E-02  5.619E-02  5.500E-02  5.197E-02  5.178E-02  5.070E-02  4.772E-02  4.503E-02  4.321E-02  4.200E-02  3.993E-02  3.842E-02  3.557E-02  3.365E-02  3.236E-02  3.018E-02  2.850E-02  2.641E-02  2.607E-02  2.311E-02  2.142E-02  1.996E-02  1.979E-02  1.805E-02  1.637E-02  1.543E-02  1.473E-02  1.350E-02  1.266E-02  1.124E-02  1.018E-02  1.008E-02  8.953E-03  8.250E-03  7.471E-03  7.047E-03  6.050E-03  5.733E-03  5.213E-03  5.136E-03  4.474E-03  4.102E-03  3.611E-03  3.414E-03  2.883E-03  3.067E-03  2.861E-03  2.393E-03  2.213E-03  1.953E-03  1.703E-03  1.746E-03  1.486E-03  1.310E-03  1.082E-03  1.092E-03  9.411E-04  8.209E-04  7.920E-04  7.854E-04  6.315E-04  6.733E-04  4.339E-04  5.484E-04  4.605E-04  3.868E-04  3.729E-04  3.225E-04  3.073E-04  1.742E-04  1.878E-04  1.518E-04  1.786E-04  2.126E-04  1.702E-04  8.890E-05  1.151E-04  1.014E-04  9.372E-05  1.342E-04  6.018E-05  6.661E-05  1.359E-05  3.946E-05  4.630E-05  3.941E-05  2.654E-05  3.278E-05  3.890E-05  2.617E-05  3.231E-05  2.528E-05  1.917E-05  2.564E-05  6.585E-06  0.000E+00  Z
 0.000E+00  0.000E+00  0.000E+00  0.000E+00  0.000E+00  0.000E+00  0.000E+00  0.000E+00  0.000E+00  0.000E+00  0.000E+00  0.000E+00  0.000E+00  0.000E+00  1.714E-04  1.265E-03  1.689E-03  2.539E-03  3.478E-03  4.864E-03  7.107E-03  9.058E-03  1.104E-02  1.350E-02  1.560E-02  1.808E-02  2.084E-02  2.394E-02  2.658E-02  3.117E-02  3.361E-02  3.624E-02  4.024E-02  4.470E-02  4.889E-02  5.287E-02  5.813E-02  6.061E-02  6.331E-02  6.863E-02  7.181E-02  7.705E-02  8.058E-02  8.209E-02  8.628E-02  8.823E-02  9.102E-02  9.531E-02  9.739E-02  1.014E-01  1.014E-01  1.039E-01  1.077E-01  1.084E-01  1.105E-01  1.098E-01  1.142E-01  1.134E-01  1.133E-01  1.154E-01  1.129E-01  1.163E-01  1.167E-01  1.160E-01  1.182E-01  1.163E-01  1.145E-01  1.161E-01  1.169E-01  1.158E-01  1.138E-01  1.138E-01  1.129E-01  1.119E-01  1.102E-01  1.088E-01  1.056E-01  1.036E-01  1.016E-01  9.935E-02  9.666E-02  9.258E-02  9.362E-02  8.906E-02  8.553E-02  8.223E-02  7.975E-02  7.667E-02  7.394E-02  6.965E-02  6.733E-02  6.329E-02  6.007E-02  5.791E-02  5.393E-02  4.967E-02  4.818E-02  4.549E-02  4.160E-02  3.972E-02  3.730E-02  3.381E-02  3.283E-02  2.981E-02  2.778E-02  2.571E-02  2.390E-02  2.199E-02  2.110E-02  1.840E-02  1.834E-02  1.551E-02  1.493E-02  1.370E-02  1.197E-02  1.097E-02  1.030E-02  9.256E-03  8.437E-03  7.655E-03  7.405E-03  6.551E-03  6.226E-03  5.255E-03  5.335E-03  4.114E-03  4.035E-03  3.708E-03  3.283E-03  3.092E-03  2.644E-03  2.597E-03  2.371E-03  2.151E-03  1.818E-03  1.514E-03  1.566E-03  1.376E-03  1.328E-03  1.008E-03  1.048E-03  8.462E-04  8.300E-04  6.889E-04  7.706E-04  6.181E-04  4.336E-04  4.483E-04  3.705E-04  2.999E-04  3.591E-04  3.322E-04  1.845E-04  1.903E-04  1.965E-04  2.035E-04  2.220E-04  1.240E-04  1.041E-04  1.156E-04  1.303E-04  1.020E-04  6.303E-05  3.149E-05  8.383E-05  1.264E-04  5.699E-05  5.701E-05  3.781E-05  1.862E-05  6.091E-06  3.801E-05  1.893E-05  2.503E-05  3.115E-05  1.259E-05  3.118E-05  3.721E-05  0.000E+00  Z
 0.000E+00  0.000E+00  0.000E+00  0.000E+00  0.000E+00  0.000E+00  0.000E+00  0.000E+00  2.797E-05  3.445E-04  4.041E-04  1.132E-03  1.502E-03  2.091E-03  2.489E-03  3.484E-03  4.987E-03  6.385E-03  8.282E-03  1.003E-02  1.320E-02  1.491E-02  1.766E-02  2.027E-02  2.374E-02  2.806E-02  3.132E-02  3.561E-02  3.856E-02  4.342E-02  4.840E-02  5.105E-02  5.598E-02  6.296E-02  6.671E-02  7.308E-02  7.854E-02  8.283E-02  8.716E-02  9.213E-02  9.718E-02  1.004E-01  1.050E-01  1.136E-01  1.154E-01  1.192E-01  1.229E-01  1.276E-01  1.303E-01  1.354E-01  1.377E-01  1.416E-01  1.437E-01  1.484E-01  1.499E-01  1.538E-01  1.570E-01  1.583E-01  1.600E-01  1.640E-01  1.645E-01  1.644E-01  1.682E-01  1.684E-01  1.699E-01  1.668E-01  1.693E-01  1.692E-01  1.688E-01  1.697E-01  1.675E-01  1.655E-01  1.657E-01  1.646E-01  1.613E-01  1.618E-01  1.587E-01  1.569E-01  1.547E-01  1.536E-01  1.486E-01  1.470E-01  1.429E-01  1.411E-01  1.376E-01  1.369E-01  1.319E-01  1.256E-01  1.249E-01  1.216E-01  1.168E-01  1.125E-01  1.088E-01  1.039E-01  9.874E-02  9.565E-02  8.969E-02  8.652E-02  8.200E-02  7.825E-02  7.362E-02  6.967E-02  6.602E-02  6.211E-02  5.771E-02  5.491E-02  5.094E-02  4.723E-02  4.459E-02  4.174E-02  3.794E-02  3.562E-02  3.320E-02  3.053E-02  2.865E-02  2.558E-02  2.439E-02  2.211E-02  2.069E-02  1.889E-02  1.702E-02  1.535E-02  1.429E-02  1.325E-02  1.223E-02  1.102E-02  1.012E-02  9.209E-03  8.694E-03  7.530E-03  6.744E-03  6.560E-03  5.841E-03  5.264E-03  4.491E-03  4.097E-03  3.611E-03  3.146E-03  3.026E-03  2.830E-03  2.600E-03  2.259E-03  2.080E-03  1.763E-03  1.842E-03  1.459E-03  1.266E-03  1.025E-03  1.108E-03  9.606E-04  7.264E-04  7.737E-04  7.181E-04  6.150E-04  5.661E-04  4.605E-04  5.572E-04  2.545E-04  2.986E-04  3.967E-04  2.765E-04  1.922E-04  2.248E-04  2.235E-04  1.637E-04  1.533E-04  1.648E-04  1.138E-04  1.262E-04  1.001E-04  8.128E-05  6.787E-05  7.506E-05  6.210E-05  4.918E-05  3.732E-05  4.297E-05  3.052E-05  3.081E-05  4.278E-05  1.247E-05  0.000E+00  Z
 0.000E+00  0.000E+00  0.000E+00  0.000E+00  0.000E+00  6.960E-05  2.884E-04  3.579E-04  7.284E-04  1.168E-03  1.638E-03  2.290E-03  2.775E-03  4.071E-03  4.852E-03  6.081E-03  7.340E-03  8.651E-03  1.037E-02  1.329E-02  1.399E-02  1.844E-02  2.055E-02  2.466E-02  2.740E-02  3.098E-02  3.710E-02  4.008E-02  4.398E-02  4.857E-02  5.309E-02  5.938E-02  6.432E-02  7.123E-02  7.595E-02  8.331E-02  8.913E-02  9.515E-02  1.004E-01  1.074E-01  1.115E-01  1.185E-01  1.269E-01  1.336E-01  1.369E-01  1.425E-01  1.495E-01  1.546E-01  1.609E-01  1.661E-01  1.702E-01  1.765E-01  1.819E-01  1.868E-01  1.948E-01  1.997E-01  2.070E-01  2.087E-01  2.133E-01  2.166E-01  2.261E-01  2.277E-01  2.312E-01  2.365E-01  2.381E-01  2.406E-01  2.446E-01  2.468E-01  2.523E-01  2.506E-01  2.554E-01  2.546E-01  2.522E-01  2.539E-01  2.548E-01  2.530E-01  2.531E-01  2.523E-01  2.481E-01  2.477E-01  2.459E-01  2.441E-01  2.387E-01  2.373E-01  2.305E-01  2.313E-01  2.255E-01  2.200E-01  2.172E-01  2.105E-01  2.094E-01  2.034E-01  1.988E-01  1.928E-01  1.868E-01  1.836E-01  1.769E-01  1.712E-01  1.633E-01  1.588E-01  1.547E-01  1.482E-01  1.407E-01  1.364E-01  1.297E-01  1.253E-01  1.176E-01  1.129E-01  1.065E-01  9.955E-02  9.496E-02  8.965E-02  8.439E-02  7.910E-02  7.313E-02  6.907E-02  6.451E-02  5.975E-02  5.527E-02  5.299E-02  4.893E-02  4.515E-02  4.253E-02  3.900E-02  3.500E-02  3.192E-02  2.967E-02  2.754E-02  2.567E-02  2.232E-02  2.041E-02  1.896E-02  1.759E-02  1.603E-02  1.481E-02  1.317E-02  1.205E-02  1.121E-02  9.841E-03  8.808E-03  8.020E-03  7.120E-03  6.470E-03  5.806E-03  5.204E-03  4.928E-03  4.471E-03  3.963E-03  3.341E-03  2.876E-03  2.821E-03  2.625E-03  2.373E-03  2.103E-03  1.665E-03  1.744E-03  1.519E-03  1.291E-03  1.148E-03  1.003E-03  7.483E-04  7.473E-04  6.289E-04  7.377E-04  6.190E-04  5.644E-04  4.958E-04  4.807E-04  3.517E-04  2.257E-04  2.194E-04  2.377E-04  2.300E-04  2.717E-04  2.105E-04  1.166E-04  1.714E-04  1.116E-04  9.148E-05  9.712E-05  1.345E-04  1.217E-04  7.863E-05  6.609E-05  5.439E-05  2.413E-05  2.383E-05  2.950E-05  1.804E-05  1.186E-05  5.820E-06  1.190E-05  1.197E-05  2.917E-05  1.763E-05  1.748E-05  1.771E-05  0.000E+00  Z
 0.000E+00  0.000E+00  0.000E+00  0.000E+00  1.536E-04  3.479E-04  2.239E-04  3.582E-04  7.002E-04  1.274E-03  1.336E-03  1.953E-03  2.336E-03  3.715E-03  4.016E-03  5.893E-03  7.580E-03  9.319E-03  9.846E-03  1.211E-02  1.582E-02  1.773E-02  2.086E-02  2.385E-02  2.701E-02  3.027E-02  3.478E-02  3.921E-02  4.428E-02  5.116E-02  5.342E-02  6.047E-02  6.362E-02  7.040E-02  7.725E-02  8.363E-02  8.819E-02  9.615E-02  1.012E-01  1.086E-01  1.156E-01  1.206E-01  1.275E-01  1.362E-01  1.430E-01  1.484E-01  1.565E-01  1.639E-01  1.684E-01  1.756E-01  1.818E-01  1.905E-01  1.967E-01  2.036E-01  2.137E-01  2.207E-01  2.237E-01  2.339E-01  2.382E-01  2.470E-01  2.561E-01  2.590E-01  2.686E-01  2.747E-01  2.804E-01  2.858E-01  2.928E-01  2.984E-01  3.018E-01  3.058E-01  3.113E-01  3.135E-01  3.163E-01  3.201E-01  3.255E-01  3.249E-01  3.231E-01  3.259E-01  3.271E-01  3.259E-01  3.274E-01  3.279E-01  3.273E-01  3.258E-01  3.239E-01  3.213E-01  3.224E-01  3.181E-01  3.118E-01  3.073E-01  3.026E-01  2.974E-01  2.956E-01  2.898E-01  2.820E-01  2.767E-01  2.719E-01  2.661E-01  2.600E-01  2.543E-01  2.465E-01  2.381E-01  2.318E-01  2.240E-01  2.178E-01  2.073E-01  2.017E-01  1.940E-01  1.852E-01  1.795E-01  1.700E-01  1.615E-01  1.544E-01  1.484E-01  1.393E-01  1.327E-01  1.268E-01  1.178E-01  1.134E-01  1.040E-01  9.791E-02  9.507E-02  8.729E-02  8.064E-02  7.558E-02  6.999E-02  6.459E-02  6.059E-02  5.483E-02  5.174E-02  4.760E-02  4.429E-02  3.991E-02  3.747E-02  3.401E-02  3.081E-02  2.806E-02  2.577E-02  2.367E-02  2.098E-02  1.957E-02  1.736E-02  1.603E-02  1.461E-02  1.306E-02  1.232E-02  1.085E-02  9.547E-03  8.942E-03  7.850E-03  7.132E-03  6.112E-03  5.992E-03  5.049E-03  4.907E-03  3.786E-03  3.908E-03  3.078E-03  2.991E-03  2.540E-03  2.390E-03  2.253E-03  2.025E-03  1.798E-03  1.490E-03  1.348E-03  1.257E-03  1.050E-03  1.060E-03  8.861E-04  7.057E-04  6.956E-04  5.967E-04  4.918E-04  5.090E-04  3.506E-04  3.812E-04  3.181E-04  2.999E-04  2.493E-04  2.017E-04  1.710E-04  1.506E-04  1.208E-04  1.263E-04  1.021E-04  6.529E-05  3.585E-05  5.979E-05  9.455E-05  7.550E-05  5.900E-05  5.381E-05  3.476E-05  7.669E-05  2.298E-05  2.334E-05  2.902E-05  2.315E-05  1.147E-05  1.127E-05  2.308E-05  1.705E-05  2.347E-05  1.712E-05  1.117E-05  1.699E-05  0.000E+00  Z
 0.000E+00  0.000E+00  5.162E-05  0.000E+00  3.870E-05  2.440E-04  3.204E-04  4.778E-04  6.439E-04  8.477E-04  1.514E-03  1.974E-03  2.450E-03  3.602E-03  4.636E-03  4.962E-03  6.979E-03  8.111E-03  9.423E-03  1.235E-02  1.391E-02  1.599E-02  2.022E-02  2.156E-02  2.507E-02  2.971E-02  3.287E-02  3.737E-02  4.187E-02  4.683E-02  5.177E-02  5.776E-02  6.147E-02  6.897E-02  7.398E-02  7.816E-02  8.756E-02  9.340E-02  1.019E-01  1.071E-01  1.144E-01  1.183E-01  1.274E-01  1.322E-01  1.407E-01  1.473E-01  1.555E-01  1.638E-01  1.696E-01  1.752E-01  1.831E-01  1.924E-01  2.019E-01  2.076E-01  2.139E-01  2.249E-01  2.335E-01  2.435E-01  2.514E-01  2.592E-01  2.699E-01  2.755E-01  2.811E-01  2.957E-01  3.013E-01  3.085E-01  3.144E-01  3.241E-01  3.286E-01  3.349E-01  3.417E-01  3.446E-01  3.515E-01  3.571E-01  3.594E-01  3.663E-01  3.685E-01  3.753E-01  3.751E-01  3.806E-01  3.804E-01  3.831E-01  3.839E-01  3.874E-01  3.846E-01  3.862E-01  3.876E-01  3.841E-01  3.846E-01  3.799E-01  3.790E-01  3.743E-01  3.727E-01  3.669E-01  3.621E-01  3.585E-01  3.519E-01  3.469E-01  3.412E-01  3.326E-01  3.293E-01  3.152E-01  3.116E-01  3.008E-01  2.969E-01  2.853E-01  2.792E-01  2.684E-01  2.583E-01  2.516E-01  2.419E-01  2.355E-01  2.219E-01  2.147E-01  2.075E-01  2.015E-01  1.885E-01  1.788E-01  1.701E-01  1.615E-01  1.554E-01  1.454E-01  1.353E-01  1.294E-01  1.204E-01  1.139E-01  1.085E-01  9.858E-02  9.213E-02  8.715E-02  8.003E-02  7.516E-02  6.819E-02  6.426E-02  5.768E-02  5.389E-02  4.867E-02  4.668E-02  4.215E-02  3.848E-02  3.529E-02  3.162E-02  2.921E-02  2.619E-02  2.373E-02  2.215E-02  2.046E-02  1.789E-02  1.650E-02  1.470E-02  1.329E-02  1.181E-02  1.141E-02  9.895E-03  9.036E-03  8.013E-03  6.711E-03  6.221E-03  5.341E-03  4.949E-03  4.390E-03  4.096E-03  3.457E-03  3.199E-03  3.017E-03  2.577E-03  2.374E-03  1.962E-03  1.725E-03  1.688E-03  1.424E-03  1.174E-03  1.020E-03  1.077E-03  7.609E-04  6.221E-04  6.458E-04  6.408E-04  5.522E-04  6.065E-04  3.485E-04  3.692E-04  2.435E-04  3.621E-04  2.426E-04  2.101E-04  2.115E-04  1.905E-04  1.840E-04  1.304E-04  1.240E-04  1.245E-04  5.898E-05  1.006E-04  9.393E-05  5.258E-05  5.870E-05  6.482E-05  5.731E-05  8.177E-05  2.290E-05  4.603E-05  6.892E-05  2.309E-05  4.579E-05  1.697E-05  2.336E-05  2.235E-05  5.479E-06  0.000E+00  Z
 0.000E+00  0.000E+00  0.000E+00  8.755E-05  7.696E-05  2.438E-04  2.561E-04  5.069E-04  6.170E-04  9.822E-04  1.361E-03  1.904E-03  2.472E-03  3.515E-03  4.422E-03  5.312E-03  6.560E-03  8.032E-03  1.024E-02  1.195E-02  1.400E-02  1.616E-02  1.965E-02  2.295E-02  2.552E-02  2.984E-02  3.332E-02  3.667E-02  4.075E-02  4.653E-02  5.081E-02  5.697E-02  6.206E-02  6.957E-02  7.509E-02  8.126E-02  8.684E-02  9.347E-02  9.890E-02  1.079E-01  1.107E-01  1.179E-01  1.259E-01  1.367E-01  1.391E-01  1.460E-01  1.565E-01  1.632E-01  1.688E-01  1.769E-01  1.862E-01  1.916E-01  2.039E-01  2.076E-01  2.186E-01  2.289E-01  2.342E-01  2.451E-01  2.528E-01  2.607E-01  2.731E-01  2.757E-01  2.875E-01  2.948E-01  3.034E-01  3.056E-01  3.154E-01  3.274E-01  3.295E-01  3.377E-01  3.413E-01  3.517E-01  3.562E-01  3.595E-01  3.666E-01  3.690E-01  3.742E-01  3.776E-01  3.792E-01  3.837E-01  3.872E-01  3.877E-01  3.920E-01  3.903E-01  3.909E-01  3.911E-01  3.926E-01  3.863E-01  3.850E-01  3.914E-01  3.888E-01  3.814E-01  3.790E-01  3.753E-01  3.724E-01  3.647E-01  3.618E-01  3.546E-01  3.487E-01  3.436E-01  3.362E-01  3.297E-01  3.225E-01  3.159E-01  3.071E-01  2.986E-01  2.891E-01  2.816E-01  2.719E-01  2.619E-01  2.532E-01  2.427E-01  2.353E-01  2.227E-01  2.156E-01  2.062E-01  1.958E-01  1.891E-01  1.788E-01  1.709E-01  1.605E-01  1.513E-01  1.448E-01  1.365E-01  1.274E-01  1.207E-01  1.124E-01  1.037E-01  9.912E-02  9.171E-02  8.579E-02  7.974E-02  7.392E-02  6.791E-02  6.220E-02  5.834E-02  5.328E-02  4.919E-02  4.540E-02  4.035E-02  3.697E-02  3.473E-02  3.133E-02  2.835E-02  2.610E-02  2.316E-02  2.161E-02  1.924E-02  1.739E-02  1.593E-02  1.419E-02  1.219E-02  1.207E-02  1.078E-02  9.446E-03  9.038E-03  7.658E-03  6.677E-03  6.281E-03  5.528E-03  4.927E-03  4.533E-03  3.757E-03  3.674E-03  3.202E-03  2.715E-03  2.540E-03  2.490E-03  1.863E-03  1.755E-03  1.545E-03  1.457E-03  1.072E-03  1.260E-03  9.850E-04  9.249E-04  8.150E-04  5.511E-04  4.968E-04  5.367E-04  4.891E-04  3.833E-04  3.876E-04  3.684E-04  2.880E-04  3.374E-04  1.863E-04  2.032E-04  1.742E-04  1.069E-04  1.421E-04  8.810E-05  1.538E-04  9.995E-05  8.207E-05  7.076E-05  7.599E-05  2.890E-05  5.205E-05  5.261E-05  3.438E-05  4.588E-05  1.172E-05  2.343E-05  2.286E-05  5.745E-06  5.484E-06  1.719E-05  1.135E-05  1.104E-05  1.679E-05  1.124E-05  5.496E-06  0.000E+00  Z
 0.000E+00  0.000E+00  0.000E+00  8.746E-05  3.832E-05  2.095E-04  3.205E-04  5.363E-04  7.577E-04  1.220E-03  1.288E-03  1.662E-03  2.636E-03  3.535E-03  4.334E-03  4.898E-03  6.118E-03  8.034E-03  9.559E-03  1.157E-02  1.383E-02  1.648E-02  1.876E-02  2.261E-02  2.508E-02  2.987E-02  3.298E-02  3.728E-02  4.196E-02  4.679E-02  5.116E-02  5.596E-02  6.130E-02  6.789E-02  7.240E-02  7.921E-02  8.822E-02  9.223E-02  9.942E-02  1.064E-01  1.135E-01  1.204E-01  1.270E-01  1.348E-01  1.420E-01  1.486E-01  1.565E-01  1.612E-01  1.705E-01  1.800E-01  1.869E-01  1.911E-01  1.991E-01  2.092E-01  2.170E-01  2.265E-01  2.344E-01  2.430E-01  2.540E-01  2.625E-01  2.724E-01  2.758E-01  2.871E-01  2.956E-01  3.059E-01  3.126E-01  3.195E-01  3.250E-01  3.331E-01  3.412E-01  3.470E-01  3.521E-01  3.591E-01  3.679E-01  3.685E-01  3.745E-01  3.801E-01  3.847E-01  3.878E-01  3.896E-01  3.934E-01  3.951E-01  3.994E-01  4.010E-01  4.035E-01  4.029E-01  4.032E-01  4.009E-01  4.001E-01  3.962E-01  3.959E-01  3.916E-01  3.917E-01  3.852E-01  3.814E-01  3.799E-01  3.761E-01  3.689E-01  3.597E-01  3.548E-01  3.519E-01  3.423E-01  3.357E-01  3.259E-01  3.167E-01  3.100E-01  3.004E-01  2.924E-01  2.824E-01  2.740E-01  2.648E-01  2.563E-01  2.465E-01  2.371E-01  2.278E-01  2.170E-01  2.098E-01  1.983E-01  1.892E-01  1.801E-01  1.698E-01  1.634E-01  1.531E-01  1.449E-01  1.374E-01  1.282E-01  1.197E-01  1.127E-01  1.040E-01  9.713E-02  9.218E-02  8.771E-02  7.936E-02  7.308E-02  6.718E-02  6.179E-02  5.682E-02  5.385E-02  4.851E-02  4.484E-02  4.122E-02  3.683E-02  3.362E-02  3.087E-02  2.814E-02  2.548E-02  2.253E-02  2.125E-02  1.965E-02  1.725E-02  1.578E-02  1.362E-02  1.274E-02  1.124E-02  1.048E-02  8.929E-03  8.323E-03  7.442E-03  6.657E-03  6.249E-03  5.215E-03  4.765E-03  4.258E-03  3.942E-03  3.597E-03  3.228E-03  2.621E-03  2.265E-03  2.238E-03  1.909E-03  1.758E-03  1.438E-03  1.426E-03  1.167E-03  1.118E-03  9.759E-04  7.843E-04  9.574E-04  5.324E-04  5.821E-04  4.442E-04  4.822E-04  3.649E-04  3.181E-04  3.313E-04  3.011E-04  2.637E-04  2.581E-04  1.541E-04  1.665E-04  1.595E-04  1.419E-04  1.124E-04  1.072E-04  1.424E-04  7.533E-05  5.790E-05  4.096E-05  6.424E-05  5.229E-05  5.266E-05  1.719E-05  3.400E-05  2.284E-05  2.285E-05  3.428E-05  1.109E-05  2.259E-05  2.290E-05  1.149E-05  1.134E-05  2.261E-05  1.113E-05  5.434E-06  1.094E-05  5.661E-06  5.477E-06  0.000E+00  Z
 0.000E+00  0.000E+00  0.000E+00  0.000E+00  1.151E-04  1.742E-04  3.203E-04  2.089E-04  6.439E-04  1.247E-03  1.537E-03  1.809E-03  2.795E-03  3.044E-03  3.757E-03  5.273E-03  6.395E-03  7.813E-03  9.730E-03  1.176E-02  1.394E-02  1.612E-02  1.850E-02  2.264E-02  2.500E-02  2.809E-02  3.295E-02  3.686E-02  4.111E-02  4.706E-02  5.141E-02  5.792E-02  6.138E-02  6.842E-02  7.322E-02  8.004E-02  8.869E-02  9.217E-02  9.819E-02  1.039E-01  1.130E-01  1.191E-01  1.263E-01  1.341E-01  1.381E-01  1.485E-01  1.535E-01  1.604E-01  1.686E-01  1.790E-01  1.853E-01  1.911E-01  1.992E-01  2.122E-01  2.184E-01  2.265E-01  2.390E-01  2.416E-01  2.564E-01  2.598E-01  2.702E-01  2.813E-01  2.881E-01  2.945E-01  3.064E-01  3.096E-01  3.220E-01  3.254E-01  3.361E-01  3.399E-01  3.458E-01  3.542E-01  3.580E-01  3.677E-01  3.730E-01  3.790E-01  3.786E-01  3.851E-01  3.915E-01  3.901E-01  3.989E-01  3.974E-01  3.980E-01  3.997E-01  4.030E-01  4.033E-01  4.019E-01  4.006E-01  4.021E-01  3.989E-01  4.002E-01  3.950E-01  3.937E-01  3.877E-01  3.869E-01  3.789E-01  3.766E-01  3.707E-01  3.605E-01  3.615E-01  3.499E-01  3.452E-01  3.360E-01  3.278E-01  3.193E-01  3.134E-01  3.045E-01  2.940E-01  2.870E-01  2.768E-01  2.679E-01  2.558E-01  2.471E-01  2.381E-01  2.274E-01  2.191E-01  2.108E-01  2.004E-01  1.925E-01  1.831E-01  1.736E-01  1.635E-01  1.540E-01  1.469E-01  1.374E-01  1.288E-01  1.229E-01  1.147E-01  1.068E-01  9.875E-02  9.260E-02  8.640E-02  8.012E-02  7.373E-02  6.846E-02  6.340E-02  5.814E-02  5.362E-02  4.964E-02  4.545E-02  4.147E-02  3.740E-02  3.399E-02  3.143E-02  2.893E-02  2.527E-02  2.402E-02  2.208E-02  1.927E-02  1.758E-02  1.556E-02  1.370E-02  1.319E-02  1.176E-02  1.045E-02  9.147E-03  8.476E-03  7.575E-03  6.475E-03  6.381E-03  5.352E-03  5.028E-03  4.505E-03  4.071E-03  3.632E-03  3.062E-03  2.808E-03  2.534E-03  2.320E-03  1.929E-03  1.851E-03  1.550E-03  1.458E-03  1.193E-03  1.115E-03  9.060E-04  7.691E-04  7.443E-04  6.952E-04  6.814E-04  5.233E-04  4.847E-04  4.052E-04  2.955E-04  2.938E-04  2.707E-04  2.754E-04  1.894E-04  1.662E-04  1.412E-04  1.348E-04  1.295E-04  9.407E-05  8.165E-05  1.182E-04  6.433E-05  5.915E-05  3.565E-05  1.098E-04  2.884E-05  6.357E-05  2.883E-05  2.868E-05  1.664E-05  2.279E-05  1.675E-05  2.811E-05  2.304E-05  2.811E-05  3.453E-05  1.110E-05  1.148E-05  5.613E-06  0.000E+00  Z
 0.000E+00  0.000E+00  5.156E-05  8.738E-05  7.729E-05  1.041E-04  5.124E-04  3.879E-04  9.526E-04  1.034E-03  1.362E-03  1.902E-03  2.749E-03  3.267E-03  3.947E-03  4.898E-03  5.729E-03  7.712E-03  9.726E-03  1.129E-02  1.406E-02  1.647E-02  1.677E-02  2.110E-02  2.418E-02  2.935E-02  3.323E-02  3.616E-02  4.155E-02  4.606E-02  5.183E-02  5.539E-02  6.064E-02  6.756E-02  7.397E-02  7.909E-02  8.576E-02  9.241E-02  9.899E-02  1.061E-01  1.146E-01  1.192E-01  1.250E-01  1.346E-01  1.408E-01  1.458E-01  1.555E-01  1.622E-01  1.707E-01  1.777E-01  1.839E-01  1.957E-01  2.011E-01  2.107E-01  2.185E-01  2.270E-01  2.332E-01  2.442E-01  2.529E-01  2.616E-01  2.712E-01  2.807E-01  2.872E-01  2.948E-01  3.024E-01  3.115E-01  3.195E-01  3.270E-01  3.366E-01  3.457E-01  3.490E-01  3.533E-01  3.662E-01  3.703E-01  3.732E-01  3.806E-01  3.799E-01  3.909E-01  3.899E-01  3.963E-01  3.983E-01  4.007E-01  4.018E-01  4.072E-01  4.062E-01  4.095E-01  4.038E-01  4.082E-01  4.053E-01  4.053E-01  4.029E-01  4.007E-01  3.936E-01  3.955E-01  3.915E-01  3.873E-01  3.831E-01  3.794E-01  3.703E-01  3.629E-01  3.592E-01  3.471E-01  3.442E-01  3.364E-01  3.266E-01  3.197E-01  3.122E-01  3.021E-01  2.922E-01  2.816E-01  2.748E-01  2.650E-01  2.560E-01  2.453E-01  2.353E-01  2.254E-01  2.170E-01  2.067E-01  1.956E-01  1.870E-01  1.758E-01  1.670E-01  1.578E-01  1.488E-01  1.411E-01  1.359E-01  1.249E-01  1.175E-01  1.112E-01  1.026E-01  9.526E-02  8.883E-02  8.371E-02  7.544E-02  7.013E-02  6.521E-02  6.032E-02  5.546E-02  5.104E-02  4.639E-02  4.284E-02  3.906E-02  3.472E-02  3.214E-02  3.021E-02  2.731E-02  2.467E-02  2.224E-02  2.008E-02  1.860E-02  1.627E-02  1.532E-02  1.336E-02  1.189E-02  1.095E-02  1.011E-02  8.716E-03  8.016E-03  7.074E-03  6.125E-03  6.003E-03  5.052E-03  4.769E-03  4.226E-03  3.757E-03  3.176E-03  2.998E-03  2.592E-03  2.234E-03  1.952E-03  1.667E-03  1.641E-03  1.437E-03  1.264E-03  1.212E-03  1.107E-03  7.481E-04  8.415E-04  7.065E-04  5.979E-04  4.909E-04  4.897E-04  3.903E-04  4.567E-04  3.377E-04  2.513E-04  3.227E-04  1.391E-04  2.494E-04  1.972E-04  1.611E-04  1.126E-04  1.351E-04  1.180E-04  1.099E-04  7.530E-05  6.401E-05  7.671E-05  3.495E-05  3.506E-05  2.870E-05  3.414E-05  3.415E-05  2.295E-05  1.142E-05  2.842E-05  1.123E-05  3.423E-05  5.468E-06  1.684E-05  5.640E-06  5.772E-06  2.823E-05  0.000E+00  Z
 0.000E+00  0.000E+00  0.000E+00  0.000E+00  7.725E-05  1.742E-04  3.212E-04  3.585E-04  7.000E-04  8.476E-04  1.389E-03  1.446E-03  2.084E-03  3.136E-03  4.016E-03  5.378E-03  6.070E-03  8.105E-03  1.007E-02  1.183E-02  1.368E-02  1.625E-02  1.864E-02  2.026E-02  2.508E-02  2.826E-02  3.200E-02  3.687E-02  4.154E-02  4.566E-02  5.096E-02  5.741E-02  6.162E-02  6.796E-02  7.357E-02  7.836E-02  8.536E-02  9.130E-02  9.570E-02  1.038E-01  1.138E-01  1.209E-01  1.237E-01  1.315E-01  1.393E-01  1.452E-01  1.543E-01  1.640E-01  1.711E-01  1.772E-01  1.857E-01  1.921E-01  2.034E-01  2.080E-01  2.219E-01  2.257E-01  2.369E-01  2.446E-01  2.524E-01  2.667E-01  2.689E-01  2.821E-01  2.894E-01  3.011E-01  3.074E-01  3.147E-01  3.211E-01  3.309E-01  3.378E-01  3.466E-01  3.522E-01  3.592E-01  3.638E-01  3.700E-01  3.767E-01  3.850E-01  3.849E-01  3.932E-01  3.965E-01  4.024E-01  4.048E-01  4.057E-01  4.079E-01  4.129E-01  4.141E-01  4.114E-01  4.135E-01  4.175E-01  4.133E-01  4.102E-01  4.094E-01  4.086E-01  4.061E-01  4.037E-01  3.969E-01  3.966E-01  3.916E-01  3.866E-01  3.809E-01  3.728E-01  3.660E-01  3.585E-01  3.529E-01  3.458E-01  3.356E-01  3.296E-01  3.214E-01  3.152E-01  3.008E-01  2.955E-01  2.845E-01  2.742E-01  2.658E-01  2.538E-01  2.424E-01  2.359E-01  2.216E-01  2.123E-01  2.062E-01  1.942E-01  1.852E-01  1.756E-01  1.681E-01  1.576E-01  1.472E-01  1.428E-01  1.317E-01  1.232E-01  1.156E-01  1.082E-01  1.017E-01  9.403E-02  8.856E-02  8.065E-02  7.693E-02  7.014E-02  6.306E-02  5.943E-02  5.440E-02  5.071E-02  4.475E-02  4.124E-02  3.873E-02  3.488E-02  3.209E-02  2.862E-02  2.656E-02  2.426E-02  2.150E-02  1.940E-02  1.741E-02  1.633E-02  1.413E-02  1.285E-02  1.187E-02  9.923E-03  9.087E-03  8.382E-03  7.334E-03  7.003E-03  6.190E-03  5.447E-03  5.051E-03  4.292E-03  4.085E-03  3.335E-03  3.006E-03  2.712E-03  2.211E-03  2.107E-03  1.778E-03  1.699E-03  1.465E-03  1.448E-03  1.098E-03  1.072E-03  1.000E-03  9.628E-04  8.011E-04  5.921E-04  5.550E-04  4.753E-04  4.459E-04  3.747E-04  4.103E-04  3.051E-04  2.971E-04  2.392E-04  2.805E-04  2.058E-04  1.953E-04  8.793E-05  1.365E-04  7.055E-05  9.391E-05  1.057E-04  1.050E-04  6.452E-05  7.536E-05  8.158E-05  4.616E-05  2.863E-05  2.799E-05  3.999E-05  3.483E-05  2.307E-05  3.983E-05  5.873E-06  1.145E-05  3.407E-05  1.104E-05  5.846E-06  0.000E+00  Z
 0.000E+00  0.000E+00  0.000E+00  0.000E+00  0.000E+00  2.094E-04  3.195E-04  2.387E-04  5.325E-04  9.292E-04  1.134E-03  1.805E-03  2.172E-03  3.026E-03  3.820E-03  5.478E-03  6.278E-03  7.285E-03  9.630E-03  1.116E-02  1.366E-02  1.546E-02  1.865E-02  2.182E-02  2.473E-02  2.705E-02  3.236E-02  3.484E-02  4.164E-02  4.503E-02  5.083E-02  5.550E-02  6.120E-02  6.642E-02  7.262E-02  7.783E-02  8.452E-02  9.446E-02  9.795E-02  1.044E-01  1.098E-01  1.186E-01  1.254E-01  1.319E-01  1.400E-01  1.466E-01  1.525E-01  1.606E-01  1.699E-01  1.778E-01  1.843E-01  1.966E-01  2.024E-01  2.089E-01  2.189E-01  2.273E-01  2.361E-01  2.465E-01  2.538E-01  2.626E-01  2.738E-01  2.834E-01  2.917E-01  3.026E-01  3.069E-01  3.198E-01  3.236E-01  3.349E-01  3.449E-01  3.525E-01  3.575E-01  3.608E-01  3.688E-01  3.752E-01  3.851E-01  3.868E-01  3.943E-01  4.005E-01  4.030E-01  4.088E-01  4.132E-01  4.163E-01  4.181E-01  4.174E-01  4.224E-01  4.261E-01  4.246E-01  4.261E-01  4.315E-01  4.272E-01  4.259E-01  4.231E-01  4.231E-01  4.220E-01  4.172E-01  4.145E-01  4.091E-01  4.039E-01  3.935E-01  3.910E-01  3.852E-01  3.812E-01  3.715E-01  3.648E-01  3.592E-01  3.485E-01  3.391E-01  3.316E-01  3.212E-01  3.092E-01  3.036E-01  2.919E-01  2.793E-01  2.701E-01  2.617E-01  2.497E-01  2.422E-01  2.294E-01  2.203E-01  2.073E-01  2.015E-01  1.886E-01  1.802E-01  1.698E-01  1.627E-01  1.525E-01  1.432E-01  1.359E-01  1.273E-01  1.181E-01  1.106E-01  1.046E-01  9.638E-02  8.953E-02  8.256E-02  7.678E-02  7.055E-02  6.587E-02  5.936E-02  5.535E-02  5.001E-02  4.704E-02  4.268E-02  3.910E-02  3.530E-02  3.230E-02  2.973E-02  2.663E-02  2.437E-02  2.174E-02  1.955E-02  1.830E-02  1.624E-02  1.446E-02  1.329E-02  1.179E-02  1.090E-02  1.013E-02  8.687E-03  7.792E-03  6.519E-03  6.403E-03  5.706E-03  5.260E-03  4.338E-03  3.946E-03  3.353E-03  3.343E-03  2.878E-03  2.400E-03  2.107E-03  2.040E-03  1.798E-03  1.454E-03  1.569E-03  1.208E-03  1.079E-03  1.013E-03  8.281E-04  7.695E-04  7.590E-04  5.881E-04  4.912E-04  5.321E-04  5.297E-04  3.416E-04  3.300E-04  3.161E-04  2.919E-04  2.023E-04  2.136E-04  2.310E-04  1.421E-04  1.300E-04  1.634E-04  1.052E-04  8.156E-05  5.916E-05  6.367E-05  6.282E-05  6.329E-05  3.427E-05  5.174E-05  5.130E-05  3.410E-05  5.803E-06  2.281E-05  3.952E-05  1.138E-05  1.680E-05  2.258E-05  1.705E-05  0.000E+00  Z
 0.000E+00  0.000E+00  5.157E-05  4.357E-05  3.836E-05  1.043E-04  3.527E-04  3.575E-04  6.461E-04  9.536E-04  1.109E-03  1.541E-03  2.405E-03  2.935E-03  4.054E-03  4.732E-03  6.376E-03  7.621E-03  9.142E-03  1.155E-02  1.258E-02  1.547E-02  1.777E-02  2.180E-02  2.521E-02  2.836E-02  3.223E-02  3.534E-02  3.983E-02  4.339E-02  4.930E-02  5.401E-02  6.026E-02  6.732E-02  7.257E-02  7.860E-02  8.441E-02  9.058E-02  9.738E-02  1.045E-01  1.117E-01  1.170E-01  1.243E-01  1.323E-01  1.399E-01  1.453E-01  1.523E-01  1.613E-01  1.679E-01  1.745E-01  1.843E-01  1.929E-01  1.989E-01  2.087E-01  2.195E-01  2.282E-01  2.377E-01  2.451E-01  2.568E-01  2.638E-01  2.730E-01  2.851E-01  2.918E-01  3.008E-01  3.100E-01  3.224E-01  3.293E-01  3.362E-01  3.455E-01  3.533E-01  3.585E-01  3.680E-01  3.792E-01  3.813E-01  3.881E-01  3.996E-01  4.022E-01  4.052E-01  4.113E-01  4.152E-01  4.190E-01  4.226E-01  4.281E-01  4.323E-01  4.310E-01  4.366E-01  4.356E-01  4.414E-01  4.387E-01  4.390E-01  4.362E-01  4.346E-01  4.395E-01  4.304E-01  4.290E-01  4.311E-01  4.237E-01  4.213E-01  4.149E-01  4.090E-01  4.034E-01  3.976E-01  3.869E-01  3.841E-01  3.744E-01  3.657E-01  3.586E-01  3.478E-01  3.373E-01  3.304E-01  3.191E-01  3.090E-01  3.013E-01  2.882E-01  2.791E-01  2.692E-01  2.561E-01  2.455E-01  2.350E-01  2.250E-01  2.141E-01  2.055E-01  1.954E-01  1.862E-01  1.758E-01  1.669E-01  1.567E-01  1.462E-01  1.376E-01  1.305E-01  1.222E-01  1.128E-01  1.055E-01  9.822E-02  9.152E-02  8.348E-02  7.857E-02  7.280E-02  6.699E-02  6.242E-02  5.537E-02  5.124E-02  4.597E-02  4.382E-02  3.957E-02  3.615E-02  3.199E-02  2.998E-02  2.685E-02  2.423E-02  2.291E-02  2.013E-02  1.791E-02  1.609E-02  1.501E-02  1.312E-02  1.203E-02  1.122E-02  9.531E-03  8.794E-03  7.777E-03  6.775E-03  6.559E-03  5.290E-03  4.970E-03  4.363E-03  4.098E-03  3.394E-03  2.833E-03  2.935E-03  2.223E-03  2.280E-03  1.951E-03  1.707E-03  1.668E-03  1.585E-03  1.238E-03  1.152E-03  1.036E-03  8.397E-04  7.617E-04  6.832E-04  6.740E-04  5.292E-04  4.705E-04  4.499E-04  3.896E-04  3.509E-04  2.733E-04  2.249E-04  1.766E-04  1.602E-04  2.000E-04  1.407E-04  1.010E-04  1.070E-04  1.283E-04  8.114E-05  6.897E-05  4.026E-05  4.601E-05  1.777E-05  3.442E-05  5.236E-05  2.838E-05  2.837E-05  3.450E-05  2.872E-05  1.156E-05  1.699E-05  2.272E-05  1.151E-05  5.454E-06  5.826E-06  1.668E-05  1.686E-05  0.000E+00  Z
 0.000E+00  0.000E+00  0.000E+00  4.355E-05  1.157E-04  2.789E-04  1.915E-04  5.966E-04  5.600E-04  6.889E-04  1.513E-03  1.902E-03  2.243E-03  3.625E-03  4.144E-03  5.333E-03  5.913E-03  7.539E-03  9.198E-03  1.110E-02  1.386E-02  1.636E-02  1.872E-02  2.176E-02  2.411E-02  2.745E-02  3.185E-02  3.419E-02  4.034E-02  4.599E-02  5.063E-02  5.635E-02  6.110E-02  6.616E-02  7.195E-02  7.856E-02  8.415E-02  9.253E-02  9.634E-02  1.041E-01  1.093E-01  1.165E-01  1.253E-01  1.300E-01  1.385E-01  1.447E-01  1.508E-01  1.620E-01  1.714E-01  1.747E-01  1.858E-01  1.917E-01  2.014E-01  2.111E-01  2.200E-01  2.304E-01  2.361E-01  2.471E-01  2.574E-01  2.636E-01  2.756E-01  2.848E-01  2.961E-01  3.021E-01  3.105E-01  3.219E-01  3.296E-01  3.374E-01  3.457E-01  3.537E-01  3.623E-01  3.694E-01  3.776E-01  3.843E-01  3.924E-01  3.973E-01  4.024E-01  4.089E-01  4.141E-01  4.222E-01  4.300E-01  4.268E-01  4.314E-01  4.336E-01  4.400E-01  4.391E-01  4.438E-01  4.461E-01  4.435E-01  4.473E-01  4.451E-01  4.410E-01  4.427E-01  4.383E-01  4.363E-01  4.350E-01  4.308E-01  4.294E-01  4.236E-01  4.217E-01  4.104E-01  4.070E-01  3.956E-01  3.899E-01  3.834E-01  3.751E-01  3.661E-01  3.588E-01  3.477E-01  3.381E-01  3.252E-01  3.192E-01  3.079E-01  2.963E-01  2.878E-01  2.770E-01  2.643E-01  2.540E-01  2.426E-01  2.344E-01  2.222E-01  2.122E-01  2.027E-01  1.909E-01  1.796E-01  1.715E-01  1.612E-01  1.528E-01  1.438E-01  1.356E-01  1.270E-01  1.184E-01  1.092E-01  1.019E-01  9.511E-02  8.935E-02  8.100E-02  7.658E-02  6.927E-02  6.455E-02  5.905E-02  5.434E-02  5.043E-02  4.567E-02  4.197E-02  3.814E-02  3.483E-02  3.154E-02  2.778E-02  2.602E-02  2.328E-02  2.104E-02  1.887E-02  1.678E-02  1.538E-02  1.443E-02  1.316E-02  1.153E-02  9.674E-03  9.208E-03  8.233E-03  7.618E-03  6.692E-03  5.952E-03  5.345E-03  4.592E-03  3.783E-03  3.750E-03  3.315E-03  3.055E-03  2.631E-03  2.203E-03  2.044E-03  1.876E-03  1.690E-03  1.435E-03  1.290E-03  1.106E-03  9.284E-04  9.402E-04  8.904E-04  6.785E-04  5.819E-04  5.967E-04  3.576E-04  3.789E-04  2.990E-04  2.507E-04  3.265E-04  2.023E-04  2.360E-04  1.656E-04  1.952E-04  1.243E-04  1.939E-04  1.402E-04  1.277E-04  9.910E-05  9.317E-05  7.607E-05  9.780E-05  3.423E-05  5.134E-05  3.442E-05  5.192E-05  6.291E-05  3.440E-05  2.262E-05  3.926E-05  5.665E-06  1.710E-05  2.846E-05  1.102E-05  5.629E-06  5.417E-06  5.324E-06  1.651E-05  0.000E+00  Z
 0.000E+00  0.000E+00  5.186E-05  1.313E-04  0.000E+00  2.434E-04  1.924E-04  3.580E-04  6.442E-04  1.087E-03  1.261E-03  1.831E-03  2.103E-03  2.778E-03  4.399E-03  5.107E-03  6.114E-03  7.578E-03  9.020E-03  1.106E-02  1.338E-02  1.521E-02  1.934E-02  2.153E-02  2.435E-02  2.752E-02  3.020E-02  3.550E-02  3.931E-02  4.547E-02  4.933E-02  5.502E-02  5.992E-02  6.633E-02  6.958E-02  7.769E-02  8.508E-02  9.094E-02  9.625E-02  1.055E-01  1.107E-01  1.179E-01  1.224E-01  1.315E-01  1.377E-01  1.449E-01  1.572E-01  1.576E-01  1.685E-01  1.753E-01  1.848E-01  1.926E-01  2.017E-01  2.082E-01  2.198E-01  2.289E-01  2.378E-01  2.451E-01  2.529E-01  2.663E-01  2.717E-01  2.845E-01  2.959E-01  3.031E-01  3.106E-01  3.197E-01  3.314E-01  3.368E-01  3.460E-01  3.556E-01  3.654E-01  3.715E-01  3.797E-01  3.875E-01  3.949E-01  3.973E-01  4.090E-01  4.132E-01  4.166E-01  4.239E-01  4.278E-01  4.345E-01  4.346E-01  4.414E-01  4.440E-01  4.444E-01  4.486E-01  4.487E-01  4.521E-01  4.505E-01  4.512E-01  4.546E-01  4.473E-01  4.478E-01  4.470E-01  4.406E-01  4.404E-01  4.320E-01  4.315E-01  4.220E-01  4.167E-01  4.129E-01  4.088E-01  4.009E-01  3.918E-01  3.819E-01  3.736E-01  3.687E-01  3.550E-01  3.470E-01  3.384E-01  3.266E-01  3.163E-01  3.057E-01  2.928E-01  2.839E-01  2.722E-01  2.599E-01  2.541E-01  2.410E-01  2.300E-01  2.200E-01  2.058E-01  1.979E-01  1.870E-01  1.760E-01  1.672E-01  1.585E-01  1.485E-01  1.395E-01  1.317E-01  1.237E-01  1.156E-01  1.064E-01  9.979E-02  9.164E-02  8.655E-02  7.896E-02  7.237E-02  6.696E-02  6.099E-02  5.742E-02  5.240E-02  4.887E-02  4.279E-02  4.096E-02  3.650E-02  3.302E-02  3.052E-02  2.806E-02  2.389E-02  2.282E-02  1.988E-02  1.877E-02  1.679E-02  1.432E-02  1.297E-02  1.254E-02  1.077E-02  1.025E-02  8.554E-03  7.880E-03  6.903E-03  6.163E-03  5.768E-03  4.953E-03  4.656E-03  3.788E-03  3.471E-03  3.358E-03  2.871E-03  2.399E-03  1.980E-03  2.186E-03  1.749E-03  1.416E-03  1.230E-03  1.311E-03  1.011E-03  1.004E-03  9.376E-04  7.813E-04  6.472E-04  6.288E-04  4.632E-04  5.296E-04  3.664E-04  3.408E-04  3.182E-04  2.974E-04  2.490E-04  2.246E-04  2.180E-04  1.717E-04  1.060E-04  1.822E-04  1.160E-04  1.050E-04  9.884E-05  7.577E-05  4.605E-05  5.260E-05  6.851E-05  2.832E-05  2.854E-05  2.879E-05  3.976E-05  2.780E-05  2.831E-05  1.172E-05  1.704E-05  5.623E-06  1.119E-05  1.140E-05  1.717E-05  5.520E-06  1.134E-05  1.146E-05  1.120E-05  0.000E+00  Z
 0.000E+00  0.000E+00  0.000E+00  8.777E-05  0.000E+00  1.735E-04  3.523E-04  2.692E-04  9.815E-04  9.541E-04  1.058E-03  2.098E-03  2.612E-03  2.846E-03  3.734E-03  4.648E-03  6.370E-03  6.980E-03  8.944E-03  1.131E-02  1.265E-02  1.546E-02  1.733E-02  2.117E-02  2.404E-02  2.730E-02  3.117E-02  3.468E-02  4.014E-02  4.408E-02  4.996E-02  5.487E-02  5.878E-02  6.598E-02  7.013E-02  7.796E-02  8.282E-02  9.115E-02  9.607E-02  1.026E-01  1.092E-01  1.152E-01  1.244E-01  1.321E-01  1.366E-01  1.438E-01  1.519E-01  1.603E-01  1.648E-01  1.751E-01  1.830E-01  1.930E-01  1.999E-01  2.096E-01  2.184E-01  2.275E-01  2.390E-01  2.444E-01  2.589E-01  2.662E-01  2.762E-01  2.885E-01  2.966E-01  3.037E-01  3.122E-01  3.233E-01  3.319E-01  3.409E-01  3.492E-01  3.569E-01  3.654E-01  3.716E-01  3.799E-01  3.911E-01  3.985E-01  4.033E-01  4.093E-01  4.160E-01  4.231E-01  4.300E-01  4.356E-01  4.393E-01  4.467E-01  4.469E-01  4.502E-01  4.533E-01  4.559E-01  4.602E-01  4.601E-01  4.601E-01  4.628E-01  4.616E-01  4.603E-01  4.593E-01  4.585E-01  4.569E-01  4.489E-01  4.488E-01  4.472E-01  4.418E-01  4.359E-01  4.284E-01  4.252E-01  4.144E-01  4.083E-01  3.983E-01  3.872E-01  3.828E-01  3.743E-01  3.634E-01  3.528E-01  3.437E-01  3.306E-01  3.211E-01  3.132E-01  2.994E-01  2.897E-01  2.801E-01  2.661E-01  2.544E-01  2.432E-01  2.312E-01  2.239E-01  2.123E-01  2.000E-01  1.901E-01  1.793E-01  1.683E-01  1.594E-01  1.515E-01  1.386E-01  1.320E-01  1.222E-01  1.154E-01  1.068E-01  9.922E-02  9.234E-02  8.552E-02  7.896E-02  7.315E-02  6.698E-02  6.127E-02  5.791E-02  5.158E-02  4.729E-02  4.316E-02  3.987E-02  3.613E-02  3.335E-02  3.042E-02  2.681E-02  2.346E-02  2.221E-02  2.007E-02  1.823E-02  1.605E-02  1.466E-02  1.330E-02  1.156E-02  1.053E-02  1.010E-02  8.635E-03  7.731E-03  7.333E-03  6.375E-03  5.699E-03  5.059E-03  4.508E-03  3.768E-03  3.637E-03  3.247E-03  2.792E-03  2.375E-03  2.240E-03  2.034E-03  1.846E-03  1.589E-03  1.526E-03  1.136E-03  1.057E-03  8.635E-04  9.060E-04  7.880E-04  6.942E-04  5.349E-04  5.345E-04  5.203E-04  3.881E-04  4.005E-04  3.083E-04  2.726E-04  2.653E-04  1.598E-04  2.009E-04  1.700E-04  1.812E-04  1.638E-04  1.350E-04  8.776E-05  1.044E-04  1.040E-04  3.538E-05  3.462E-05  4.545E-05  4.600E-05  3.969E-05  2.270E-05  5.162E-05  4.563E-05  2.831E-05  2.864E-05  5.668E-06  1.682E-05  1.116E-05  1.158E-05  1.098E-05  5.699E-06  2.237E-05  0.000E+00  Z
 0.000E+00  0.000E+00  0.000E+00  0.000E+00  1.545E-04  1.392E-04  1.602E-04  1.799E-04  4.485E-04  7.956E-04  1.387E-03  1.520E-03  2.195E-03  3.044E-03  3.889E-03  4.772E-03  5.716E-03  8.872E-03  9.786E-03  1.096E-02  1.263E-02  1.474E-02  1.800E-02  2.071E-02  2.388E-02  2.726E-02  3.002E-02  3.585E-02  3.902E-02  4.177E-02  4.848E-02  5.317E-02  5.952E-02  6.573E-02  7.067E-02  7.727E-02  8.218E-02  9.050E-02  9.335E-02  1.008E-01  1.075E-01  1.172E-01  1.228E-01  1.298E-01  1.372E-01  1.448E-01  1.518E-01  1.597E-01  1.702E-01  1.759E-01  1.851E-01  1.911E-01  1.972E-01  2.114E-01  2.198E-01  2.262E-01  2.377E-01  2.473E-01  2.573E-01  2.657E-01  2.756E-01  2.853E-01  2.963E-01  3.062E-01  3.159E-01  3.215E-01  3.304E-01  3.447E-01  3.487E-01  3.609E-01  3.710E-01  3.752E-01  3.838E-01  3.928E-01  3.982E-01  4.062E-01  4.182E-01  4.204E-01  4.264E-01  4.356E-01  4.414E-01  4.449E-01  4.498E-01  4.545E-01  4.599E-01  4.644E-01  4.646E-01  4.670E-01  4.712E-01  4.743E-01  4.719E-01  4.720E-01  4.734E-01  4.708E-01  4.668E-01  4.701E-01  4.675E-01  4.620E-01  4.569E-01  4.586E-01  4.461E-01  4.448E-01  4.352E-01  4.292E-01  4.222E-01  4.147E-01  4.059E-01  3.991E-01  3.891E-01  3.772E-01  3.680E-01  3.578E-01  3.482E-01  3.315E-01  3.240E-01  3.149E-01  3.024E-01  2.901E-01  2.812E-01  2.686E-01  2.574E-01  2.464E-01  2.332E-01  2.227E-01  2.128E-01  2.012E-01  1.919E-01  1.816E-01  1.708E-01  1.595E-01  1.504E-01  1.412E-01  1.315E-01  1.231E-01  1.144E-01  1.076E-01  1.009E-01  9.316E-02  8.670E-02  7.997E-02  7.186E-02  6.803E-02  6.075E-02  5.607E-02  5.104E-02  4.826E-02  4.278E-02  4.032E-02  3.662E-02  3.255E-02  2.941E-02  2.712E-02  2.404E-02  2.152E-02  1.898E-02  1.798E-02  1.640E-02  1.436E-02  1.320E-02  1.168E-02  1.060E-02  9.919E-03  8.512E-03  7.422E-03  7.115E-03  6.234E-03  5.484E-03  4.794E-03  4.242E-03  3.934E-03  3.282E-03  3.162E-03  2.833E-03  2.205E-03  2.114E-03  2.044E-03  1.604E-03  1.385E-03  1.415E-03  1.277E-03  9.684E-04  9.328E-04  8.486E-04  7.113E-04  6.729E-04  5.359E-04  4.952E-04  4.172E-04  3.984E-04  3.160E-04  3.432E-04  2.724E-04  2.650E-04  2.053E-04  2.416E-04  1.515E-04  1.464E-04  1.162E-04  1.448E-04  4.622E-05  6.329E-05  8.012E-05  6.891E-05  5.129E-05  6.912E-05  2.852E-05  6.893E-05  1.656E-05  2.294E-05  3.950E-05  1.155E-05  3.879E-05  2.219E-05  2.835E-05  1.133E-05  1.078E-05  1.678E-05  1.098E-05  5.778E-06  2.231E-05  0.000E+00  Z
 0.000E+00  0.000E+00  0.000E+00  4.379E-05  7.754E-05  2.089E-04  3.528E-04  5.379E-04  5.328E-04  1.061E-03  1.387E-03  1.709E-03  1.989E-03  2.827E-03  4.440E-03  4.172E-03  5.232E-03  6.916E-03  8.739E-03  1.051E-02  1.296E-02  1.522E-02  1.692E-02  1.907E-02  2.390E-02  2.521E-02  3.007E-02  3.415E-02  3.919E-02  4.231E-02  4.751E-02  5.163E-02  5.869E-02  6.354E-02  6.937E-02  7.666E-02  8.110E-02  8.674E-02  9.440E-02  1.007E-01  1.081E-01  1.126E-01  1.217E-01  1.278E-01  1.349E-01  1.423E-01  1.472E-01  1.576E-01  1.665E-01  1.741E-01  1.830E-01  1.928E-01  1.978E-01  2.093E-01  2.166E-01  2.273E-01  2.362E-01  2.457E-01  2.551E-01  2.652E-01  2.802E-01  2.861E-01  2.967E-01  3.065E-01  3.155E-01  3.269E-01  3.386E-01  3.477E-01  3.586E-01  3.662E-01  3.700E-01  3.821E-01  3.930E-01  4.003E-01  4.073E-01  4.159E-01  4.239E-01  4.316E-01  4.374E-01  4.445E-01  4.518E-01  4.619E-01  4.652E-01  4.695E-01  4.734E-01  4.795E-01  4.867E-01  4.920E-01  4.892E-01  4.924E-01  4.916E-01  4.966E-01  4.969E-01  4.997E-01  4.956E-01  4.950E-01  4.928E-01  4.891E-01  4.880E-01  4.853E-01  4.797E-01  4.767E-01  4.715E-01  4.620E-01  4.550E-01  4.471E-01  4.424E-01  4.349E-01  4.253E-01  4.188E-01  4.060E-01  3.937E-01  3.852E-01  3.720E-01  3.597E-01  3.471E-01  3.393E-01  3.230E-01  3.155E-01  2.987E-01  2.898E-01  2.780E-01  2.666E-01  2.562E-01  2.445E-01  2.309E-01  2.195E-01  2.076E-01  1.975E-01  1.838E-01  1.741E-01  1.649E-01  1.554E-01  1.454E-01  1.364E-01  1.255E-01  1.190E-01  1.094E-01  1.013E-01  9.492E-02  8.494E-02  7.973E-02  7.399E-02  6.994E-02  6.225E-02  5.600E-02  5.219E-02  4.801E-02  4.340E-02  3.931E-02  3.627E-02  3.221E-02  2.922E-02  2.642E-02  2.496E-02  2.203E-02  1.980E-02  1.872E-02  1.612E-02  1.445E-02  1.333E-02  1.135E-02  1.032E-02  9.227E-03  8.019E-03  7.712E-03  6.389E-03  5.997E-03  5.191E-03  4.723E-03  4.185E-03  3.706E-03  3.453E-03  2.953E-03  2.730E-03  2.387E-03  2.301E-03  1.706E-03  1.608E-03  1.571E-03  1.301E-03  1.160E-03  9.864E-04  8.305E-04  6.988E-04  6.135E-04  5.809E-04  4.624E-04  5.658E-04  3.039E-04  4.493E-04  2.714E-04  3.715E-04  2.603E-04  2.693E-04  2.287E-04  1.818E-04  8.785E-05  1.227E-04  1.155E-04  6.343E-05  1.024E-04  7.500E-05  8.051E-05  4.589E-05  5.733E-05  5.733E-05  3.443E-05  2.269E-05  1.138E-05  1.725E-05  2.217E-05  3.926E-05  1.103E-05  1.111E-05  2.239E-05  5.635E-06  0.000E+00  Z
 0.000E+00  0.000E+00  5.160E-05  4.389E-05  3.832E-05  6.944E-05  2.252E-04  6.262E-04  6.439E-04  8.478E-04  9.589E-04  1.592E-03  2.429E-03  2.648E-03  3.242E-03  4.916E-03  5.549E-03  6.842E-03  8.549E-03  1.019E-02  1.186E-02  1.422E-02  1.820E-02  1.891E-02  2.206E-02  2.591E-02  2.828E-02  3.415E-02  3.613E-02  4.324E-02  4.736E-02  5.273E-02  5.923E-02  6.178E-02  6.901E-02  7.489E-02  7.794E-02  8.875E-02  9.441E-02  1.005E-01  1.077E-01  1.118E-01  1.224E-01  1.259E-01  1.345E-01  1.413E-01  1.501E-01  1.566E-01  1.658E-01  1.733E-01  1.846E-01  1.914E-01  1.982E-01  2.067E-01  2.198E-01  2.264E-01  2.374E-01  2.462E-01  2.569E-01  2.643E-01  2.771E-01  2.900E-01  2.978E-01  3.065E-01  3.207E-01  3.242E-01  3.378E-01  3.461E-01  3.561E-01  3.679E-01  3.764E-01  3.863E-01  3.945E-01  4.024E-01  4.154E-01  4.248E-01  4.330E-01  4.383E-01  4.453E-01  4.542E-01  4.603E-01  4.744E-01  4.743E-01  4.822E-01  4.898E-01  4.931E-01  4.974E-01  5.029E-01  5.056E-01  5.046E-01  5.107E-01  5.125E-01  5.213E-01  5.184E-01  5.154E-01  5.195E-01  5.135E-01  5.115E-01  5.133E-01  5.061E-01  5.056E-01  5.010E-01  4.971E-01  4.876E-01  4.847E-01  4.759E-01  4.694E-01  4.581E-01  4.536E-01  4.452E-01  4.340E-01  4.273E-01  4.166E-01  4.031E-01  3.886E-01  3.777E-01  3.687E-01  3.515E-01  3.433E-01  3.317E-01  3.175E-01  3.064E-01  2.924E-01  2.807E-01  2.674E-01  2.531E-01  2.410E-01  2.312E-01  2.207E-01  2.076E-01  1.955E-01  1.850E-01  1.716E-01  1.646E-01  1.524E-01  1.447E-01  1.336E-01  1.248E-01  1.159E-01  1.076E-01  1.007E-01  9.278E-02  8.521E-02  7.803E-02  7.319E-02  6.626E-02  6.058E-02  5.578E-02  5.036E-02  4.713E-02  4.207E-02  3.826E-02  3.482E-02  3.187E-02  2.854E-02  2.567E-02  2.367E-02  2.196E-02  1.902E-02  1.784E-02  1.593E-02  1.399E-02  1.265E-02  1.165E-02  9.597E-03  9.077E-03  8.035E-03  7.177E-03  6.634E-03  5.535E-03  5.484E-03  4.858E-03  4.162E-03  3.824E-03  3.195E-03  2.925E-03  2.278E-03  2.178E-03  1.744E-03  1.602E-03  1.584E-03  1.492E-03  1.395E-03  1.143E-03  1.013E-03  9.283E-04  7.314E-04  6.260E-04  6.106E-04  5.501E-04  4.561E-04  4.200E-04  4.018E-04  3.184E-04  2.288E-04  3.215E-04  2.503E-04  2.270E-04  1.273E-04  1.737E-04  1.436E-04  1.212E-04  1.152E-04  7.423E-05  1.020E-04  6.931E-05  3.944E-05  5.043E-05  6.231E-05  2.805E-05  2.807E-05  1.682E-05  1.675E-05  3.372E-05  1.112E-05  2.236E-05  1.689E-05  1.073E-05  1.138E-05  1.646E-05  5.535E-06  1.087E-05  1.116E-05  0.000E+00  Z
 0.000E+00  0.000E+00  0.000E+00  4.389E-05  3.852E-05  1.048E-04  2.245E-04  2.990E-04  6.729E-04  9.280E-04  1.186E-03  1.254E-03  2.172E-03  2.511E-03  2.981E-03  4.379E-03  4.868E-03  7.019E-03  7.731E-03  9.790E-03  1.144E-02  1.424E-02  1.590E-02  1.819E-02  2.261E-02  2.518E-02  2.944E-02  3.212E-02  3.632E-02  4.059E-02  4.543E-02  5.177E-02  5.544E-02  5.943E-02  6.751E-02  7.408E-02  7.699E-02  8.488E-02  8.961E-02  9.789E-02  1.046E-01  1.102E-01  1.170E-01  1.250E-01  1.336E-01  1.418E-01  1.467E-01  1.564E-01  1.641E-01  1.739E-01  1.796E-01  1.876E-01  1.956E-01  2.058E-01  2.157E-01  2.255E-01  2.364E-01  2.457E-01  2.554E-01  2.650E-01  2.766E-01  2.879E-01  3.018E-01  3.117E-01  3.184E-01  3.299E-01  3.410E-01  3.509E-01  3.629E-01  3.721E-01  3.799E-01  3.912E-01  4.024E-01  4.117E-01  4.235E-01  4.338E-01  4.412E-01  4.509E-01  4.609E-01  4.725E-01  4.753E-01  4.853E-01  4.951E-01  5.032E-01  5.092E-01  5.105E-01  5.217E-01  5.245E-01  5.321E-01  5.379E-01  5.409E-01  5.499E-01  5.487E-01  5.533E-01  5.527E-01  5.549E-01  5.535E-01  5.547E-01  5.551E-01  5.520E-01  5.502E-01  5.454E-01  5.426E-01  5.399E-01  5.370E-01  5.283E-01  5.224E-01  5.154E-01  5.089E-01  5.003E-01  4.902E-01  4.832E-01  4.682E-01  4.596E-01  4.458E-01  4.373E-01  4.223E-01  4.113E-01  3.968E-01  3.874E-01  3.706E-01  3.571E-01  3.438E-01  3.325E-01  3.178E-01  3.045E-01  2.926E-01  2.784E-01  2.632E-01  2.503E-01  2.389E-01  2.262E-01  2.139E-01  2.024E-01  1.880E-01  1.792E-01  1.666E-01  1.564E-01  1.454E-01  1.355E-01  1.255E-01  1.168E-01  1.093E-01  1.004E-01  9.252E-02  8.598E-02  7.855E-02  7.295E-02  6.686E-02  6.090E-02  5.593E-02  5.056E-02  4.591E-02  4.273E-02  3.780E-02  3.433E-02  3.147E-02  2.807E-02  2.610E-02  2.333E-02  2.084E-02  1.856E-02  1.652E-02  1.543E-02  1.345E-02  1.217E-02  1.069E-02  9.905E-03  8.705E-03  8.183E-03  6.720E-03  6.220E-03  5.627E-03  4.949E-03  4.128E-03  3.607E-03  3.334E-03  2.940E-03  2.632E-03  2.218E-03  2.119E-03  1.910E-03  1.482E-03  1.409E-03  1.324E-03  1.274E-03  1.051E-03  9.164E-04  8.488E-04  7.828E-04  6.452E-04  5.713E-04  5.239E-04  5.058E-04  3.816E-04  2.588E-04  3.292E-04  3.132E-04  2.897E-04  1.731E-04  1.740E-04  1.344E-04  1.319E-04  1.150E-04  1.137E-04  1.434E-04  5.745E-05  8.535E-05  6.886E-05  5.592E-05  2.273E-05  2.826E-05  2.215E-05  2.817E-05  2.259E-05  1.697E-05  3.329E-05  2.779E-05  2.240E-05  1.107E-05  1.101E-05  0.000E+00  Z
 0.000E+00  0.000E+00  0.000E+00  8.720E-05  3.855E-05  1.047E-04  2.886E-04  2.990E-04  6.444E-04  3.968E-04  1.187E-03  1.806E-03  1.758E-03  2.201E-03  3.002E-03  4.523E-03  5.313E-03  6.002E-03  7.998E-03  8.883E-03  1.137E-02  1.278E-02  1.550E-02  1.807E-02  1.979E-02  2.420E-02  2.696E-02  3.070E-02  3.435E-02  3.937E-02  4.336E-02  4.905E-02  5.479E-02  5.910E-02  6.515E-02  7.017E-02  7.525E-02  8.224E-02  8.867E-02  9.659E-02  1.022E-01  1.088E-01  1.136E-01  1.235E-01  1.293E-01  1.381E-01  1.448E-01  1.531E-01  1.599E-01  1.674E-01  1.753E-01  1.872E-01  1.944E-01  2.026E-01  2.157E-01  2.238E-01  2.370E-01  2.460E-01  2.550E-01  2.670E-01  2.770E-01  2.886E-01  2.988E-01  3.092E-01  3.258E-01  3.343E-01  3.423E-01  3.550E-01  3.653E-01  3.752E-01  3.891E-01  3.991E-01  4.091E-01  4.247E-01  4.316E-01  4.481E-01  4.533E-01  4.689E-01  4.779E-01  4.850E-01  4.961E-01  5.087E-01  5.151E-01  5.240E-01  5.339E-01  5.430E-01  5.510E-01  5.596E-01  5.666E-01  5.738E-01  5.766E-01  5.866E-01  5.900E-01  5.991E-01  6.038E-01  6.074E-01  6.120E-01  6.126E-01  6.147E-01  6.162E-01  6.186E-01  6.134E-01  6.102E-01  6.133E-01  6.111E-01  6.015E-01  6.005E-01  5.957E-01  5.886E-01  5.853E-01  5.724E-01  5.671E-01  5.566E-01  5.504E-01  5.396E-01  5.275E-01  5.174E-01  5.031E-01  4.914E-01  4.796E-01  4.620E-01  4.502E-01  4.317E-01  4.192E-01  4.050E-01  3.876E-01  3.729E-01  3.603E-01  3.427E-01  3.293E-01  3.139E-01  2.997E-01  2.850E-01  2.705E-01  2.560E-01  2.400E-01  2.276E-01  2.153E-01  1.992E-01  1.877E-01  1.782E-01  1.659E-01  1.535E-01  1.424E-01  1.332E-01  1.241E-01  1.146E-01  1.049E-01  9.763E-02  8.903E-02  8.323E-02  7.498E-02  6.969E-02  6.327E-02  5.793E-02  5.252E-02  4.813E-02  4.364E-02  3.859E-02  3.659E-02  3.218E-02  3.016E-02  2.618E-02  2.367E-02  2.104E-02  1.942E-02  1.727E-02  1.597E-02  1.427E-02  1.228E-02  1.049E-02  1.020E-02  8.855E-03  7.947E-03  6.976E-03  6.578E-03  5.879E-03  5.070E-03  4.744E-03  4.004E-03  3.485E-03  3.082E-03  2.795E-03  2.397E-03  2.282E-03  1.646E-03  1.775E-03  1.598E-03  1.398E-03  1.100E-03  9.043E-04  8.403E-04  8.251E-04  6.179E-04  6.043E-04  5.625E-04  5.301E-04  4.663E-04  3.638E-04  3.468E-04  2.723E-04  2.315E-04  1.788E-04  1.943E-04  1.734E-04  1.315E-04  1.356E-04  1.129E-04  6.239E-05  1.573E-04  7.957E-05  3.939E-05  4.458E-05  2.247E-05  5.044E-05  2.848E-05  4.975E-05  1.677E-05  1.699E-05  3.922E-05  1.609E-05  2.752E-05  1.074E-05  0.000E+00  Z
 0.000E+00  0.000E+00  0.000E+00  4.349E-05  2.313E-04  1.046E-04  1.603E-04  1.189E-04  5.332E-04  4.247E-04  8.822E-04  7.960E-04  1.455E-03  2.604E-03  3.091E-03  3.651E-03  4.669E-03  5.664E-03  7.204E-03  8.623E-03  1.065E-02  1.274E-02  1.457E-02  1.638E-02  2.026E-02  2.233E-02  2.575E-02  2.878E-02  3.348E-02  3.680E-02  4.200E-02  4.763E-02  4.966E-02  5.614E-02  6.248E-02  6.677E-02  7.216E-02  7.847E-02  8.535E-02  9.242E-02  9.946E-02  1.043E-01  1.130E-01  1.190E-01  1.266E-01  1.333E-01  1.426E-01  1.492E-01  1.574E-01  1.652E-01  1.761E-01  1.826E-01  1.923E-01  2.040E-01  2.092E-01  2.224E-01  2.315E-01  2.378E-01  2.529E-01  2.630E-01  2.739E-01  2.874E-01  2.964E-01  3.076E-01  3.195E-01  3.341E-01  3.431E-01  3.543E-01  3.709E-01  3.768E-01  3.907E-01  4.088E-01  4.135E-01  4.291E-01  4.436E-01  4.539E-01  4.670E-01  4.796E-01  4.913E-01  4.975E-01  5.158E-01  5.266E-01  5.398E-01  5.427E-01  5.576E-01  5.680E-01  5.789E-01  5.916E-01  5.998E-01  6.098E-01  6.143E-01  6.266E-01  6.379E-01  6.478E-01  6.544E-01  6.590E-01  6.651E-01  6.653E-01  6.710E-01  6.758E-01  6.840E-01  6.843E-01  6.869E-01  6.857E-01  6.865E-01  6.885E-01  6.804E-01  6.838E-01  6.792E-01  6.711E-01  6.671E-01  6.597E-01  6.514E-01  6.478E-01  6.431E-01  6.266E-01  6.206E-01  6.081E-01  5.956E-01  5.801E-01  5.714E-01  5.560E-01  5.423E-01  5.296E-01  5.104E-01  4.925E-01  4.788E-01  4.617E-01  4.441E-01  4.284E-01  4.103E-01  3.951E-01  3.762E-01  3.566E-01  3.459E-01  3.274E-01  3.132E-01  2.915E-01  2.754E-01  2.626E-01  2.454E-01  2.322E-01  2.170E-01  2.060E-01  1.926E-01  1.785E-01  1.664E-01  1.542E-01  1.448E-01  1.334E-01  1.233E-01  1.135E-01  1.048E-01  9.673E-02  8.831E-02  7.993E-02  7.159E-02  6.686E-02  6.082E-02  5.540E-02  4.992E-02  4.613E-02  4.139E-02  3.812E-02  3.470E-02  3.011E-02  2.755E-02  2.441E-02  2.202E-02  1.990E-02  1.805E-02  1.621E-02  1.452E-02  1.315E-02  1.136E-02  1.045E-02  9.301E-03  8.167E-03  6.977E-03  6.646E-03  5.667E-03  4.839E-03  4.635E-03  3.833E-03  3.651E-03  3.071E-03  2.646E-03  2.218E-03  2.067E-03  2.009E-03  1.959E-03  1.450E-03  1.404E-03  1.184E-03  1.083E-03  8.671E-04  7.172E-04  6.974E-04  6.202E-04  6.315E-04  4.606E-04  4.593E-04  4.319E-04  2.991E-04  2.121E-04  2.478E-04  2.162E-04  1.696E-04  1.476E-04  1.527E-04  1.522E-04  1.635E-04  1.181E-04  8.300E-05  8.436E-05  5.072E-05  3.941E-05  4.988E-05  6.774E-05  3.830E-05  2.748E-05  3.896E-05  1.063E-05  1.120E-05  1.121E-05  2.701E-05  1.671E-05  5.534E-06  2.182E-05  1.615E-05  1.077E-05  1.069E-05  5.173E-06  1.643E-05  5.566E-06  1.060E-05  0.000E+00  Z
 0.000E+00  0.000E+00  0.000E+00  4.393E-05  7.732E-05  3.510E-05  1.919E-04  3.287E-04  6.438E-04  1.588E-04  7.062E-04  8.911E-04  1.847E-03  2.426E-03  2.877E-03  3.488E-03  4.405E-03  5.782E-03  6.613E-03  8.310E-03  8.736E-03  1.086E-02  1.330E-02  1.592E-02  1.720E-02  2.150E-02  2.506E-02  2.677E-02  3.065E-02  3.610E-02  4.023E-02  4.479E-02  4.965E-02  5.442E-02  5.885E-02  6.427E-02  6.936E-02  7.723E-02  7.930E-02  8.738E-02  9.556E-02  1.020E-01  1.075E-01  1.149E-01  1.233E-01  1.302E-01  1.380E-01  1.442E-01  1.527E-01  1.606E-01  1.692E-01  1.792E-01  1.908E-01  2.000E-01  2.068E-01  2.158E-01  2.253E-01  2.358E-01  2.488E-01  2.613E-01  2.681E-01  2.845E-01  2.926E-01  3.084E-01  3.183E-01  3.295E-01  3.423E-01  3.538E-01  3.681E-01  3.833E-01  3.952E-01  4.056E-01  4.215E-01  4.336E-01  4.473E-01  4.597E-01  4.723E-01  4.843E-01  4.979E-01  5.179E-01  5.288E-01  5.378E-01  5.544E-01  5.649E-01  5.772E-01  5.896E-01  6.099E-01  6.178E-01  6.285E-01  6.426E-01  6.558E-01  6.662E-01  6.744E-01  6.872E-01  6.969E-01  7.095E-01  7.127E-01  7.287E-01  7.293E-01  7.401E-01  7.464E-01  7.529E-01  7.583E-01  7.613E-01  7.649E-01  7.692E-01  7.754E-01  7.725E-01  7.715E-01  7.720E-01  7.678E-01  7.636E-01  7.597E-01  7.594E-01  7.543E-01  7.457E-01  7.378E-01  7.332E-01  7.229E-01  7.132E-01  7.000E-01  6.854E-01  6.718E-01  6.617E-01  6.440E-01  6.280E-01  6.104E-01  5.910E-01  5.772E-01  5.612E-01  5.426E-01  5.190E-01  5.033E-01  4.814E-01  4.650E-01  4.449E-01  4.277E-01  4.041E-01  3.878E-01  3.696E-01  3.511E-01  3.326E-01  3.159E-01  2.964E-01  2.786E-01  2.618E-01  2.462E-01  2.307E-01  2.146E-01  2.016E-01  1.854E-01  1.718E-01  1.605E-01  1.471E-01  1.373E-01  1.263E-01  1.169E-01  1.098E-01  9.839E-02  9.125E-02  8.231E-02  7.562E-02  6.871E-02  6.270E-02  5.588E-02  5.136E-02  4.673E-02  4.061E-02  3.783E-02  3.424E-02  3.082E-02  2.820E-02  2.451E-02  2.194E-02  1.965E-02  1.783E-02  1.657E-02  1.437E-02  1.245E-02  1.140E-02  9.915E-03  9.065E-03  7.670E-03  7.161E-03  6.468E-03  5.508E-03  4.666E-03  4.460E-03  3.951E-03  3.301E-03  3.172E-03  2.706E-03  2.375E-03  2.076E-03  1.705E-03  1.666E-03  1.528E-03  1.336E-03  1.029E-03  1.048E-03  8.741E-04  8.722E-04  7.172E-04  5.725E-04  4.169E-04  4.990E-04  3.853E-04  3.746E-04  3.011E-04  2.384E-04  2.419E-04  2.324E-04  2.011E-04  1.394E-04  1.175E-04  1.180E-04  1.669E-04  9.887E-05  7.180E-05  6.680E-05  5.448E-05  4.299E-05  2.814E-05  5.972E-05  5.448E-05  2.224E-05  2.699E-05  1.625E-05  2.173E-05  5.275E-06  1.590E-05  5.591E-06  1.571E-05  1.641E-05  5.561E-06  5.088E-06  1.052E-05  0.000E+00  Z
 0.000E+00  0.000E+00  0.000E+00  0.000E+00  0.000E+00  1.397E-04  9.639E-05  1.789E-04  4.197E-04  6.380E-04  7.060E-04  8.678E-04  1.386E-03  1.998E-03  2.642E-03  3.280E-03  4.284E-03  4.629E-03  6.157E-03  8.028E-03  9.244E-03  1.068E-02  1.308E-02  1.529E-02  1.746E-02  1.991E-02  2.383E-02  2.681E-02  2.969E-02  3.356E-02  3.645E-02  4.366E-02  4.691E-02  5.285E-02  5.804E-02  6.272E-02  6.638E-02  7.529E-02  8.115E-02  8.729E-02  9.467E-02  9.667E-02  1.049E-01  1.149E-01  1.194E-01  1.275E-01  1.368E-01  1.416E-01  1.515E-01  1.604E-01  1.691E-01  1.728E-01  1.851E-01  1.954E-01  2.029E-01  2.156E-01  2.265E-01  2.378E-01  2.478E-01  2.587E-01  2.715E-01  2.818E-01  2.942E-01  3.044E-01  3.176E-01  3.309E-01  3.395E-01  3.574E-01  3.673E-01  3.846E-01  3.964E-01  4.088E-01  4.230E-01  4.374E-01  4.539E-01  4.636E-01  4.729E-01  4.916E-01  5.037E-01  5.231E-01  5.344E-01  5.517E-01  5.624E-01  5.812E-01  5.934E-01  6.042E-01  6.201E-01  6.323E-01  6.468E-01  6.583E-01  6.749E-01  6.912E-01  6.969E-01  7.139E-01  7.194E-01  7.359E-01  7.525E-01  7.584E-01  7.707E-01  7.769E-01  7.887E-01  8.005E-01  8.089E-01  8.143E-01  8.157E-01  8.260E-01  8.309E-01  8.336E-01  8.349E-01  8.374E-01  8.405E-01  8.402E-01  8.421E-01  8.403E-01  8.334E-01  8.285E-01  8.226E-01  8.153E-01  8.148E-01  7.999E-01  7.945E-01  7.789E-01  7.720E-01  7.590E-01  7.382E-01  7.270E-01  7.154E-01  7.008E-01  6.788E-01  6.663E-01  6.468E-01  6.262E-01  6.054E-01  5.862E-01  5.653E-01  5.435E-01  5.254E-01  5.010E-01  4.847E-01  4.607E-01  4.415E-01  4.219E-01  3.970E-01  3.788E-01  3.585E-01  3.400E-01  3.202E-01  3.000E-01  2.806E-01  2.649E-01  2.477E-01  2.308E-01  2.165E-01  2.019E-01  1.886E-01  1.734E-01  1.601E-01  1.484E-01  1.374E-01  1.269E-01  1.151E-01  1.053E-01  9.543E-02  8.812E-02  8.007E-02  7.382E-02  6.587E-02  6.070E-02  5.473E-02  4.886E-02  4.417E-02  4.004E-02  3.586E-02  3.295E-02  3.000E-02  2.633E-02  2.290E-02  2.076E-02  1.923E-02  1.626E-02  1.523E-02  1.311E-02  1.210E-02  1.084E-02  9.333E-03  8.517E-03  7.370E-03  6.738E-03  6.088E-03  4.992E-03  4.500E-03  4.370E-03  3.455E-03  3.353E-03  3.091E-03  2.462E-03  2.321E-03  1.863E-03  1.690E-03  1.604E-03  1.389E-03  1.080E-03  1.016E-03  8.538E-04  6.262E-04  8.329E-04  5.574E-04  5.907E-04  4.131E-04  3.678E-04  3.092E-04  3.099E-04  2.588E-04  2.189E-04  2.297E-04  2.322E-04  2.181E-04  1.162E-04  1.223E-04  1.055E-04  1.484E-04  8.238E-05  3.812E-05  6.006E-05  6.529E-05  2.716E-05  1.106E-05  3.251E-05  2.705E-05  2.202E-05  2.681E-05  2.162E-05  3.236E-05  2.653E-05  2.110E-05  1.081E-05  1.584E-05  1.069E-05  5.269E-06  5.368E-06  1.056E-05  1.051E-05  0.000E+00  Z
 0.000E+00  0.000E+00  0.000E+00  0.000E+00  3.870E-05  6.984E-05  9.617E-05  2.094E-04  3.363E-04  4.236E-04  9.069E-04  9.893E-04  1.478E-03  1.846E-03  2.555E-03  2.988E-03  3.700E-03  4.705E-03  5.321E-03  7.990E-03  8.776E-03  1.047E-02  1.225E-02  1.523E-02  1.658E-02  1.994E-02  2.241E-02  2.334E-02  2.872E-02  3.262E-02  3.631E-02  4.073E-02  4.469E-02  4.859E-02  5.476E-02  6.021E-02  6.884E-02  7.202E-02  7.859E-02  8.268E-02  9.125E-02  9.660E-02  1.020E-01  1.111E-01  1.176E-01  1.216E-01  1.310E-01  1.400E-01  1.485E-01  1.519E-01  1.658E-01  1.717E-01  1.779E-01  1.941E-01  2.008E-01  2.097E-01  2.203E-01  2.320E-01  2.446E-01  2.546E-01  2.667E-01  2.782E-01  2.895E-01  3.038E-01  3.155E-01  3.266E-01  3.413E-01  3.568E-01  3.648E-01  3.798E-01  3.935E-01  4.108E-01  4.213E-01  4.397E-01  4.534E-01  4.680E-01  4.826E-01  4.988E-01  5.147E-01  5.284E-01  5.423E-01  5.565E-01  5.768E-01  5.890E-01  6.107E-01  6.230E-01  6.349E-01  6.551E-01  6.681E-01  6.912E-01  7.001E-01  7.194E-01  7.299E-01  7.495E-01  7.641E-01  7.818E-01  7.909E-01  8.091E-01  8.211E-01  8.288E-01  8.452E-01  8.553E-01  8.687E-01  8.797E-01  8.900E-01  8.995E-01  9.049E-01  9.073E-01  9.189E-01  9.319E-01  9.321E-01  9.394E-01  9.414E-01  9.439E-01  9.448E-01  9.451E-01  9.467E-01  9.408E-01  9.400E-01  9.348E-01  9.289E-01  9.162E-01  9.053E-01  8.993E-01  8.887E-01  8.769E-01  8.661E-01  8.496E-01  8.413E-01  8.177E-01  8.003E-01  7.846E-01  7.663E-01  7.457E-01  7.251E-01  7.047E-01  6.805E-01  6.639E-01  6.381E-01  6.137E-01  5.892E-01  5.667E-01  5.437E-01  5.183E-01  4.959E-01  4.729E-01  4.486E-01  4.259E-01  4.015E-01  3.802E-01  3.581E-01  3.367E-01  3.187E-01  2.975E-01  2.802E-01  2.592E-01  2.446E-01  2.256E-01  2.089E-01  1.964E-01  1.810E-01  1.663E-01  1.530E-01  1.418E-01  1.283E-01  1.181E-01  1.087E-01  9.809E-02  8.686E-02  8.241E-02  7.465E-02  6.689E-02  6.007E-02  5.470E-02  4.921E-02  4.561E-02  4.023E-02  3.602E-02  3.216E-02  2.945E-02  2.659E-02  2.299E-02  2.053E-02  1.859E-02  1.667E-02  1.513E-02  1.292E-02  1.177E-02  1.054E-02  9.155E-03  8.126E-03  7.389E-03  6.282E-03  5.502E-03  5.064E-03  4.312E-03  3.976E-03  3.421E-03  3.366E-03  2.750E-03  2.272E-03  2.044E-03  1.723E-03  1.500E-03  1.361E-03  1.348E-03  1.032E-03  9.103E-04  7.519E-04  7.688E-04  6.340E-04  6.448E-04  4.821E-04  3.650E-04  3.981E-04  2.833E-04  2.894E-04  2.000E-04  2.654E-04  1.715E-04  1.205E-04  1.536E-04  1.427E-04  1.144E-04  8.258E-05  8.192E-05  1.141E-04  4.316E-05  3.250E-05  4.283E-05  5.382E-05  3.277E-05  4.327E-05  3.175E-05  3.733E-05  2.626E-05  1.050E-05  5.471E-06  1.036E-05  1.580E-05  1.583E-05  0.000E+00  Z
 0.000E+00  0.000E+00  5.185E-05  0.000E+00  3.853E-05  1.048E-04  1.287E-04  3.286E-04  2.804E-04  6.354E-04  8.573E-04  9.143E-04  1.433E-03  1.490E-03  2.168E-03  2.821E-03  3.780E-03  4.181E-03  5.646E-03  6.445E-03  8.278E-03  9.267E-03  1.215E-02  1.417E-02  1.621E-02  1.862E-02  2.006E-02  2.413E-02  2.736E-02  3.172E-02  3.519E-02  3.898E-02  4.305E-02  4.846E-02  5.253E-02  5.715E-02  6.186E-02  6.976E-02  7.373E-02  8.107E-02  8.645E-02  9.226E-02  1.004E-01  1.081E-01  1.134E-01  1.228E-01  1.281E-01  1.335E-01  1.444E-01  1.522E-01  1.600E-01  1.715E-01  1.820E-01  1.863E-01  1.960E-01  2.071E-01  2.163E-01  2.285E-01  2.369E-01  2.494E-01  2.649E-01  2.758E-01  2.886E-01  2.984E-01  3.135E-01  3.249E-01  3.388E-01  3.493E-01  3.654E-01  3.791E-01  3.915E-01  4.102E-01  4.222E-01  4.414E-01  4.567E-01  4.682E-01  4.835E-01  5.017E-01  5.152E-01  5.314E-01  5.471E-01  5.660E-01  5.800E-01  6.005E-01  6.146E-01  6.328E-01  6.479E-01  6.658E-01  6.818E-01  7.006E-01  7.173E-01  7.329E-01  7.511E-01  7.633E-01  7.909E-01  7.983E-01  8.145E-01  8.334E-01  8.471E-01  8.608E-01  8.775E-01  8.945E-01  9.044E-01  9.194E-01  9.300E-01  9.402E-01  9.548E-01  9.682E-01  9.739E-01  9.856E-01  9.929E-01  9.992E-01  1.005E+00  1.012E+00  1.013E+00  1.021E+00  1.021E+00  1.023E+00  1.025E+00  1.020E+00  1.018E+00  1.013E+00  1.008E+00  1.002E+00  9.957E-01  9.875E-01  9.719E-01  9.664E-01  9.474E-01  9.389E-01  9.213E-01  9.036E-01  8.854E-01  8.655E-01  8.537E-01  8.265E-01  8.111E-01  7.808E-01  7.642E-01  7.354E-01  7.129E-01  6.912E-01  6.622E-01  6.340E-01  6.103E-01  5.842E-01  5.566E-01  5.345E-01  5.090E-01  4.844E-01  4.569E-01  4.345E-01  4.112E-01  3.841E-01  3.631E-01  3.426E-01  3.211E-01  2.989E-01  2.784E-01  2.606E-01  2.427E-01  2.235E-01  2.071E-01  1.926E-01  1.771E-01  1.632E-01  1.495E-01  1.375E-01  1.269E-01  1.166E-01  1.043E-01  9.478E-02  8.680E-02  7.859E-02  7.108E-02  6.477E-02  5.845E-02  5.275E-02  4.767E-02  4.308E-02  3.849E-02  3.459E-02  3.079E-02  2.794E-02  2.464E-02  2.192E-02  1.990E-02  1.736E-02  1.571E-02  1.403E-02  1.238E-02  1.063E-02  9.745E-03  8.338E-03  7.308E-03  6.617E-03  5.761E-03  4.877E-03  4.346E-03  3.850E-03  3.730E-03  3.195E-03  2.670E-03  2.398E-03  2.403E-03  1.878E-03  1.615E-03  1.658E-03  1.074E-03  1.070E-03  7.949E-04  7.807E-04  7.422E-04  7.061E-04  6.516E-04  4.966E-04  3.681E-04  3.586E-04  3.063E-04  3.106E-04  2.987E-04  2.590E-04  1.705E-04  1.644E-04  1.419E-04  1.088E-04  9.320E-05  9.366E-05  9.240E-05  6.444E-05  6.462E-05  8.025E-05  5.901E-05  2.192E-05  4.264E-05  2.143E-05  1.029E-05  1.656E-05  1.546E-05  5.267E-06  1.567E-05  0.000E+00  Z
 0.000E+00  0.000E+00  0.000E+00  0.000E+00  1.158E-04  0.000E+00  1.283E-04  8.930E-05  2.249E-04  3.173E-04  7.060E-04  9.149E-04  1.295E-03  1.379E-03  2.058E-03  2.553E-03  3.341E-03  4.258E-03  5.680E-03  6.125E-03  6.914E-03  8.425E-03  1.014E-02  1.258E-02  1.524E-02  1.723E-02  1.887E-02  2.325E-02  2.609E-02  3.062E-02  3.349E-02  3.813E-02  4.062E-02  4.702E-02  5.334E-02  5.631E-02  6.193E-02  6.919E-02  7.127E-02  7.924E-02  8.549E-02  9.205E-02  9.619E-02  1.036E-01  1.138E-01  1.176E-01  1.240E-01  1.317E-01  1.390E-01  1.471E-01  1.584E-01  1.672E-01  1.762E-01  1.826E-01  1.969E-01  1.994E-01  2.135E-01  2.241E-01  2.363E-01  2.463E-01  2.605E-01  2.713E-01  2.816E-01  2.958E-01  3.071E-01  3.210E-01  3.341E-01  3.516E-01  3.621E-01  3.789E-01  3.917E-01  4.062E-01  4.273E-01  4.389E-01  4.539E-01  4.694E-01  4.865E-01  5.041E-01  5.214E-01  5.355E-01  5.536E-01  5.675E-01  5.894E-01  6.014E-01  6.260E-01  6.438E-01  6.602E-01  6.787E-01  6.937E-01  7.196E-01  7.341E-01  7.538E-01  7.707E-01  7.923E-01  8.103E-01  8.303E-01  8.524E-01  8.679E-01  8.829E-01  8.998E-01  9.195E-01  9.412E-01  9.557E-01  9.732E-01  9.924E-01  1.006E+00  1.016E+00  1.031E+00  1.045E+00  1.061E+00  1.066E+00  1.090E+00  1.098E+00  1.107E+00  1.112E+00  1.127E+00  1.132E+00  1.137E+00  1.137E+00  1.145E+00  1.140E+00  1.145E+00  1.145E+00  1.147E+00  1.134E+00  1.131E+00  1.133E+00  1.119E+00  1.107E+00  1.105E+00  1.093E+00  1.074E+00  1.066E+00  1.046E+00  1.025E+00  1.011E+00  9.955E-01  9.706E-01  9.459E-01  9.227E-01  9.031E-01  8.731E-01  8.503E-01  8.212E-01  7.903E-01  7.655E-01  7.392E-01  7.131E-01  6.831E-01  6.570E-01  6.268E-01  5.980E-01  5.718E-01  5.367E-01  5.108E-01  4.845E-01  4.590E-01  4.281E-01  4.066E-01  3.813E-01  3.552E-01  3.356E-01  3.092E-01  2.898E-01  2.680E-01  2.508E-01  2.312E-01  2.139E-01  1.973E-01  1.821E-01  1.671E-01  1.533E-01  1.414E-01  1.268E-01  1.172E-01  1.070E-01  9.574E-02  8.618E-02  7.977E-02  7.135E-02  6.393E-02  5.755E-02  5.232E-02  4.807E-02  4.178E-02  3.787E-02  3.269E-02  3.056E-02  2.726E-02  2.408E-02  2.108E-02  1.902E-02  1.771E-02  1.485E-02  1.347E-02  1.205E-02  1.057E-02  9.436E-03  8.255E-03  7.492E-03  6.423E-03  5.642E-03  4.939E-03  4.292E-03  3.604E-03  3.259E-03  2.826E-03  2.369E-03  2.303E-03  1.960E-03  1.847E-03  1.404E-03  1.350E-03  1.091E-03  1.130E-03  1.048E-03  9.837E-04  6.690E-04  6.527E-04  4.743E-04  4.899E-04  3.468E-04  3.115E-04  3.340E-04  3.326E-04  1.997E-04  1.858E-04  1.990E-04  2.059E-04  1.352E-04  1.113E-04  6.567E-05  7.498E-05  6.914E-05  7.501E-05  4.791E-05  6.960E-05  4.793E-05  1.566E-05  3.196E-05  3.182E-05  2.059E-05  6.265E-05  2.604E-05  1.065E-05  1.088E-05  1.618E-05  2.589E-05  4.177E-05  Z
 0.000E+00  0.000E+00  0.000E+00  0.000E+00  3.861E-05  6.987E-05  1.919E-04  1.190E-04  2.530E-04  3.444E-04  4.036E-04  1.036E-03  8.303E-04  1.358E-03  1.974E-03  2.199E-03  3.421E-03  3.870E-03  4.690E-03  5.718E-03  6.860E-03  8.285E-03  1.035E-02  1.262E-02  1.308E-02  1.659E-02  1.949E-02  2.102E-02  2.451E-02  2.734E-02  3.176E-02  3.478E-02  3.923E-02  4.345E-02  4.878E-02  5.219E-02  5.668E-02  6.287E-02  7.006E-02  7.599E-02  8.180E-02  8.476E-02  9.184E-02  9.802E-02  1.054E-01  1.118E-01  1.230E-01  1.291E-01  1.345E-01  1.456E-01  1.524E-01  1.606E-01  1.703E-01  1.799E-01  1.861E-01  1.975E-01  2.093E-01  2.196E-01  2.322E-01  2.427E-01  2.551E-01  2.650E-01  2.757E-01  2.926E-01  3.042E-01  3.156E-01  3.327E-01  3.474E-01  3.588E-01  3.719E-01  3.878E-01  4.066E-01  4.160E-01  4.367E-01  4.512E-01  4.688E-01  4.870E-01  5.042E-01  5.246E-01  5.388E-01  5.567E-01  5.753E-01  5.963E-01  6.129E-01  6.279E-01  6.520E-01  6.713E-01  6.929E-01  7.102E-01  7.306E-01  7.564E-01  7.802E-01  7.998E-01  8.197E-01  8.346E-01  8.594E-01  8.802E-01  9.022E-01  9.207E-01  9.517E-01  9.727E-01  9.853E-01  1.011E+00  1.032E+00  1.053E+00  1.074E+00  1.093E+00  1.113E+00  1.126E+00  1.147E+00  1.165E+00  1.184E+00  1.198E+00  1.207E+00  1.223E+00  1.240E+00  1.257E+00  1.261E+00  1.270E+00  1.278E+00  1.294E+00  1.297E+00  1.302E+00  1.313E+00  1.313E+00  1.315E+00  1.309E+00  1.317E+00  1.305E+00  1.301E+00  1.304E+00  1.294E+00  1.280E+00  1.270E+00  1.261E+00  1.245E+00  1.236E+00  1.212E+00  1.196E+00  1.174E+00  1.156E+00  1.138E+00  1.111E+00  1.082E+00  1.050E+00  1.031E+00  1.005E+00  9.749E-01  9.406E-01  9.112E-01  8.807E-01  8.499E-01  8.149E-01  7.857E-01  7.512E-01  7.205E-01  6.848E-01  6.504E-01  6.233E-01  5.856E-01  5.566E-01  5.245E-01  4.929E-01  4.696E-01  4.350E-01  4.089E-01  3.826E-01  3.544E-01  3.329E-01  3.084E-01  2.853E-01  2.654E-01  2.460E-01  2.262E-01  2.075E-01  1.886E-01  1.768E-01  1.587E-01  1.463E-01  1.334E-01  1.197E-01  1.107E-01  1.001E-01  9.028E-02  8.128E-02  7.317E-02  6.620E-02  5.982E-02  5.203E-02  4.734E-02  4.174E-02  3.818E-02  3.522E-02  3.100E-02  2.743E-02  2.375E-02  2.161E-02  1.849E-02  1.720E-02  1.491E-02  1.321E-02  1.166E-02  1.003E-02  8.850E-03  7.777E-03  7.061E-03  6.073E-03  5.366E-03  4.933E-03  4.341E-03  3.548E-03  3.128E-03  2.954E-03  2.522E-03  2.079E-03  1.877E-03  1.563E-03  1.396E-03  1.259E-03  1.248E-03  9.533E-04  8.778E-04  6.889E-04  6.129E-04  5.119E-04  5.290E-04  4.629E-04  3.894E-04  3.284E-04  2.707E-04  2.316E-04  2.207E-04  2.090E-04  1.755E-04  1.379E-04  1.496E-04  1.214E-04  1.218E-04  7.922E-05  4.759E-05  4.743E-05  5.823E-05  3.736E-05  5.212E-05  3.066E-05  3.143E-05  2.601E-05  2.652E-05  5.904E-05  Z
