p-
Z
Z
Z
Z
Z
Z
Z
Z
Z
 0.000E+00  0.000E+00  0.000E+00  0.000E+00  0.000E+00  0.000E+00  0.000E+00  0.000E+00  0.000E+00  0.000E+00  0.000E+00  0.000E+00  0.000E+00  0.000E+00  0.000E+00  0.000E+00  0.000E+00  0.000E+00  1.878E-05  0.000E+00  1.787E-05  1.754E-05  3.444E-05  5.052E-05  1.156E-04  1.622E-04  3.657E-04  6.084E-04  6.563E-04  9.788E-04  1.140E-03  1.818E-03  2.006E-03  2.708E-03  3.321E-03  4.003E-03  4.962E-03  6.809E-03  7.239E-03  9.484E-03  1.134E-02  1.399E-02  1.704E-02  1.975E-02  2.403E-02  2.958E-02  3.399E-02  4.225E-02  4.674E-02  5.647E-02  6.516E-02  7.277E-02  8.243E-02  9.316E-02  1.035E-01  1.120E-01  1.245E-01  1.302E-01  1.402E-01  1.526E-01  1.621E-01  1.700E-01  1.776E-01  1.871E-01  1.942E-01  2.016E-01  2.080E-01  2.112E-01  2.171E-01  2.214E-01  2.243E-01  2.257E-01  2.278E-01  2.271E-01  2.269E-01  2.246E-01  2.258E-01  2.231E-01  2.159E-01  2.145E-01  2.123E-01  2.055E-01  2.007E-01  1.923E-01  1.854E-01  1.812E-01  1.745E-01  1.663E-01  1.594E-01  1.517E-01  1.452E-01  1.368E-01  1.301E-01  1.237E-01  1.165E-01  1.113E-01  1.036E-01  9.745E-02  9.242E-02  8.413E-02  8.189E-02  7.522E-02  6.904E-02  6.287E-02  6.103E-02  5.605E-02  5.177E-02  4.769E-02  4.323E-02  4.119E-02  3.612E-02  3.354E-02  3.308E-02  2.878E-02  2.678E-02  2.371E-02  2.254E-02  2.058E-02  1.821E-02  1.584E-02  1.510E-02  1.402E-02  1.243E-02  1.182E-02  1.045E-02  9.874E-03  8.863E-03  7.592E-03  7.024E-03  6.399E-03  5.781E-03  5.025E-03  4.674E-03  4.096E-03  4.008E-03  3.575E-03  3.120E-03  2.769E-03  2.406E-03  2.186E-03  2.036E-03  1.706E-03  1.930E-03  1.511E-03  1.510E-03  1.309E-03  1.138E-03  8.953E-04  8.316E-04  8.890E-04  6.781E-04  6.519E-04  5.973E-04  4.886E-04  4.864E-04  3.273E-04  3.722E-04  3.717E-04  3.050E-04  3.168E-04  1.877E-04  1.608E-04  1.147E-04  1.851E-04  1.977E-04  1.524E-04  1.641E-04  9.451E-05  6.894E-05  5.673E-05  1.874E-05  5.605E-05  4.303E-05  4.983E-05  3.733E-05  4.944E-05  3.085E-05  3.687E-05  5.411E-05  5.864E-06  1.789E-05  1.230E-05  3.064E-05  1.210E-05  1.848E-05  1.824E-05  5.982E-06  0.000E+00  Z
 0.000E+00  0.000E+00  0.000E+00  0.000E+00  0.000E+00  0.000E+00  0.000E+00  0.000E+00  0.000E+00  0.000E+00  0.000E+00  0.000E+00  0.000E+00  0.000E+00  0.000E+00  0.000E+00  0.000E+00  0.000E+00  0.000E+00  0.000E+00  3.632E-05  5.277E-05  5.141E-05  1.009E-04  4.953E-05  8.076E-05  1.430E-04  2.799E-04  4.118E-04  5.117E-04  6.504E-04  8.296E-04  1.604E-03  2.117E-03  2.447E-03  3.718E-03  4.650E-03  6.355E-03  7.508E-03  9.217E-03  1.172E-02  1.482E-02  1.726E-02  2.039E-02  2.354E-02  2.698E-02  3.006E-02  3.493E-02  3.802E-02  4.396E-02  4.834E-02  5.360E-02  5.880E-02  6.275E-02  7.016E-02  7.356E-02  8.067E-02  8.678E-02  8.982E-02  9.496E-02  1.022E-01  1.055E-01  1.101E-01  1.144E-01  1.207E-01  1.237E-01  1.301E-01  1.318E-01  1.362E-01  1.373E-01  1.418E-01  1.387E-01  1.414E-01  1.418E-01  1.401E-01  1.354E-01  1.300E-01  1.272E-01  1.223E-01  1.165E-01  1.094E-01  1.068E-01  9.958E-02  9.531E-02  8.793E-02  8.388E-02  7.791E-02  7.492E-02  7.080E-02  6.643E-02  6.186E-02  5.886E-02  5.687E-02  5.234E-02  4.867E-02  4.581E-02  4.470E-02  4.185E-02  3.925E-02  3.732E-02  3.461E-02  3.251E-02  3.036E-02  2.862E-02  2.716E-02  2.500E-02  2.394E-02  2.161E-02  2.039E-02  1.882E-02  1.710E-02  1.567E-02  1.426E-02  1.408E-02  1.247E-02  1.138E-02  1.066E-02  1.024E-02  9.246E-03  8.407E-03  7.649E-03  7.235E-03  7.155E-03  5.960E-03  5.340E-03  4.694E-03  4.321E-03  4.019E-03  3.937E-03  3.102E-03  3.080E-03  2.723E-03  2.404E-03  2.092E-03  2.288E-03  1.700E-03  1.488E-03  1.496E-03  1.356E-03  1.208E-03  1.072E-03  9.759E-04  9.046E-04  8.039E-04  7.821E-04  6.531E-04  5.012E-04  4.383E-04  4.496E-04  4.749E-04  3.949E-04  2.388E-04  2.582E-04  2.570E-04  2.370E-04  2.162E-04  1.497E-04  1.897E-04  1.046E-04  1.103E-04  1.167E-04  1.282E-04  1.083E-04  7.054E-05  6.419E-05  6.277E-05  6.371E-05  4.992E-05  5.690E-05  3.790E-05  1.905E-05  2.521E-05  1.259E-05  1.251E-05  3.703E-05  1.230E-05  1.253E-05  3.067E-05  1.797E-05  5.983E-06  6.222E-06  1.811E-05  5.904E-06  6.033E-06  0.000E+00  Z
 0.000E+00  0.000E+00  0.000E+00  0.000E+00  0.000E+00  0.000E+00  0.000E+00  0.000E+00  0.000E+00  0.000E+00  0.000E+00  0.000E+00  0.000E+00  0.000E+00  0.000E+00  4.176E-05  0.000E+00  7.839E-05  3.808E-05  9.321E-05  3.626E-05  1.414E-04  1.026E-04  2.014E-04  2.308E-04  2.584E-04  5.235E-04  7.167E-04  1.132E-03  1.758E-03  2.412E-03  2.650E-03  3.510E-03  5.336E-03  6.828E-03  8.536E-03  1.053E-02  1.304E-02  1.595E-02  1.895E-02  2.169E-02  2.527E-02  3.171E-02  3.620E-02  4.087E-02  4.697E-02  5.183E-02  5.989E-02  6.668E-02  7.375E-02  8.221E-02  9.023E-02  9.966E-02  1.064E-01  1.172E-01  1.282E-01  1.353E-01  1.439E-01  1.557E-01  1.688E-01  1.758E-01  1.831E-01  1.932E-01  2.030E-01  2.055E-01  2.097E-01  2.114E-01  2.089E-01  2.076E-01  2.047E-01  1.987E-01  1.954E-01  1.916E-01  1.872E-01  1.831E-01  1.819E-01  1.754E-01  1.723E-01  1.745E-01  1.700E-01  1.702E-01  1.670E-01  1.653E-01  1.669E-01  1.650E-01  1.611E-01  1.615E-01  1.593E-01  1.600E-01  1.584E-01  1.553E-01  1.551E-01  1.499E-01  1.480E-01  1.471E-01  1.430E-01  1.436E-01  1.349E-01  1.346E-01  1.303E-01  1.270E-01  1.220E-01  1.163E-01  1.135E-01  1.090E-01  1.047E-01  1.010E-01  9.512E-02  9.145E-02  8.761E-02  8.287E-02  7.651E-02  7.512E-02  6.883E-02  6.441E-02  6.073E-02  5.717E-02  5.280E-02  5.092E-02  4.494E-02  4.339E-02  4.004E-02  3.647E-02  3.301E-02  3.123E-02  2.930E-02  2.720E-02  2.462E-02  2.294E-02  2.026E-02  1.899E-02  1.710E-02  1.599E-02  1.377E-02  1.333E-02  1.156E-02  1.073E-02  1.005E-02  8.601E-03  8.232E-03  7.220E-03  6.515E-03  6.000E-03  5.344E-03  4.931E-03  4.617E-03  3.675E-03  3.633E-03  2.930E-03  2.568E-03  2.561E-03  2.236E-03  2.049E-03  1.840E-03  1.720E-03  1.484E-03  1.314E-03  1.217E-03  1.046E-03  9.790E-04  9.961E-04  7.147E-04  6.420E-04  5.777E-04  6.072E-04  4.201E-04  4.322E-04  5.025E-04  2.969E-04  3.664E-04  2.499E-04  1.731E-04  2.864E-04  2.114E-04  1.176E-04  1.419E-04  1.740E-04  1.167E-04  1.168E-04  9.122E-05  1.027E-04  6.653E-05  6.716E-05  5.383E-05  2.439E-05  8.416E-05  2.376E-05  1.766E-05  3.017E-05  1.203E-05  2.370E-05  1.727E-05  1.779E-05  1.199E-05  1.142E-05  5.928E-06  1.720E-05  0.000E+00  Z
 0.000E+00  0.000E+00  0.000E+00  0.000E+00  0.000E+00  0.000E+00  0.000E+00  0.000E+00  0.000E+00  0.000E+00  0.000E+00  0.000E+00  0.000E+00  0.000E+00  0.000E+00  6.202E-05  3.989E-05  3.909E-05  7.579E-05  9.271E-05  7.233E-05  1.415E-04  1.032E-04  2.527E-04  3.961E-04  4.854E-04  6.027E-04  1.075E-03  1.162E-03  2.196E-03  2.219E-03  3.158E-03  4.370E-03  5.798E-03  7.961E-03  9.642E-03  1.157E-02  1.401E-02  1.714E-02  2.113E-02  2.508E-02  2.997E-02  3.534E-02  3.978E-02  4.668E-02  5.231E-02  5.899E-02  6.748E-02  7.503E-02  8.365E-02  9.335E-02  1.044E-01  1.159E-01  1.267E-01  1.366E-01  1.489E-01  1.597E-01  1.727E-01  1.857E-01  1.981E-01  2.080E-01  2.205E-01  2.318E-01  2.334E-01  2.344E-01  2.365E-01  2.348E-01  2.383E-01  2.340E-01  2.301E-01  2.281E-01  2.301E-01  2.268E-01  2.304E-01  2.297E-01  2.301E-01  2.312E-01  2.343E-01  2.388E-01  2.385E-01  2.456E-01  2.460E-01  2.494E-01  2.515E-01  2.555E-01  2.564E-01  2.575E-01  2.597E-01  2.619E-01  2.607E-01  2.616E-01  2.588E-01  2.599E-01  2.545E-01  2.565E-01  2.534E-01  2.466E-01  2.427E-01  2.388E-01  2.333E-01  2.306E-01  2.219E-01  2.204E-01  2.117E-01  2.065E-01  1.972E-01  1.923E-01  1.853E-01  1.782E-01  1.728E-01  1.644E-01  1.569E-01  1.533E-01  1.432E-01  1.369E-01  1.311E-01  1.222E-01  1.172E-01  1.099E-01  1.029E-01  9.659E-02  9.135E-02  8.583E-02  7.872E-02  7.395E-02  6.922E-02  6.372E-02  5.892E-02  5.445E-02  5.122E-02  4.728E-02  4.378E-02  3.924E-02  3.636E-02  3.412E-02  3.073E-02  2.834E-02  2.564E-02  2.262E-02  2.132E-02  1.956E-02  1.753E-02  1.619E-02  1.439E-02  1.268E-02  1.166E-02  1.025E-02  9.093E-03  8.344E-03  8.250E-03  6.966E-03  6.761E-03  6.253E-03  4.875E-03  4.690E-03  3.717E-03  3.813E-03  3.443E-03  2.959E-03  2.576E-03  2.414E-03  1.937E-03  1.935E-03  1.594E-03  1.618E-03  1.296E-03  1.082E-03  1.042E-03  9.015E-04  8.807E-04  6.462E-04  6.932E-04  5.862E-04  5.478E-04  3.668E-04  3.955E-04  4.483E-04  2.516E-04  2.383E-04  2.928E-04  1.704E-04  1.397E-04  1.455E-04  1.753E-04  1.147E-04  1.130E-04  9.602E-05  4.812E-05  8.976E-05  9.412E-05  6.543E-05  7.085E-05  3.507E-05  5.878E-05  2.970E-05  5.274E-05  3.522E-05  1.151E-05  1.189E-05  1.176E-05  1.716E-05  2.838E-05  3.481E-05  1.724E-05  1.726E-05  5.457E-06  0.000E+00  Z
 0.000E+00  0.000E+00  0.000E+00  0.000E+00  0.000E+00  0.000E+00  0.000E+00  2.988E-05  0.000E+00  0.000E+00  0.000E+00  0.000E+00  0.000E+00  0.000E+00  0.000E+00  0.000E+00  4.069E-05  0.000E+00  3.824E-05  9.245E-05  9.027E-05  1.406E-04  3.106E-04  2.525E-04  5.107E-04  5.172E-04  7.470E-04  1.120E-03  1.240E-03  2.064E-03  2.574E-03  3.215E-03  4.496E-03  5.774E-03  7.268E-03  9.554E-03  1.101E-02  1.459E-02  1.721E-02  2.061E-02  2.562E-02  2.858E-02  3.390E-02  3.972E-02  4.658E-02  5.470E-02  6.115E-02  6.862E-02  7.712E-02  8.690E-02  9.583E-02  1.064E-01  1.191E-01  1.289E-01  1.437E-01  1.570E-01  1.682E-01  1.816E-01  1.976E-01  2.088E-01  2.221E-01  2.317E-01  2.379E-01  2.458E-01  2.482E-01  2.508E-01  2.507E-01  2.493E-01  2.508E-01  2.512E-01  2.511E-01  2.537E-01  2.558E-01  2.570E-01  2.627E-01  2.642E-01  2.696E-01  2.778E-01  2.810E-01  2.865E-01  2.924E-01  3.016E-01  3.028E-01  3.135E-01  3.140E-01  3.201E-01  3.259E-01  3.304E-01  3.351E-01  3.344E-01  3.379E-01  3.388E-01  3.362E-01  3.368E-01  3.379E-01  3.330E-01  3.316E-01  3.266E-01  3.245E-01  3.166E-01  3.124E-01  3.088E-01  3.022E-01  2.967E-01  2.884E-01  2.808E-01  2.713E-01  2.677E-01  2.551E-01  2.486E-01  2.404E-01  2.318E-01  2.203E-01  2.150E-01  2.039E-01  1.938E-01  1.876E-01  1.775E-01  1.705E-01  1.623E-01  1.522E-01  1.436E-01  1.385E-01  1.274E-01  1.211E-01  1.135E-01  1.050E-01  9.677E-02  9.220E-02  8.571E-02  7.932E-02  7.312E-02  6.823E-02  6.279E-02  5.812E-02  5.291E-02  4.886E-02  4.493E-02  4.111E-02  3.890E-02  3.491E-02  3.178E-02  2.852E-02  2.629E-02  2.353E-02  2.295E-02  1.982E-02  1.755E-02  1.624E-02  1.534E-02  1.349E-02  1.226E-02  1.039E-02  9.411E-03  8.867E-03  7.635E-03  7.219E-03  6.269E-03  5.629E-03  4.675E-03  4.679E-03  4.204E-03  3.751E-03  3.092E-03  2.742E-03  2.552E-03  2.164E-03  2.186E-03  1.692E-03  1.558E-03  1.479E-03  1.277E-03  1.221E-03  9.754E-04  8.722E-04  7.145E-04  8.370E-04  6.432E-04  6.183E-04  4.651E-04  3.609E-04  3.045E-04  3.595E-04  3.023E-04  2.225E-04  2.285E-04  2.390E-04  2.454E-04  1.919E-04  1.657E-04  1.134E-04  1.188E-04  7.070E-05  8.803E-05  7.603E-05  3.482E-05  7.586E-05  5.814E-05  4.079E-05  5.743E-05  3.452E-05  1.164E-05  1.143E-05  2.258E-05  1.709E-05  2.275E-05  1.130E-05  1.689E-05  2.864E-05  0.000E+00  Z
 0.000E+00  0.000E+00  0.000E+00  0.000E+00  0.000E+00  0.000E+00  0.000E+00  0.000E+00  0.000E+00  0.000E+00  0.000E+00  0.000E+00  0.000E+00  0.000E+00  4.302E-05  0.000E+00  4.005E-05  1.967E-05  3.793E-05  3.710E-05  1.083E-04  8.784E-05  1.548E-04  2.694E-04  2.485E-04  5.013E-04  5.867E-04  1.058E-03  1.315E-03  1.669E-03  2.368E-03  3.100E-03  4.411E-03  6.115E-03  7.451E-03  9.927E-03  1.191E-02  1.499E-02  1.730E-02  2.150E-02  2.344E-02  2.894E-02  3.402E-02  4.028E-02  4.726E-02  5.289E-02  6.226E-02  6.931E-02  7.691E-02  8.694E-02  9.665E-02  1.069E-01  1.175E-01  1.321E-01  1.436E-01  1.545E-01  1.695E-01  1.832E-01  1.970E-01  2.092E-01  2.203E-01  2.313E-01  2.408E-01  2.450E-01  2.496E-01  2.501E-01  2.502E-01  2.523E-01  2.499E-01  2.504E-01  2.521E-01  2.543E-01  2.617E-01  2.587E-01  2.670E-01  2.697E-01  2.762E-01  2.823E-01  2.847E-01  2.912E-01  3.020E-01  3.038E-01  3.135E-01  3.188E-01  3.255E-01  3.259E-01  3.337E-01  3.345E-01  3.410E-01  3.447E-01  3.460E-01  3.438E-01  3.490E-01  3.496E-01  3.454E-01  3.421E-01  3.411E-01  3.410E-01  3.333E-01  3.275E-01  3.246E-01  3.197E-01  3.135E-01  3.043E-01  3.002E-01  2.884E-01  2.845E-01  2.733E-01  2.694E-01  2.562E-01  2.487E-01  2.409E-01  2.314E-01  2.236E-01  2.132E-01  2.058E-01  1.967E-01  1.853E-01  1.784E-01  1.701E-01  1.594E-01  1.523E-01  1.425E-01  1.368E-01  1.262E-01  1.201E-01  1.112E-01  1.044E-01  9.842E-02  9.245E-02  8.423E-02  7.799E-02  7.277E-02  6.703E-02  6.156E-02  5.701E-02  5.253E-02  4.883E-02  4.444E-02  4.060E-02  3.704E-02  3.434E-02  3.044E-02  2.863E-02  2.554E-02  2.308E-02  2.114E-02  1.920E-02  1.692E-02  1.560E-02  1.460E-02  1.228E-02  1.137E-02  1.030E-02  9.380E-03  8.491E-03  7.308E-03  6.377E-03  5.919E-03  5.282E-03  4.921E-03  4.651E-03  4.058E-03  3.401E-03  3.404E-03  2.713E-03  2.611E-03  2.150E-03  1.940E-03  1.800E-03  1.679E-03  1.492E-03  1.258E-03  1.137E-03  1.014E-03  8.642E-04  7.391E-04  5.836E-04  5.606E-04  5.130E-04  4.629E-04  4.120E-04  2.984E-04  3.995E-04  2.824E-04  3.016E-04  2.225E-04  1.491E-04  1.910E-04  1.485E-04  1.011E-04  1.591E-04  1.195E-04  7.696E-05  8.835E-05  7.598E-05  5.845E-05  7.022E-05  5.211E-05  5.755E-05  3.394E-05  2.874E-05  5.604E-06  2.889E-05  4.042E-05  1.179E-05  1.727E-05  1.692E-05  2.867E-05  2.193E-05  1.700E-05  5.680E-06  0.000E+00  Z
 0.000E+00  0.000E+00  0.000E+00  0.000E+00  0.000E+00  0.000E+00  0.000E+00  0.000E+00  0.000E+00  0.000E+00  0.000E+00  0.000E+00  0.000E+00  0.000E+00  2.123E-05  4.142E-05  8.061E-05  3.878E-05  3.797E-05  7.419E-05  1.090E-04  7.028E-05  1.039E-04  1.681E-04  3.130E-04  5.827E-04  6.514E-04  9.494E-04  1.054E-03  2.000E-03  2.675E-03  3.203E-03  4.787E-03  5.414E-03  7.370E-03  8.977E-03  1.180E-02  1.414E-02  1.722E-02  2.125E-02  2.463E-02  2.938E-02  3.402E-02  4.031E-02  4.433E-02  5.239E-02  6.042E-02  6.917E-02  7.940E-02  8.789E-02  9.791E-02  1.068E-01  1.196E-01  1.309E-01  1.423E-01  1.560E-01  1.704E-01  1.839E-01  1.988E-01  2.117E-01  2.222E-01  2.320E-01  2.442E-01  2.428E-01  2.487E-01  2.513E-01  2.547E-01  2.533E-01  2.537E-01  2.563E-01  2.564E-01  2.597E-01  2.609E-01  2.650E-01  2.704E-01  2.757E-01  2.802E-01  2.854E-01  2.919E-01  2.965E-01  3.061E-01  3.143E-01  3.188E-01  3.281E-01  3.316E-01  3.379E-01  3.427E-01  3.475E-01  3.493E-01  3.534E-01  3.551E-01  3.564E-01  3.599E-01  3.582E-01  3.563E-01  3.511E-01  3.534E-01  3.525E-01  3.463E-01  3.431E-01  3.367E-01  3.314E-01  3.266E-01  3.204E-01  3.147E-01  3.061E-01  2.980E-01  2.880E-01  2.789E-01  2.733E-01  2.614E-01  2.534E-01  2.437E-01  2.356E-01  2.266E-01  2.164E-01  2.060E-01  1.968E-01  1.880E-01  1.799E-01  1.693E-01  1.608E-01  1.528E-01  1.422E-01  1.372E-01  1.273E-01  1.208E-01  1.132E-01  1.043E-01  9.705E-02  9.253E-02  8.635E-02  7.832E-02  7.203E-02  6.835E-02  6.195E-02  5.733E-02  5.198E-02  4.916E-02  4.418E-02  3.955E-02  3.727E-02  3.442E-02  3.104E-02  2.863E-02  2.540E-02  2.363E-02  2.062E-02  1.828E-02  1.772E-02  1.556E-02  1.427E-02  1.211E-02  1.117E-02  1.024E-02  9.018E-03  8.214E-03  7.647E-03  6.320E-03  6.181E-03  5.432E-03  4.748E-03  4.492E-03  3.601E-03  3.537E-03  3.110E-03  2.330E-03  2.580E-03  2.237E-03  2.035E-03  1.500E-03  1.502E-03  1.393E-03  1.176E-03  1.084E-03  7.422E-04  7.745E-04  7.551E-04  8.018E-04  5.490E-04  4.931E-04  4.543E-04  4.487E-04  4.065E-04  3.669E-04  2.880E-04  2.388E-04  2.806E-04  1.959E-04  2.078E-04  2.197E-04  1.422E-04  1.004E-04  1.110E-04  7.594E-05  7.607E-05  7.462E-05  4.605E-05  3.509E-05  5.720E-05  3.449E-05  3.452E-05  2.901E-05  1.715E-05  0.000E+00  Z
 0.000E+00  0.000E+00  0.000E+00  0.000E+00  0.000E+00  0.000E+00  0.000E+00  0.000E+00  0.000E+00  0.000E+00  0.000E+00  0.000E+00  0.000E+00  0.000E+00  2.138E-05  0.000E+00  0.000E+00  0.000E+00  7.544E-05  1.856E-05  0.000E+00  2.118E-04  1.544E-04  2.023E-04  2.801E-04  3.884E-04  6.661E-04  7.941E-04  1.164E-03  1.683E-03  2.291E-03  3.289E-03  4.473E-03  6.095E-03  8.052E-03  9.357E-03  1.186E-02  1.472E-02  1.749E-02  2.104E-02  2.496E-02  2.956E-02  3.534E-02  3.924E-02  4.681E-02  5.269E-02  6.277E-02  6.690E-02  7.776E-02  8.795E-02  9.709E-02  1.088E-01  1.179E-01  1.302E-01  1.413E-01  1.546E-01  1.693E-01  1.871E-01  1.996E-01  2.102E-01  2.248E-01  2.319E-01  2.400E-01  2.467E-01  2.511E-01  2.522E-01  2.552E-01  2.533E-01  2.566E-01  2.542E-01  2.581E-01  2.610E-01  2.657E-01  2.660E-01  2.721E-01  2.775E-01  2.796E-01  2.877E-01  2.961E-01  3.040E-01  3.078E-01  3.141E-01  3.229E-01  3.289E-01  3.351E-01  3.372E-01  3.453E-01  3.512E-01  3.534E-01  3.543E-01  3.593E-01  3.618E-01  3.601E-01  3.598E-01  3.593E-01  3.571E-01  3.564E-01  3.525E-01  3.512E-01  3.419E-01  3.396E-01  3.366E-01  3.296E-01  3.193E-01  3.175E-01  3.066E-01  2.989E-01  2.892E-01  2.844E-01  2.735E-01  2.639E-01  2.560E-01  2.482E-01  2.377E-01  2.250E-01  2.166E-01  2.072E-01  2.002E-01  1.887E-01  1.818E-01  1.732E-01  1.613E-01  1.560E-01  1.444E-01  1.365E-01  1.291E-01  1.211E-01  1.126E-01  1.056E-01  9.730E-02  9.202E-02  8.510E-02  7.969E-02  7.215E-02  6.836E-02  6.288E-02  5.814E-02  5.207E-02  4.879E-02  4.487E-02  4.061E-02  3.877E-02  3.417E-02  3.177E-02  2.790E-02  2.587E-02  2.312E-02  2.108E-02  1.972E-02  1.760E-02  1.526E-02  1.359E-02  1.271E-02  1.137E-02  1.056E-02  9.414E-03  8.353E-03  7.103E-03  6.797E-03  6.289E-03  5.787E-03  4.799E-03  4.144E-03  3.703E-03  3.404E-03  2.671E-03  2.816E-03  2.577E-03  2.120E-03  1.978E-03  1.833E-03  1.390E-03  1.458E-03  1.208E-03  1.008E-03  9.911E-04  8.384E-04  8.457E-04  7.108E-04  6.244E-04  5.055E-04  5.562E-04  3.452E-04  3.618E-04  3.429E-04  3.076E-04  2.639E-04  2.440E-04  1.785E-04  1.480E-04  1.300E-04  1.780E-04  8.182E-05  8.716E-05  5.951E-05  9.832E-05  8.203E-05  8.155E-05  4.044E-05  4.010E-05  3.413E-05  2.275E-05  2.352E-05  5.875E-06  2.841E-05  2.317E-05  2.251E-05  1.173E-05  2.845E-05  5.732E-06  5.509E-06  2.243E-05  1.105E-05  1.101E-05  0.000E+00  Z
 0.000E+00  0.000E+00  0.000E+00  0.000E+00  0.000E+00  0.000E+00  0.000E+00  0.000E+00  0.000E+00  0.000E+00  0.000E+00  0.000E+00  0.000E+00  0.000E+00  0.000E+00  0.000E+00  0.000E+00  1.962E-05  9.503E-05  9.252E-05  9.019E-05  1.233E-04  1.374E-04  1.856E-04  4.628E-04  2.905E-04  4.274E-04  1.073E-03  1.409E-03  1.443E-03  2.562E-03  3.168E-03  4.226E-03  5.900E-03  7.127E-03  9.048E-03  1.128E-02  1.421E-02  1.763E-02  2.101E-02  2.363E-02  2.911E-02  3.464E-02  4.128E-02  4.619E-02  5.313E-02  6.195E-02  6.914E-02  7.765E-02  8.609E-02  9.740E-02  1.069E-01  1.161E-01  1.301E-01  1.428E-01  1.545E-01  1.700E-01  1.850E-01  1.981E-01  2.091E-01  2.232E-01  2.312E-01  2.378E-01  2.476E-01  2.531E-01  2.531E-01  2.517E-01  2.515E-01  2.555E-01  2.585E-01  2.597E-01  2.605E-01  2.652E-01  2.675E-01  2.738E-01  2.766E-01  2.838E-01  2.889E-01  2.975E-01  3.009E-01  3.104E-01  3.154E-01  3.262E-01  3.303E-01  3.398E-01  3.439E-01  3.488E-01  3.524E-01  3.581E-01  3.638E-01  3.626E-01  3.664E-01  3.651E-01  3.655E-01  3.622E-01  3.672E-01  3.586E-01  3.576E-01  3.553E-01  3.496E-01  3.476E-01  3.414E-01  3.327E-01  3.291E-01  3.201E-01  3.089E-01  3.078E-01  2.965E-01  2.898E-01  2.796E-01  2.680E-01  2.635E-01  2.521E-01  2.422E-01  2.345E-01  2.234E-01  2.150E-01  2.052E-01  1.945E-01  1.842E-01  1.763E-01  1.696E-01  1.599E-01  1.498E-01  1.396E-01  1.336E-01  1.265E-01  1.173E-01  1.099E-01  1.021E-01  9.685E-02  9.016E-02  8.239E-02  7.647E-02  7.031E-02  6.520E-02  6.028E-02  5.557E-02  4.959E-02  4.672E-02  4.381E-02  3.914E-02  3.566E-02  3.208E-02  2.936E-02  2.763E-02  2.353E-02  2.195E-02  2.036E-02  1.816E-02  1.702E-02  1.475E-02  1.326E-02  1.218E-02  1.072E-02  9.555E-03  8.938E-03  8.101E-03  7.040E-03  6.156E-03  5.853E-03  4.899E-03  4.567E-03  4.023E-03  3.562E-03  3.310E-03  3.067E-03  2.561E-03  2.395E-03  2.241E-03  1.829E-03  1.462E-03  1.263E-03  1.240E-03  1.230E-03  1.075E-03  9.061E-04  7.731E-04  8.058E-04  6.533E-04  5.534E-04  4.918E-04  3.820E-04  4.660E-04  3.855E-04  3.482E-04  2.891E-04  2.034E-04  1.728E-04  1.961E-04  1.532E-04  1.472E-04  1.122E-04  1.181E-04  8.158E-05  6.413E-05  6.976E-05  6.445E-05  3.457E-05  4.012E-05  5.256E-05  5.790E-05  4.086E-05  4.035E-05  2.775E-05  3.406E-05  5.866E-06  2.329E-05  0.000E+00  Z
 0.000E+00  0.000E+00  0.000E+00  0.000E+00  0.000E+00  0.000E+00  0.000E+00  0.000E+00  0.000E+00  0.000E+00  0.000E+00  0.000E+00  0.000E+00  0.000E+00  2.139E-05  2.057E-05  0.000E+00  5.842E-05  3.773E-05  5.543E-05  3.613E-05  1.231E-04  2.073E-04  2.202E-04  3.297E-04  5.504E-04  8.416E-04  1.027E-03  1.621E-03  1.986E-03  2.793E-03  3.350E-03  4.859E-03  5.925E-03  7.769E-03  9.423E-03  1.103E-02  1.385E-02  1.799E-02  2.034E-02  2.531E-02  2.950E-02  3.449E-02  4.032E-02  4.644E-02  5.324E-02  5.934E-02  6.934E-02  7.662E-02  8.828E-02  9.486E-02  1.066E-01  1.193E-01  1.311E-01  1.435E-01  1.555E-01  1.689E-01  1.857E-01  1.978E-01  2.141E-01  2.186E-01  2.342E-01  2.433E-01  2.482E-01  2.533E-01  2.538E-01  2.536E-01  2.566E-01  2.567E-01  2.580E-01  2.583E-01  2.614E-01  2.642E-01  2.710E-01  2.760E-01  2.841E-01  2.870E-01  2.944E-01  3.044E-01  3.093E-01  3.149E-01  3.254E-01  3.325E-01  3.391E-01  3.461E-01  3.521E-01  3.567E-01  3.598E-01  3.663E-01  3.690E-01  3.692E-01  3.720E-01  3.754E-01  3.732E-01  3.789E-01  3.744E-01  3.697E-01  3.670E-01  3.615E-01  3.628E-01  3.572E-01  3.487E-01  3.442E-01  3.369E-01  3.301E-01  3.227E-01  3.171E-01  3.075E-01  2.981E-01  2.887E-01  2.803E-01  2.695E-01  2.596E-01  2.543E-01  2.409E-01  2.357E-01  2.240E-01  2.115E-01  2.033E-01  1.959E-01  1.852E-01  1.767E-01  1.670E-01  1.556E-01  1.471E-01  1.405E-01  1.325E-01  1.207E-01  1.145E-01  1.088E-01  1.002E-01  9.314E-02  8.716E-02  7.965E-02  7.490E-02  6.925E-02  6.395E-02  5.856E-02  5.221E-02  4.826E-02  4.484E-02  4.211E-02  3.851E-02  3.405E-02  3.199E-02  2.901E-02  2.670E-02  2.340E-02  2.158E-02  1.974E-02  1.710E-02  1.620E-02  1.411E-02  1.322E-02  1.130E-02  1.063E-02  9.454E-03  8.278E-03  7.776E-03  6.657E-03  5.969E-03  5.462E-03  5.131E-03  4.401E-03  4.046E-03  3.521E-03  3.227E-03  2.824E-03  2.477E-03  2.322E-03  1.917E-03  1.935E-03  1.482E-03  1.278E-03  1.265E-03  1.101E-03  8.841E-04  8.557E-04  8.009E-04  6.885E-04  5.249E-04  5.475E-04  3.935E-04  4.772E-04  4.029E-04  3.325E-04  2.942E-04  1.553E-04  1.978E-04  1.434E-04  2.266E-04  2.188E-04  1.592E-04  1.711E-04  1.169E-04  7.659E-05  8.198E-05  7.510E-05  7.012E-05  4.076E-05  5.251E-05  4.609E-05  2.295E-05  4.563E-05  3.480E-05  1.109E-05  2.894E-05  2.860E-05  5.862E-06  2.827E-05  3.410E-05  0.000E+00  Z
 0.000E+00  0.000E+00  0.000E+00  0.000E+00  0.000E+00  0.000E+00  0.000E+00  0.000E+00  0.000E+00  0.000E+00  0.000E+00  0.000E+00  0.000E+00  0.000E+00  0.000E+00  2.096E-05  0.000E+00  3.927E-05  1.893E-05  5.584E-05  1.447E-04  7.096E-05  1.030E-04  2.187E-04  2.799E-04  5.178E-04  7.614E-04  1.120E-03  1.407E-03  1.906E-03  2.782E-03  3.086E-03  4.341E-03  5.275E-03  7.345E-03  9.317E-03  1.152E-02  1.462E-02  1.719E-02  2.097E-02  2.530E-02  2.898E-02  3.474E-02  3.973E-02  4.663E-02  5.215E-02  6.082E-02  6.810E-02  7.626E-02  8.603E-02  9.784E-02  1.091E-01  1.176E-01  1.287E-01  1.441E-01  1.560E-01  1.697E-01  1.836E-01  1.982E-01  2.146E-01  2.252E-01  2.366E-01  2.462E-01  2.489E-01  2.515E-01  2.517E-01  2.581E-01  2.577E-01  2.602E-01  2.600E-01  2.612E-01  2.674E-01  2.705E-01  2.718E-01  2.803E-01  2.860E-01  2.959E-01  3.015E-01  3.101E-01  3.168E-01  3.221E-01  3.336E-01  3.401E-01  3.476E-01  3.573E-01  3.620E-01  3.678E-01  3.760E-01  3.800E-01  3.860E-01  3.903E-01  3.914E-01  3.895E-01  3.908E-01  3.907E-01  3.900E-01  3.869E-01  3.851E-01  3.863E-01  3.798E-01  3.724E-01  3.698E-01  3.653E-01  3.574E-01  3.508E-01  3.452E-01  3.341E-01  3.269E-01  3.156E-01  3.100E-01  2.976E-01  2.903E-01  2.815E-01  2.709E-01  2.597E-01  2.489E-01  2.401E-01  2.305E-01  2.179E-01  2.070E-01  1.996E-01  1.886E-01  1.807E-01  1.694E-01  1.611E-01  1.509E-01  1.440E-01  1.346E-01  1.274E-01  1.183E-01  1.113E-01  1.046E-01  9.710E-02  9.005E-02  8.246E-02  7.558E-02  7.060E-02  6.428E-02  6.012E-02  5.540E-02  5.052E-02  4.595E-02  4.275E-02  3.907E-02  3.561E-02  3.276E-02  2.933E-02  2.609E-02  2.487E-02  2.222E-02  2.011E-02  1.804E-02  1.631E-02  1.472E-02  1.302E-02  1.173E-02  1.028E-02  9.614E-03  8.653E-03  7.723E-03  6.989E-03  6.260E-03  5.566E-03  4.599E-03  4.422E-03  3.953E-03  3.439E-03  3.059E-03  2.757E-03  2.599E-03  2.187E-03  1.949E-03  1.930E-03  1.558E-03  1.343E-03  1.252E-03  1.037E-03  1.111E-03  9.272E-04  6.945E-04  6.441E-04  5.953E-04  4.686E-04  4.040E-04  3.603E-04  3.049E-04  3.581E-04  2.798E-04  2.519E-04  1.899E-04  2.072E-04  1.482E-04  1.420E-04  1.047E-04  1.225E-04  1.577E-04  1.094E-04  1.168E-04  4.065E-05  5.207E-05  6.372E-05  6.283E-05  3.986E-05  4.047E-05  1.133E-05  1.745E-05  2.848E-05  2.862E-05  5.693E-06  2.274E-05  2.804E-05  1.109E-05  1.739E-05  1.095E-05  1.082E-05  1.671E-05  1.122E-05  1.669E-05  0.000E+00  Z
 0.000E+00  0.000E+00  0.000E+00  0.000E+00  0.000E+00  0.000E+00  0.000E+00  0.000E+00  0.000E+00  0.000E+00  0.000E+00  0.000E+00  0.000E+00  0.000E+00  0.000E+00  4.177E-05  0.000E+00  0.000E+00  1.888E-05  1.847E-05  3.594E-05  1.585E-04  1.898E-04  2.349E-04  3.470E-04  4.881E-04  6.332E-04  9.495E-04  1.421E-03  2.135E-03  2.822E-03  3.242E-03  4.312E-03  5.743E-03  7.222E-03  9.475E-03  1.173E-02  1.416E-02  1.595E-02  2.050E-02  2.472E-02  2.875E-02  3.287E-02  3.933E-02  4.614E-02  5.327E-02  6.025E-02  6.764E-02  7.711E-02  8.692E-02  9.629E-02  1.081E-01  1.196E-01  1.323E-01  1.420E-01  1.574E-01  1.701E-01  1.848E-01  2.014E-01  2.111E-01  2.253E-01  2.365E-01  2.441E-01  2.488E-01  2.522E-01  2.583E-01  2.576E-01  2.588E-01  2.579E-01  2.653E-01  2.667E-01  2.688E-01  2.735E-01  2.814E-01  2.819E-01  2.934E-01  2.996E-01  3.090E-01  3.131E-01  3.252E-01  3.313E-01  3.426E-01  3.517E-01  3.581E-01  3.661E-01  3.718E-01  3.795E-01  3.852E-01  3.928E-01  3.978E-01  3.969E-01  4.036E-01  4.052E-01  4.049E-01  4.063E-01  4.085E-01  4.069E-01  3.969E-01  3.992E-01  3.961E-01  3.909E-01  3.871E-01  3.795E-01  3.777E-01  3.676E-01  3.616E-01  3.544E-01  3.461E-01  3.339E-01  3.264E-01  3.177E-01  3.051E-01  2.961E-01  2.885E-01  2.772E-01  2.678E-01  2.546E-01  2.451E-01  2.337E-01  2.235E-01  2.123E-01  2.033E-01  1.945E-01  1.841E-01  1.751E-01  1.633E-01  1.557E-01  1.463E-01  1.378E-01  1.288E-01  1.213E-01  1.132E-01  1.044E-01  9.635E-02  9.155E-02  8.540E-02  7.774E-02  7.156E-02  6.699E-02  6.125E-02  5.601E-02  5.165E-02  4.742E-02  4.239E-02  3.917E-02  3.618E-02  3.247E-02  2.952E-02  2.661E-02  2.429E-02  2.234E-02  1.926E-02  1.815E-02  1.681E-02  1.529E-02  1.322E-02  1.204E-02  1.102E-02  9.637E-03  8.742E-03  7.908E-03  7.164E-03  6.183E-03  5.404E-03  5.136E-03  4.239E-03  4.123E-03  3.592E-03  3.095E-03  2.763E-03  2.637E-03  2.343E-03  1.916E-03  1.833E-03  1.635E-03  1.279E-03  1.342E-03  1.169E-03  9.253E-04  8.482E-04  7.858E-04  5.392E-04  6.215E-04  4.459E-04  4.399E-04  4.502E-04  3.771E-04  2.864E-04  2.202E-04  2.255E-04  1.834E-04  1.996E-04  1.061E-04  1.410E-04  1.185E-04  7.603E-05  9.880E-05  6.345E-05  1.096E-04  7.471E-05  1.099E-04  6.408E-05  6.315E-05  5.161E-05  4.529E-05  2.313E-05  3.391E-05  3.406E-05  1.106E-05  2.829E-05  0.000E+00  Z
 0.000E+00  0.000E+00  0.000E+00  0.000E+00  0.000E+00  0.000E+00  0.000E+00  0.000E+00  0.000E+00  0.000E+00  0.000E+00  0.000E+00  0.000E+00  0.000E+00  0.000E+00  0.000E+00  0.000E+00  0.000E+00  0.000E+00  9.312E-05  8.994E-05  1.236E-04  2.581E-04  2.527E-04  2.470E-04  5.823E-04  5.555E-04  1.168E-03  1.346E-03  1.927E-03  2.159E-03  3.275E-03  4.256E-03  5.955E-03  7.190E-03  9.173E-03  1.126E-02  1.344E-02  1.764E-02  2.072E-02  2.505E-02  2.962E-02  3.416E-02  4.053E-02  4.436E-02  5.336E-02  6.046E-02  6.696E-02  7.583E-02  8.467E-02  9.560E-02  1.069E-01  1.175E-01  1.313E-01  1.449E-01  1.550E-01  1.721E-01  1.852E-01  2.019E-01  2.138E-01  2.222E-01  2.340E-01  2.448E-01  2.488E-01  2.536E-01  2.585E-01  2.605E-01  2.599E-01  2.617E-01  2.632E-01  2.672E-01  2.759E-01  2.730E-01  2.836E-01  2.877E-01  2.962E-01  3.023E-01  3.100E-01  3.192E-01  3.241E-01  3.368E-01  3.462E-01  3.553E-01  3.637E-01  3.704E-01  3.780E-01  3.821E-01  3.928E-01  3.982E-01  4.047E-01  4.064E-01  4.092E-01  4.126E-01  4.112E-01  4.132E-01  4.174E-01  4.131E-01  4.110E-01  4.105E-01  4.016E-01  3.983E-01  3.959E-01  3.913E-01  3.820E-01  3.773E-01  3.694E-01  3.613E-01  3.544E-01  3.438E-01  3.347E-01  3.260E-01  3.152E-01  3.057E-01  2.967E-01  2.835E-01  2.743E-01  2.637E-01  2.527E-01  2.432E-01  2.306E-01  2.225E-01  2.098E-01  2.025E-01  1.907E-01  1.818E-01  1.704E-01  1.604E-01  1.515E-01  1.409E-01  1.335E-01  1.263E-01  1.177E-01  1.112E-01  1.015E-01  9.479E-02  8.601E-02  8.215E-02  7.510E-02  6.960E-02  6.428E-02  5.770E-02  5.385E-02  5.042E-02  4.545E-02  4.179E-02  3.775E-02  3.371E-02  3.117E-02  2.870E-02  2.613E-02  2.333E-02  2.109E-02  1.945E-02  1.713E-02  1.512E-02  1.393E-02  1.263E-02  1.170E-02  9.950E-03  9.154E-03  8.528E-03  7.295E-03  6.471E-03  5.743E-03  5.347E-03  4.802E-03  3.944E-03  3.865E-03  3.484E-03  3.096E-03  2.526E-03  2.276E-03  1.989E-03  1.740E-03  1.677E-03  1.396E-03  1.241E-03  1.203E-03  1.041E-03  7.541E-04  7.275E-04  8.432E-04  5.693E-04  5.265E-04  5.070E-04  5.457E-04  3.726E-04  3.569E-04  2.584E-04  2.148E-04  2.449E-04  2.194E-04  2.008E-04  1.699E-04  1.407E-04  1.632E-04  9.954E-05  1.279E-04  8.614E-05  6.359E-05  4.040E-05  4.067E-05  6.829E-05  3.447E-05  1.714E-05  5.066E-05  2.269E-05  2.272E-05  3.952E-05  1.710E-05  1.711E-05  0.000E+00  Z
 0.000E+00  0.000E+00  0.000E+00  0.000E+00  0.000E+00  0.000E+00  0.000E+00  0.000E+00  0.000E+00  0.000E+00  0.000E+00  0.000E+00  0.000E+00  2.220E-05  0.000E+00  6.184E-05  4.040E-05  1.955E-05  1.926E-05  0.000E+00  3.606E-05  8.804E-05  3.415E-05  2.191E-04  3.784E-04  4.205E-04  8.086E-04  9.332E-04  1.344E-03  1.773E-03  2.589E-03  3.145E-03  4.070E-03  5.547E-03  7.128E-03  9.186E-03  1.087E-02  1.397E-02  1.717E-02  2.069E-02  2.542E-02  2.841E-02  3.362E-02  3.964E-02  4.596E-02  5.272E-02  6.109E-02  6.783E-02  7.717E-02  8.680E-02  9.691E-02  1.061E-01  1.181E-01  1.314E-01  1.445E-01  1.594E-01  1.710E-01  1.832E-01  1.988E-01  2.119E-01  2.276E-01  2.344E-01  2.424E-01  2.490E-01  2.537E-01  2.566E-01  2.580E-01  2.616E-01  2.629E-01  2.654E-01  2.680E-01  2.757E-01  2.800E-01  2.821E-01  2.894E-01  2.981E-01  3.061E-01  3.174E-01  3.266E-01  3.292E-01  3.440E-01  3.501E-01  3.570E-01  3.698E-01  3.756E-01  3.844E-01  3.935E-01  3.975E-01  4.035E-01  4.070E-01  4.137E-01  4.128E-01  4.187E-01  4.184E-01  4.198E-01  4.218E-01  4.176E-01  4.155E-01  4.120E-01  4.120E-01  4.118E-01  4.066E-01  3.980E-01  3.926E-01  3.888E-01  3.816E-01  3.705E-01  3.602E-01  3.524E-01  3.420E-01  3.316E-01  3.245E-01  3.173E-01  3.036E-01  2.931E-01  2.804E-01  2.726E-01  2.640E-01  2.514E-01  2.398E-01  2.292E-01  2.192E-01  2.064E-01  1.962E-01  1.873E-01  1.765E-01  1.668E-01  1.584E-01  1.475E-01  1.395E-01  1.300E-01  1.206E-01  1.132E-01  1.069E-01  9.865E-02  9.049E-02  8.515E-02  7.972E-02  7.126E-02  6.732E-02  6.153E-02  5.718E-02  5.145E-02  4.672E-02  4.390E-02  3.973E-02  3.596E-02  3.300E-02  3.025E-02  2.772E-02  2.498E-02  2.176E-02  1.975E-02  1.809E-02  1.670E-02  1.491E-02  1.341E-02  1.220E-02  1.111E-02  9.619E-03  9.030E-03  7.831E-03  6.664E-03  6.507E-03  5.648E-03  4.610E-03  4.539E-03  4.149E-03  3.454E-03  3.275E-03  2.636E-03  2.536E-03  2.394E-03  1.772E-03  1.693E-03  1.505E-03  1.353E-03  1.267E-03  1.007E-03  8.966E-04  8.505E-04  7.841E-04  5.497E-04  5.556E-04  5.488E-04  4.322E-04  4.559E-04  2.905E-04  2.856E-04  2.206E-04  3.022E-04  2.183E-04  1.948E-04  1.536E-04  1.582E-04  1.294E-04  1.644E-04  6.369E-05  5.859E-05  1.153E-04  4.015E-05  9.192E-05  8.648E-05  1.155E-05  5.752E-05  2.836E-05  5.116E-05  8.038E-05  2.233E-05  1.697E-05  5.882E-06  1.695E-05  1.161E-05  2.804E-05  0.000E+00  Z
 0.000E+00  0.000E+00  0.000E+00  0.000E+00  0.000E+00  0.000E+00  0.000E+00  0.000E+00  0.000E+00  0.000E+00  0.000E+00  0.000E+00  2.327E-05  0.000E+00  0.000E+00  4.176E-05  1.988E-05  3.899E-05  0.000E+00  1.872E-05  7.199E-05  2.471E-04  6.910E-05  2.199E-04  2.308E-04  5.010E-04  7.153E-04  7.774E-04  1.223E-03  1.954E-03  2.133E-03  3.066E-03  4.038E-03  5.220E-03  7.223E-03  9.015E-03  1.081E-02  1.329E-02  1.731E-02  1.917E-02  2.424E-02  2.808E-02  3.311E-02  4.021E-02  4.549E-02  5.218E-02  6.047E-02  6.837E-02  7.706E-02  8.484E-02  9.793E-02  1.063E-01  1.194E-01  1.296E-01  1.441E-01  1.582E-01  1.690E-01  1.839E-01  1.995E-01  2.132E-01  2.268E-01  2.344E-01  2.431E-01  2.485E-01  2.539E-01  2.594E-01  2.639E-01  2.641E-01  2.656E-01  2.676E-01  2.710E-01  2.786E-01  2.802E-01  2.860E-01  2.965E-01  3.000E-01  3.065E-01  3.174E-01  3.271E-01  3.375E-01  3.443E-01  3.561E-01  3.660E-01  3.744E-01  3.859E-01  3.905E-01  3.977E-01  4.079E-01  4.136E-01  4.178E-01  4.196E-01  4.291E-01  4.291E-01  4.313E-01  4.324E-01  4.352E-01  4.341E-01  4.320E-01  4.322E-01  4.260E-01  4.256E-01  4.159E-01  4.137E-01  4.069E-01  3.988E-01  3.924E-01  3.880E-01  3.782E-01  3.673E-01  3.583E-01  3.490E-01  3.402E-01  3.262E-01  3.217E-01  3.082E-01  2.974E-01  2.858E-01  2.751E-01  2.654E-01  2.522E-01  2.435E-01  2.289E-01  2.216E-01  2.097E-01  1.980E-01  1.900E-01  1.795E-01  1.690E-01  1.594E-01  1.489E-01  1.404E-01  1.328E-01  1.210E-01  1.158E-01  1.057E-01  9.965E-02  9.188E-02  8.575E-02  7.798E-02  7.182E-02  6.718E-02  6.273E-02  5.675E-02  5.330E-02  4.805E-02  4.216E-02  3.996E-02  3.642E-02  3.251E-02  2.972E-02  2.701E-02  2.386E-02  2.245E-02  1.972E-02  1.800E-02  1.667E-02  1.425E-02  1.299E-02  1.189E-02  1.112E-02  9.666E-03  8.539E-03  7.878E-03  6.795E-03  6.220E-03  5.358E-03  4.837E-03  4.313E-03  3.899E-03  3.216E-03  3.130E-03  2.632E-03  2.391E-03  2.306E-03  2.044E-03  1.560E-03  1.491E-03  1.362E-03  1.218E-03  9.831E-04  8.283E-04  9.624E-04  8.297E-04  6.280E-04  4.769E-04  5.351E-04  4.714E-04  4.302E-04  3.765E-04  3.281E-04  3.678E-04  2.847E-04  2.118E-04  2.062E-04  1.359E-04  1.054E-04  1.399E-04  1.114E-04  8.689E-05  5.864E-05  7.395E-05  4.042E-05  3.457E-05  3.997E-05  4.510E-05  3.456E-05  3.492E-05  3.975E-05  2.272E-05  1.106E-05  3.411E-05  3.915E-05  1.147E-05  0.000E+00  Z
 0.000E+00  0.000E+00  0.000E+00  0.000E+00  0.000E+00  0.000E+00  0.000E+00  0.000E+00  0.000E+00  0.000E+00  0.000E+00  0.000E+00  0.000E+00  0.000E+00  0.000E+00  0.000E+00  4.020E-05  1.946E-05  0.000E+00  3.685E-05  7.251E-05  5.292E-05  1.383E-04  1.678E-04  3.961E-04  3.563E-04  4.916E-04  9.348E-04  1.101E-03  2.015E-03  2.338E-03  3.358E-03  4.585E-03  5.830E-03  6.399E-03  8.908E-03  1.110E-02  1.379E-02  1.712E-02  2.031E-02  2.403E-02  2.828E-02  3.367E-02  3.919E-02  4.503E-02  5.481E-02  5.976E-02  6.758E-02  7.718E-02  8.495E-02  9.545E-02  1.073E-01  1.187E-01  1.310E-01  1.441E-01  1.585E-01  1.695E-01  1.863E-01  2.006E-01  2.125E-01  2.232E-01  2.352E-01  2.442E-01  2.524E-01  2.528E-01  2.598E-01  2.646E-01  2.657E-01  2.667E-01  2.728E-01  2.740E-01  2.804E-01  2.813E-01  2.887E-01  2.972E-01  3.026E-01  3.131E-01  3.237E-01  3.317E-01  3.410E-01  3.517E-01  3.610E-01  3.749E-01  3.842E-01  3.905E-01  3.983E-01  4.063E-01  4.142E-01  4.249E-01  4.288E-01  4.310E-01  4.360E-01  4.436E-01  4.444E-01  4.443E-01  4.444E-01  4.468E-01  4.421E-01  4.385E-01  4.408E-01  4.373E-01  4.334E-01  4.241E-01  4.190E-01  4.156E-01  4.081E-01  4.007E-01  3.953E-01  3.841E-01  3.741E-01  3.652E-01  3.511E-01  3.455E-01  3.334E-01  3.199E-01  3.124E-01  3.035E-01  2.900E-01  2.801E-01  2.675E-01  2.567E-01  2.461E-01  2.342E-01  2.233E-01  2.101E-01  1.996E-01  1.898E-01  1.799E-01  1.723E-01  1.591E-01  1.504E-01  1.422E-01  1.296E-01  1.220E-01  1.141E-01  1.047E-01  9.977E-02  9.121E-02  8.530E-02  7.882E-02  7.428E-02  6.719E-02  6.059E-02  5.696E-02  5.105E-02  4.661E-02  4.290E-02  3.901E-02  3.627E-02  3.308E-02  2.918E-02  2.652E-02  2.415E-02  2.255E-02  2.027E-02  1.743E-02  1.614E-02  1.414E-02  1.323E-02  1.174E-02  1.063E-02  9.476E-03  8.651E-03  7.467E-03  6.742E-03  6.136E-03  5.531E-03  5.000E-03  4.170E-03  3.888E-03  3.205E-03  3.043E-03  2.727E-03  2.480E-03  2.132E-03  1.812E-03  1.965E-03  1.614E-03  1.282E-03  1.203E-03  1.067E-03  8.811E-04  8.229E-04  7.304E-04  7.218E-04  5.967E-04  5.433E-04  5.098E-04  4.290E-04  4.043E-04  2.965E-04  3.556E-04  2.003E-04  2.130E-04  1.698E-04  1.654E-04  1.148E-04  8.734E-05  1.387E-04  6.362E-05  5.796E-05  1.042E-04  9.786E-05  5.249E-05  3.397E-05  4.484E-05  5.190E-05  4.551E-05  4.462E-05  2.860E-05  2.271E-05  2.274E-05  2.244E-05  2.792E-05  1.672E-05  1.630E-05  1.150E-05  1.082E-05  5.432E-06  1.131E-05  5.548E-06  0.000E+00  Z
 0.000E+00  0.000E+00  0.000E+00  0.000E+00  0.000E+00  0.000E+00  0.000E+00  0.000E+00  0.000E+00  0.000E+00  0.000E+00  0.000E+00  2.302E-05  0.000E+00  0.000E+00  0.000E+00  8.072E-05  3.924E-05  3.761E-05  3.705E-05  7.233E-05  1.230E-04  1.555E-04  2.694E-04  1.984E-04  4.202E-04  5.402E-04  9.820E-04  1.454E-03  1.488E-03  2.544E-03  3.129E-03  4.067E-03  5.659E-03  7.162E-03  8.200E-03  1.113E-02  1.318E-02  1.673E-02  1.978E-02  2.308E-02  2.771E-02  3.258E-02  3.882E-02  4.498E-02  5.105E-02  5.938E-02  6.839E-02  7.602E-02  8.612E-02  9.742E-02  1.068E-01  1.195E-01  1.311E-01  1.456E-01  1.570E-01  1.727E-01  1.863E-01  2.011E-01  2.157E-01  2.268E-01  2.404E-01  2.426E-01  2.555E-01  2.553E-01  2.587E-01  2.611E-01  2.668E-01  2.682E-01  2.718E-01  2.801E-01  2.842E-01  2.908E-01  2.947E-01  3.059E-01  3.109E-01  3.231E-01  3.328E-01  3.416E-01  3.524E-01  3.620E-01  3.757E-01  3.846E-01  3.960E-01  4.043E-01  4.144E-01  4.260E-01  4.343E-01  4.409E-01  4.507E-01  4.550E-01  4.591E-01  4.635E-01  4.704E-01  4.709E-01  4.734E-01  4.692E-01  4.718E-01  4.757E-01  4.722E-01  4.672E-01  4.624E-01  4.629E-01  4.547E-01  4.535E-01  4.450E-01  4.403E-01  4.271E-01  4.173E-01  4.084E-01  4.012E-01  3.916E-01  3.814E-01  3.709E-01  3.612E-01  3.470E-01  3.329E-01  3.239E-01  3.143E-01  3.010E-01  2.882E-01  2.759E-01  2.657E-01  2.520E-01  2.427E-01  2.277E-01  2.176E-01  2.076E-01  1.948E-01  1.860E-01  1.743E-01  1.634E-01  1.543E-01  1.437E-01  1.359E-01  1.245E-01  1.167E-01  1.097E-01  1.002E-01  9.304E-02  8.630E-02  8.004E-02  7.385E-02  6.747E-02  6.244E-02  5.731E-02  5.208E-02  4.802E-02  4.413E-02  3.969E-02  3.639E-02  3.281E-02  2.973E-02  2.656E-02  2.430E-02  2.190E-02  2.011E-02  1.811E-02  1.601E-02  1.482E-02  1.311E-02  1.118E-02  9.698E-03  9.116E-03  8.403E-03  7.655E-03  6.727E-03  5.988E-03  5.107E-03  4.705E-03  4.374E-03  3.772E-03  3.359E-03  3.071E-03  2.520E-03  2.433E-03  2.053E-03  1.848E-03  1.660E-03  1.432E-03  1.443E-03  1.126E-03  1.153E-03  7.974E-04  7.896E-04  7.743E-04  6.778E-04  5.857E-04  4.477E-04  3.698E-04  3.394E-04  3.131E-04  3.137E-04  1.989E-04  1.874E-04  2.518E-04  1.571E-04  1.328E-04  5.769E-05  1.220E-04  1.147E-04  9.263E-05  1.087E-04  7.318E-05  5.657E-05  4.034E-05  5.141E-05  6.791E-05  4.518E-05  3.905E-05  2.201E-05  2.252E-05  2.265E-05  1.094E-05  1.115E-05  1.147E-05  5.463E-06  1.671E-05  1.669E-05  5.564E-06  5.725E-06  1.651E-05  0.000E+00  Z
 0.000E+00  0.000E+00  0.000E+00  0.000E+00  0.000E+00  0.000E+00  0.000E+00  0.000E+00  0.000E+00  0.000E+00  0.000E+00  0.000E+00  0.000E+00  0.000E+00  4.306E-05  0.000E+00  2.000E-05  3.883E-05  1.898E-05  5.571E-05  1.081E-04  7.003E-05  1.378E-04  2.186E-04  4.124E-04  4.698E-04  4.749E-04  9.046E-04  1.239E-03  1.564E-03  2.576E-03  3.130E-03  3.873E-03  5.183E-03  7.125E-03  8.702E-03  1.140E-02  1.199E-02  1.696E-02  1.951E-02  2.425E-02  2.796E-02  3.182E-02  3.682E-02  4.387E-02  4.992E-02  5.890E-02  6.657E-02  7.599E-02  8.507E-02  9.414E-02  1.052E-01  1.155E-01  1.289E-01  1.413E-01  1.566E-01  1.721E-01  1.856E-01  1.994E-01  2.126E-01  2.254E-01  2.341E-01  2.469E-01  2.515E-01  2.572E-01  2.612E-01  2.672E-01  2.679E-01  2.709E-01  2.764E-01  2.796E-01  2.876E-01  2.944E-01  2.989E-01  3.103E-01  3.171E-01  3.286E-01  3.408E-01  3.480E-01  3.589E-01  3.752E-01  3.853E-01  3.944E-01  4.113E-01  4.200E-01  4.283E-01  4.415E-01  4.519E-01  4.602E-01  4.649E-01  4.749E-01  4.802E-01  4.848E-01  4.879E-01  4.933E-01  4.928E-01  5.002E-01  4.938E-01  5.018E-01  4.983E-01  4.910E-01  4.872E-01  4.882E-01  4.854E-01  4.777E-01  4.714E-01  4.627E-01  4.580E-01  4.526E-01  4.414E-01  4.352E-01  4.226E-01  4.150E-01  4.028E-01  3.894E-01  3.790E-01  3.675E-01  3.569E-01  3.406E-01  3.323E-01  3.168E-01  3.050E-01  2.943E-01  2.843E-01  2.675E-01  2.528E-01  2.398E-01  2.291E-01  2.201E-01  2.055E-01  1.961E-01  1.840E-01  1.745E-01  1.623E-01  1.525E-01  1.436E-01  1.332E-01  1.245E-01  1.157E-01  1.082E-01  1.003E-01  9.123E-02  8.456E-02  7.798E-02  7.324E-02  6.507E-02  6.015E-02  5.484E-02  5.075E-02  4.580E-02  4.192E-02  3.797E-02  3.444E-02  3.126E-02  2.875E-02  2.577E-02  2.317E-02  2.092E-02  1.860E-02  1.791E-02  1.571E-02  1.367E-02  1.227E-02  1.147E-02  1.009E-02  8.779E-03  8.015E-03  7.552E-03  6.630E-03  5.619E-03  4.773E-03  4.807E-03  4.120E-03  3.613E-03  3.172E-03  2.749E-03  2.714E-03  2.431E-03  2.023E-03  1.678E-03  1.501E-03  1.123E-03  1.195E-03  1.072E-03  9.515E-04  9.715E-04  6.542E-04  6.440E-04  5.667E-04  5.802E-04  4.257E-04  3.479E-04  3.831E-04  2.691E-04  2.589E-04  2.526E-04  1.577E-04  1.747E-04  1.219E-04  1.225E-04  1.381E-04  1.090E-04  1.310E-04  9.801E-05  5.165E-05  6.894E-05  3.402E-05  6.297E-05  2.256E-05  4.460E-05  2.215E-05  3.882E-05  5.775E-06  1.679E-05  5.588E-06  1.110E-05  1.698E-05  1.143E-05  1.683E-05  1.674E-05  5.632E-06  1.100E-05  1.111E-05  5.494E-06  0.000E+00  Z
 0.000E+00  0.000E+00  0.000E+00  0.000E+00  0.000E+00  0.000E+00  0.000E+00  0.000E+00  0.000E+00  0.000E+00  0.000E+00  0.000E+00  0.000E+00  0.000E+00  2.150E-05  2.054E-05  0.000E+00  3.904E-05  3.794E-05  5.533E-05  7.169E-05  1.224E-04  5.135E-05  1.348E-04  1.814E-04  3.880E-04  5.079E-04  7.775E-04  1.438E-03  1.430E-03  2.160E-03  3.190E-03  3.739E-03  5.024E-03  7.089E-03  8.153E-03  1.082E-02  1.346E-02  1.512E-02  1.907E-02  2.332E-02  2.660E-02  3.241E-02  3.639E-02  4.329E-02  5.170E-02  5.744E-02  6.480E-02  7.376E-02  8.414E-02  9.275E-02  1.033E-01  1.183E-01  1.290E-01  1.400E-01  1.531E-01  1.675E-01  1.861E-01  1.978E-01  2.151E-01  2.277E-01  2.392E-01  2.444E-01  2.551E-01  2.576E-01  2.653E-01  2.678E-01  2.715E-01  2.753E-01  2.823E-01  2.853E-01  2.934E-01  2.988E-01  3.105E-01  3.193E-01  3.271E-01  3.403E-01  3.492E-01  3.687E-01  3.789E-01  3.879E-01  3.983E-01  4.156E-01  4.271E-01  4.418E-01  4.537E-01  4.638E-01  4.756E-01  4.838E-01  4.947E-01  5.030E-01  5.093E-01  5.192E-01  5.256E-01  5.299E-01  5.339E-01  5.326E-01  5.407E-01  5.427E-01  5.417E-01  5.419E-01  5.401E-01  5.352E-01  5.362E-01  5.296E-01  5.209E-01  5.171E-01  5.115E-01  5.026E-01  4.989E-01  4.858E-01  4.773E-01  4.661E-01  4.558E-01  4.437E-01  4.358E-01  4.201E-01  4.085E-01  3.985E-01  3.822E-01  3.719E-01  3.569E-01  3.420E-01  3.322E-01  3.172E-01  3.050E-01  2.906E-01  2.783E-01  2.615E-01  2.517E-01  2.366E-01  2.236E-01  2.119E-01  2.022E-01  1.888E-01  1.769E-01  1.669E-01  1.547E-01  1.452E-01  1.370E-01  1.251E-01  1.172E-01  1.075E-01  9.994E-02  9.277E-02  8.577E-02  7.736E-02  7.316E-02  6.646E-02  6.140E-02  5.524E-02  5.098E-02  4.525E-02  4.089E-02  3.787E-02  3.465E-02  3.115E-02  2.829E-02  2.504E-02  2.322E-02  2.128E-02  1.915E-02  1.705E-02  1.513E-02  1.367E-02  1.183E-02  1.117E-02  1.010E-02  9.091E-03  7.695E-03  6.769E-03  6.135E-03  5.278E-03  5.186E-03  4.246E-03  4.120E-03  3.783E-03  3.111E-03  2.724E-03  2.532E-03  2.193E-03  1.941E-03  1.667E-03  1.474E-03  1.270E-03  1.142E-03  9.771E-04  9.760E-04  8.112E-04  7.971E-04  6.519E-04  4.747E-04  4.893E-04  3.658E-04  2.862E-04  2.405E-04  3.145E-04  2.275E-04  1.799E-04  1.854E-04  1.507E-04  1.402E-04  1.595E-04  1.144E-04  1.434E-04  1.147E-04  5.108E-05  7.366E-05  3.366E-05  9.695E-05  3.385E-05  3.967E-05  3.908E-05  5.039E-05  2.804E-05  1.696E-05  5.005E-05  1.112E-05  1.125E-05  5.298E-06  0.000E+00  Z
 0.000E+00  0.000E+00  0.000E+00  0.000E+00  0.000E+00  0.000E+00  0.000E+00  0.000E+00  0.000E+00  0.000E+00  0.000E+00  0.000E+00  0.000E+00  0.000E+00  0.000E+00  0.000E+00  4.009E-05  0.000E+00  1.906E-05  1.866E-05  7.258E-05  7.022E-05  6.870E-05  1.866E-04  2.806E-04  3.238E-04  6.501E-04  8.724E-04  1.056E-03  1.563E-03  2.115E-03  3.026E-03  3.782E-03  4.853E-03  6.401E-03  8.122E-03  9.871E-03  1.226E-02  1.482E-02  1.845E-02  2.259E-02  2.635E-02  3.033E-02  3.590E-02  4.246E-02  4.937E-02  5.588E-02  6.458E-02  7.225E-02  8.002E-02  9.155E-02  1.034E-01  1.111E-01  1.253E-01  1.414E-01  1.529E-01  1.680E-01  1.812E-01  1.933E-01  2.097E-01  2.235E-01  2.355E-01  2.428E-01  2.512E-01  2.592E-01  2.619E-01  2.678E-01  2.750E-01  2.845E-01  2.863E-01  2.897E-01  2.994E-01  3.061E-01  3.162E-01  3.313E-01  3.417E-01  3.507E-01  3.651E-01  3.763E-01  3.897E-01  4.088E-01  4.180E-01  4.390E-01  4.524E-01  4.650E-01  4.817E-01  4.958E-01  5.071E-01  5.122E-01  5.333E-01  5.411E-01  5.506E-01  5.611E-01  5.690E-01  5.780E-01  5.805E-01  5.904E-01  5.931E-01  6.008E-01  6.037E-01  6.057E-01  6.063E-01  6.096E-01  6.057E-01  6.032E-01  5.990E-01  5.931E-01  5.912E-01  5.910E-01  5.812E-01  5.731E-01  5.646E-01  5.579E-01  5.469E-01  5.369E-01  5.275E-01  5.151E-01  5.021E-01  4.844E-01  4.770E-01  4.652E-01  4.493E-01  4.332E-01  4.202E-01  4.040E-01  3.903E-01  3.736E-01  3.572E-01  3.452E-01  3.276E-01  3.136E-01  2.985E-01  2.821E-01  2.704E-01  2.553E-01  2.388E-01  2.272E-01  2.107E-01  2.025E-01  1.883E-01  1.764E-01  1.642E-01  1.529E-01  1.420E-01  1.331E-01  1.216E-01  1.138E-01  1.063E-01  9.656E-02  9.002E-02  8.272E-02  7.511E-02  6.861E-02  6.175E-02  5.683E-02  5.232E-02  4.764E-02  4.294E-02  3.858E-02  3.451E-02  3.210E-02  2.825E-02  2.673E-02  2.321E-02  2.125E-02  1.900E-02  1.691E-02  1.537E-02  1.370E-02  1.227E-02  1.067E-02  1.018E-02  8.578E-03  8.085E-03  6.898E-03  5.911E-03  5.763E-03  4.648E-03  4.670E-03  3.731E-03  3.383E-03  2.911E-03  2.917E-03  2.614E-03  2.267E-03  1.777E-03  1.517E-03  1.506E-03  1.241E-03  1.183E-03  1.137E-03  7.657E-04  7.324E-04  7.744E-04  6.699E-04  5.537E-04  5.369E-04  4.254E-04  3.475E-04  2.889E-04  2.431E-04  2.523E-04  2.583E-04  1.826E-04  1.542E-04  1.320E-04  7.956E-05  1.430E-04  1.355E-04  9.595E-05  4.507E-05  3.963E-05  2.195E-05  6.113E-05  5.585E-05  4.405E-05  3.850E-05  3.914E-05  2.210E-05  3.285E-05  3.286E-05  1.695E-05  5.539E-06  5.290E-06  1.098E-05  1.615E-05  5.230E-06  0.000E+00  Z
 0.000E+00  0.000E+00  0.000E+00  0.000E+00  0.000E+00  0.000E+00  0.000E+00  0.000E+00  0.000E+00  0.000E+00  0.000E+00  0.000E+00  0.000E+00  2.224E-05  2.153E-05  2.080E-05  1.998E-05  0.000E+00  0.000E+00  1.847E-05  5.447E-05  3.525E-05  1.377E-04  3.195E-04  1.986E-04  3.079E-04  6.339E-04  8.241E-04  1.148E-03  1.308E-03  2.263E-03  2.519E-03  3.627E-03  4.519E-03  6.255E-03  7.585E-03  9.674E-03  1.156E-02  1.469E-02  1.827E-02  1.986E-02  2.521E-02  2.955E-02  3.464E-02  4.100E-02  4.678E-02  5.536E-02  6.085E-02  6.910E-02  7.861E-02  8.987E-02  9.917E-02  1.095E-01  1.223E-01  1.355E-01  1.488E-01  1.633E-01  1.806E-01  1.939E-01  2.067E-01  2.221E-01  2.354E-01  2.430E-01  2.510E-01  2.558E-01  2.623E-01  2.685E-01  2.773E-01  2.837E-01  2.885E-01  2.967E-01  3.051E-01  3.153E-01  3.234E-01  3.363E-01  3.473E-01  3.606E-01  3.766E-01  3.897E-01  4.060E-01  4.214E-01  4.437E-01  4.573E-01  4.756E-01  4.857E-01  5.038E-01  5.181E-01  5.351E-01  5.502E-01  5.598E-01  5.805E-01  5.932E-01  6.014E-01  6.126E-01  6.274E-01  6.323E-01  6.425E-01  6.534E-01  6.594E-01  6.618E-01  6.721E-01  6.711E-01  6.778E-01  6.757E-01  6.756E-01  6.826E-01  6.809E-01  6.716E-01  6.711E-01  6.694E-01  6.678E-01  6.609E-01  6.527E-01  6.455E-01  6.343E-01  6.262E-01  6.165E-01  6.023E-01  5.929E-01  5.837E-01  5.706E-01  5.552E-01  5.391E-01  5.262E-01  5.104E-01  4.954E-01  4.752E-01  4.582E-01  4.448E-01  4.288E-01  4.050E-01  3.896E-01  3.755E-01  3.566E-01  3.412E-01  3.243E-01  3.074E-01  2.913E-01  2.768E-01  2.621E-01  2.470E-01  2.316E-01  2.181E-01  2.031E-01  1.891E-01  1.773E-01  1.659E-01  1.517E-01  1.426E-01  1.307E-01  1.217E-01  1.136E-01  1.031E-01  9.535E-02  8.727E-02  8.019E-02  7.377E-02  6.752E-02  6.117E-02  5.536E-02  5.086E-02  4.568E-02  4.201E-02  3.729E-02  3.348E-02  3.127E-02  2.759E-02  2.481E-02  2.215E-02  2.037E-02  1.843E-02  1.605E-02  1.452E-02  1.288E-02  1.142E-02  1.047E-02  8.808E-03  8.005E-03  7.096E-03  6.696E-03  5.665E-03  4.954E-03  4.458E-03  4.019E-03  3.672E-03  3.060E-03  2.850E-03  2.452E-03  1.934E-03  1.767E-03  1.651E-03  1.792E-03  1.332E-03  1.170E-03  1.101E-03  9.385E-04  7.121E-04  8.590E-04  5.946E-04  5.513E-04  4.257E-04  3.935E-04  3.842E-04  3.568E-04  3.776E-04  2.056E-04  2.341E-04  2.399E-04  1.879E-04  1.639E-04  1.338E-04  1.062E-04  1.075E-04  1.011E-04  5.573E-05  6.147E-05  5.531E-05  6.701E-05  6.621E-05  5.530E-05  5.008E-05  2.742E-05  2.208E-05  1.671E-05  2.746E-05  1.630E-05  2.170E-05  0.000E+00  Z
 0.000E+00  0.000E+00  0.000E+00  0.000E+00  0.000E+00  0.000E+00  0.000E+00  0.000E+00  0.000E+00  0.000E+00  0.000E+00  0.000E+00  0.000E+00  0.000E+00  0.000E+00  0.000E+00  1.997E-05  0.000E+00  1.916E-05  1.828E-05  7.262E-05  1.238E-04  8.574E-05  2.358E-04  2.144E-04  3.236E-04  5.865E-04  7.002E-04  1.040E-03  1.370E-03  1.848E-03  2.634E-03  3.266E-03  4.587E-03  5.244E-03  7.348E-03  9.050E-03  1.103E-02  1.316E-02  1.580E-02  1.982E-02  2.340E-02  2.808E-02  3.469E-02  3.769E-02  4.561E-02  5.217E-02  5.896E-02  6.848E-02  7.658E-02  8.549E-02  9.833E-02  1.080E-01  1.191E-01  1.326E-01  1.468E-01  1.604E-01  1.739E-01  1.927E-01  2.028E-01  2.156E-01  2.278E-01  2.412E-01  2.471E-01  2.556E-01  2.634E-01  2.698E-01  2.745E-01  2.832E-01  2.942E-01  3.026E-01  3.073E-01  3.199E-01  3.309E-01  3.442E-01  3.580E-01  3.669E-01  3.889E-01  4.050E-01  4.186E-01  4.339E-01  4.552E-01  4.731E-01  4.898E-01  5.084E-01  5.317E-01  5.468E-01  5.664E-01  5.801E-01  5.952E-01  6.147E-01  6.313E-01  6.395E-01  6.554E-01  6.722E-01  6.823E-01  6.950E-01  7.096E-01  7.166E-01  7.245E-01  7.362E-01  7.445E-01  7.519E-01  7.564E-01  7.612E-01  7.672E-01  7.678E-01  7.640E-01  7.676E-01  7.721E-01  7.659E-01  7.651E-01  7.638E-01  7.608E-01  7.525E-01  7.454E-01  7.400E-01  7.363E-01  7.205E-01  7.091E-01  6.941E-01  6.898E-01  6.713E-01  6.587E-01  6.416E-01  6.270E-01  6.117E-01  5.971E-01  5.732E-01  5.557E-01  5.380E-01  5.195E-01  5.030E-01  4.831E-01  4.619E-01  4.438E-01  4.243E-01  4.039E-01  3.884E-01  3.676E-01  3.501E-01  3.316E-01  3.122E-01  2.947E-01  2.808E-01  2.623E-01  2.489E-01  2.313E-01  2.132E-01  1.998E-01  1.862E-01  1.729E-01  1.585E-01  1.492E-01  1.378E-01  1.257E-01  1.186E-01  1.082E-01  9.806E-02  8.950E-02  8.117E-02  7.495E-02  6.815E-02  6.246E-02  5.658E-02  5.111E-02  4.668E-02  4.179E-02  3.785E-02  3.453E-02  3.097E-02  2.776E-02  2.475E-02  2.246E-02  1.990E-02  1.817E-02  1.562E-02  1.425E-02  1.272E-02  1.149E-02  1.004E-02  9.397E-03  7.924E-03  7.054E-03  6.480E-03  5.630E-03  4.941E-03  4.505E-03  3.710E-03  3.473E-03  2.910E-03  2.796E-03  2.327E-03  2.012E-03  1.707E-03  1.717E-03  1.501E-03  1.332E-03  1.092E-03  9.652E-04  7.845E-04  7.484E-04  6.036E-04  5.838E-04  3.716E-04  3.992E-04  4.656E-04  3.562E-04  2.786E-04  3.069E-04  2.078E-04  1.970E-04  1.640E-04  1.900E-04  1.343E-04  9.923E-05  1.232E-04  1.259E-04  6.126E-05  9.334E-05  4.982E-05  8.815E-05  2.791E-05  2.731E-05  3.889E-05  3.240E-05  3.244E-05  2.683E-05  1.653E-05  1.620E-05  1.600E-05  5.227E-06  1.102E-05  0.000E+00  Z
 0.000E+00  0.000E+00  0.000E+00  0.000E+00  0.000E+00  0.000E+00  0.000E+00  0.000E+00  0.000E+00  0.000E+00  0.000E+00  0.000E+00  0.000E+00  0.000E+00  0.000E+00  2.083E-05  0.000E+00  0.000E+00  0.000E+00  0.000E+00  3.615E-05  1.054E-04  1.203E-04  1.513E-04  1.814E-04  4.035E-04  5.868E-04  5.608E-04  8.869E-04  1.159E-03  1.818E-03  2.738E-03  3.067E-03  4.063E-03  5.529E-03  6.539E-03  9.196E-03  1.150E-02  1.289E-02  1.593E-02  1.904E-02  2.338E-02  2.758E-02  3.223E-02  3.839E-02  4.408E-02  5.037E-02  5.757E-02  6.723E-02  7.376E-02  8.439E-02  9.469E-02  1.062E-01  1.175E-01  1.311E-01  1.421E-01  1.563E-01  1.715E-01  1.841E-01  2.008E-01  2.137E-01  2.248E-01  2.398E-01  2.446E-01  2.547E-01  2.643E-01  2.674E-01  2.792E-01  2.859E-01  2.938E-01  3.045E-01  3.133E-01  3.227E-01  3.370E-01  3.481E-01  3.609E-01  3.756E-01  3.903E-01  4.121E-01  4.283E-01  4.455E-01  4.622E-01  4.816E-01  5.001E-01  5.249E-01  5.401E-01  5.599E-01  5.821E-01  5.950E-01  6.145E-01  6.364E-01  6.527E-01  6.637E-01  6.844E-01  7.011E-01  7.140E-01  7.242E-01  7.405E-01  7.556E-01  7.662E-01  7.774E-01  7.864E-01  7.990E-01  8.063E-01  8.143E-01  8.175E-01  8.230E-01  8.312E-01  8.289E-01  8.361E-01  8.376E-01  8.360E-01  8.349E-01  8.390E-01  8.332E-01  8.282E-01  8.132E-01  8.196E-01  8.044E-01  8.049E-01  7.898E-01  7.772E-01  7.698E-01  7.589E-01  7.428E-01  7.242E-01  7.097E-01  6.980E-01  6.827E-01  6.631E-01  6.432E-01  6.252E-01  6.078E-01  5.840E-01  5.671E-01  5.433E-01  5.234E-01  5.004E-01  4.817E-01  4.590E-01  4.360E-01  4.178E-01  3.992E-01  3.780E-01  3.578E-01  3.377E-01  3.185E-01  3.014E-01  2.821E-01  2.642E-01  2.475E-01  2.314E-01  2.162E-01  2.005E-01  1.880E-01  1.717E-01  1.593E-01  1.488E-01  1.359E-01  1.240E-01  1.158E-01  1.056E-01  9.563E-02  8.832E-02  8.056E-02  7.292E-02  6.707E-02  6.042E-02  5.503E-02  4.917E-02  4.427E-02  4.019E-02  3.581E-02  3.188E-02  2.883E-02  2.587E-02  2.347E-02  2.132E-02  1.874E-02  1.722E-02  1.516E-02  1.316E-02  1.162E-02  1.071E-02  9.846E-03  8.468E-03  7.656E-03  6.599E-03  5.883E-03  5.349E-03  4.447E-03  4.101E-03  3.662E-03  3.172E-03  2.755E-03  2.581E-03  2.004E-03  1.747E-03  1.750E-03  1.407E-03  1.203E-03  1.176E-03  1.099E-03  8.441E-04  7.517E-04  6.551E-04  6.117E-04  5.732E-04  4.306E-04  4.516E-04  3.094E-04  2.871E-04  2.581E-04  2.642E-04  2.118E-04  1.938E-04  1.667E-04  1.277E-04  8.824E-05  8.766E-05  8.205E-05  7.761E-05  7.622E-05  6.081E-05  3.246E-05  5.431E-05  3.245E-05  3.841E-05  3.177E-05  3.231E-05  2.689E-05  1.617E-05  2.153E-05  1.652E-05  1.057E-05  0.000E+00  Z
 0.000E+00  0.000E+00  0.000E+00  0.000E+00  0.000E+00  0.000E+00  0.000E+00  0.000E+00  0.000E+00  0.000E+00  0.000E+00  0.000E+00  0.000E+00  0.000E+00  2.160E-05  0.000E+00  0.000E+00  0.000E+00  1.912E-05  9.233E-05  3.648E-05  1.236E-04  1.207E-04  6.731E-05  1.977E-04  2.423E-04  4.600E-04  6.545E-04  8.264E-04  1.158E-03  1.609E-03  2.316E-03  2.826E-03  3.830E-03  4.931E-03  6.103E-03  7.501E-03  9.699E-03  1.269E-02  1.463E-02  1.841E-02  2.147E-02  2.592E-02  2.994E-02  3.467E-02  4.120E-02  4.736E-02  5.356E-02  6.276E-02  7.164E-02  8.227E-02  8.849E-02  1.016E-01  1.128E-01  1.244E-01  1.386E-01  1.524E-01  1.666E-01  1.831E-01  1.919E-01  2.093E-01  2.211E-01  2.342E-01  2.436E-01  2.516E-01  2.585E-01  2.666E-01  2.786E-01  2.793E-01  2.956E-01  3.007E-01  3.121E-01  3.261E-01  3.334E-01  3.495E-01  3.678E-01  3.812E-01  3.967E-01  4.184E-01  4.382E-01  4.545E-01  4.732E-01  4.961E-01  5.127E-01  5.347E-01  5.561E-01  5.766E-01  5.983E-01  6.148E-01  6.393E-01  6.590E-01  6.756E-01  6.984E-01  7.143E-01  7.300E-01  7.546E-01  7.635E-01  7.838E-01  8.028E-01  8.167E-01  8.256E-01  8.420E-01  8.583E-01  8.714E-01  8.725E-01  8.909E-01  9.061E-01  9.079E-01  9.138E-01  9.267E-01  9.267E-01  9.374E-01  9.398E-01  9.384E-01  9.438E-01  9.365E-01  9.403E-01  9.402E-01  9.356E-01  9.306E-01  9.235E-01  9.145E-01  9.049E-01  8.950E-01  8.901E-01  8.781E-01  8.648E-01  8.508E-01  8.359E-01  8.161E-01  8.031E-01  7.860E-01  7.677E-01  7.449E-01  7.232E-01  7.029E-01  6.798E-01  6.622E-01  6.358E-01  6.125E-01  5.889E-01  5.679E-01  5.440E-01  5.216E-01  4.927E-01  4.740E-01  4.474E-01  4.244E-01  3.999E-01  3.802E-01  3.621E-01  3.392E-01  3.162E-01  2.990E-01  2.781E-01  2.616E-01  2.408E-01  2.269E-01  2.092E-01  1.943E-01  1.807E-01  1.654E-01  1.511E-01  1.407E-01  1.292E-01  1.170E-01  1.077E-01  9.777E-02  8.845E-02  8.182E-02  7.517E-02  6.734E-02  6.042E-02  5.538E-02  4.905E-02  4.526E-02  4.061E-02  3.597E-02  3.286E-02  2.861E-02  2.639E-02  2.344E-02  2.122E-02  1.845E-02  1.679E-02  1.463E-02  1.315E-02  1.160E-02  1.050E-02  9.042E-03  7.888E-03  7.620E-03  6.469E-03  5.625E-03  4.415E-03  4.477E-03  3.928E-03  3.387E-03  2.777E-03  2.650E-03  2.509E-03  2.150E-03  1.851E-03  1.533E-03  1.343E-03  1.240E-03  1.072E-03  9.208E-04  7.210E-04  8.208E-04  7.614E-04  6.110E-04  4.957E-04  3.245E-04  4.132E-04  3.528E-04  2.563E-04  2.831E-04  2.614E-04  2.053E-04  1.655E-04  1.806E-04  1.147E-04  8.231E-05  1.024E-04  1.084E-04  8.244E-05  5.438E-05  4.858E-05  3.815E-05  5.344E-05  3.851E-05  1.056E-05  1.045E-05  5.373E-06  1.587E-05  2.132E-05  2.690E-05  1.075E-05  0.000E+00  Z
 0.000E+00  0.000E+00  0.000E+00  0.000E+00  0.000E+00  0.000E+00  0.000E+00  0.000E+00  0.000E+00  0.000E+00  0.000E+00  0.000E+00  0.000E+00  0.000E+00  2.137E-05  0.000E+00  2.021E-05  3.920E-05  0.000E+00  1.859E-05  1.798E-05  5.248E-05  1.735E-05  1.513E-04  2.312E-04  1.940E-04  3.171E-04  7.015E-04  9.014E-04  1.233E-03  1.507E-03  1.864E-03  2.780E-03  3.659E-03  4.476E-03  6.263E-03  7.773E-03  9.487E-03  1.173E-02  1.474E-02  1.679E-02  2.066E-02  2.476E-02  2.983E-02  3.420E-02  4.035E-02  4.675E-02  5.251E-02  5.982E-02  6.874E-02  7.864E-02  8.787E-02  9.917E-02  1.107E-01  1.237E-01  1.353E-01  1.488E-01  1.657E-01  1.810E-01  1.912E-01  2.069E-01  2.195E-01  2.308E-01  2.434E-01  2.512E-01  2.581E-01  2.658E-01  2.728E-01  2.837E-01  2.949E-01  3.018E-01  3.125E-01  3.243E-01  3.369E-01  3.525E-01  3.692E-01  3.839E-01  4.012E-01  4.168E-01  4.373E-01  4.545E-01  4.796E-01  5.002E-01  5.195E-01  5.417E-01  5.682E-01  5.866E-01  6.079E-01  6.267E-01  6.536E-01  6.732E-01  6.880E-01  7.157E-01  7.326E-01  7.575E-01  7.745E-01  7.908E-01  8.161E-01  8.326E-01  8.437E-01  8.609E-01  8.812E-01  8.965E-01  9.134E-01  9.193E-01  9.369E-01  9.449E-01  9.635E-01  9.774E-01  9.823E-01  9.857E-01  9.942E-01  1.003E+00  1.008E+00  1.009E+00  1.011E+00  1.020E+00  1.019E+00  1.020E+00  1.022E+00  1.020E+00  1.010E+00  1.007E+00  1.000E+00  9.912E-01  9.864E-01  9.702E-01  9.654E-01  9.469E-01  9.342E-01  9.182E-01  9.034E-01  8.913E-01  8.688E-01  8.525E-01  8.224E-01  8.054E-01  7.822E-01  7.577E-01  7.322E-01  7.107E-01  6.847E-01  6.617E-01  6.352E-01  6.123E-01  5.839E-01  5.617E-01  5.358E-01  5.087E-01  4.841E-01  4.591E-01  4.337E-01  4.105E-01  3.873E-01  3.606E-01  3.395E-01  3.205E-01  2.976E-01  2.806E-01  2.579E-01  2.422E-01  2.241E-01  2.085E-01  1.920E-01  1.753E-01  1.623E-01  1.499E-01  1.366E-01  1.249E-01  1.159E-01  1.044E-01  9.554E-02  8.712E-02  7.890E-02  7.109E-02  6.429E-02  5.823E-02  5.204E-02  4.670E-02  4.277E-02  3.825E-02  3.495E-02  3.052E-02  2.739E-02  2.443E-02  2.233E-02  2.005E-02  1.769E-02  1.583E-02  1.367E-02  1.196E-02  1.087E-02  9.321E-03  8.546E-03  7.358E-03  6.759E-03  5.533E-03  5.336E-03  4.400E-03  4.187E-03  3.655E-03  3.193E-03  2.872E-03  2.324E-03  2.264E-03  1.848E-03  1.747E-03  1.315E-03  1.152E-03  1.099E-03  1.025E-03  7.897E-04  6.388E-04  7.272E-04  6.624E-04  4.834E-04  4.379E-04  4.155E-04  2.948E-04  2.263E-04  1.994E-04  2.794E-04  1.868E-04  1.703E-04  1.259E-04  1.192E-04  8.140E-05  1.086E-04  5.395E-05  6.524E-05  5.887E-05  3.171E-05  4.855E-05  3.671E-05  8.496E-05  2.657E-05  1.616E-05  2.712E-05  2.111E-05  1.589E-05  2.644E-05  0.000E+00  Z
 0.000E+00  0.000E+00  0.000E+00  0.000E+00  0.000E+00  0.000E+00  0.000E+00  0.000E+00  0.000E+00  0.000E+00  0.000E+00  0.000E+00  0.000E+00  0.000E+00  0.000E+00  0.000E+00  0.000E+00  0.000E+00  0.000E+00  3.732E-05  3.607E-05  7.069E-05  1.554E-04  1.186E-04  1.653E-04  3.552E-04  4.290E-04  4.826E-04  6.434E-04  1.141E-03  1.836E-03  2.225E-03  3.071E-03  3.427E-03  4.517E-03  5.522E-03  6.732E-03  9.034E-03  1.206E-02  1.371E-02  1.604E-02  1.989E-02  2.483E-02  2.940E-02  3.144E-02  3.813E-02  4.432E-02  5.120E-02  5.880E-02  6.704E-02  7.552E-02  8.594E-02  9.493E-02  1.092E-01  1.191E-01  1.305E-01  1.416E-01  1.597E-01  1.702E-01  1.866E-01  2.004E-01  2.159E-01  2.262E-01  2.391E-01  2.450E-01  2.557E-01  2.674E-01  2.734E-01  2.829E-01  2.938E-01  2.998E-01  3.133E-01  3.241E-01  3.397E-01  3.535E-01  3.703E-01  3.865E-01  4.061E-01  4.221E-01  4.397E-01  4.632E-01  4.859E-01  5.031E-01  5.313E-01  5.528E-01  5.705E-01  5.967E-01  6.231E-01  6.460E-01  6.640E-01  6.913E-01  7.131E-01  7.368E-01  7.599E-01  7.836E-01  8.019E-01  8.277E-01  8.431E-01  8.719E-01  8.883E-01  9.077E-01  9.262E-01  9.453E-01  9.611E-01  9.808E-01  9.919E-01  1.011E+00  1.028E+00  1.049E+00  1.053E+00  1.066E+00  1.080E+00  1.093E+00  1.103E+00  1.109E+00  1.124E+00  1.131E+00  1.133E+00  1.136E+00  1.143E+00  1.144E+00  1.139E+00  1.143E+00  1.142E+00  1.140E+00  1.133E+00  1.127E+00  1.119E+00  1.110E+00  1.106E+00  1.088E+00  1.075E+00  1.063E+00  1.044E+00  1.020E+00  1.010E+00  9.869E-01  9.665E-01  9.444E-01  9.279E-01  9.010E-01  8.730E-01  8.518E-01  8.229E-01  7.925E-01  7.662E-01  7.377E-01  7.097E-01  6.838E-01  6.535E-01  6.241E-01  5.977E-01  5.640E-01  5.344E-01  5.083E-01  4.828E-01  4.557E-01  4.326E-01  4.083E-01  3.802E-01  3.585E-01  3.336E-01  3.103E-01  2.920E-01  2.688E-01  2.495E-01  2.303E-01  2.127E-01  1.974E-01  1.816E-01  1.647E-01  1.522E-01  1.392E-01  1.276E-01  1.166E-01  1.062E-01  9.603E-02  8.596E-02  7.944E-02  7.186E-02  6.455E-02  5.741E-02  5.260E-02  4.693E-02  4.169E-02  3.783E-02  3.344E-02  3.003E-02  2.668E-02  2.409E-02  2.198E-02  1.858E-02  1.683E-02  1.484E-02  1.333E-02  1.197E-02  1.077E-02  9.627E-03  8.208E-03  7.333E-03  6.457E-03  5.469E-03  4.816E-03  3.981E-03  3.722E-03  3.346E-03  2.944E-03  2.624E-03  2.262E-03  2.243E-03  1.654E-03  1.687E-03  1.390E-03  1.376E-03  9.860E-04  7.532E-04  8.428E-04  7.249E-04  6.172E-04  5.633E-04  4.187E-04  3.574E-04  3.721E-04  2.792E-04  3.205E-04  1.855E-04  1.897E-04  2.154E-04  1.188E-04  1.339E-04  1.144E-04  6.488E-05  5.323E-05  8.025E-05  7.000E-05  6.945E-05  4.283E-05  4.223E-05  6.478E-05  3.667E-05  3.119E-05  2.129E-05  1.048E-05  5.234E-06  2.111E-05  1.587E-05  5.408E-06  1.042E-05  3.585E-05  Z
 0.000E+00  0.000E+00  0.000E+00  0.000E+00  0.000E+00  0.000E+00  0.000E+00  0.000E+00  0.000E+00  0.000E+00  0.000E+00  0.000E+00  0.000E+00  0.000E+00  0.000E+00  0.000E+00  0.000E+00  1.963E-05  1.912E-05  5.554E-05  1.788E-05  5.287E-05  5.172E-05  1.341E-04  1.973E-04  2.265E-04  3.331E-04  4.527E-04  7.191E-04  9.929E-04  1.495E-03  1.832E-03  2.178E-03  3.303E-03  4.646E-03  5.399E-03  6.837E-03  8.325E-03  1.046E-02  1.296E-02  1.569E-02  1.831E-02  2.255E-02  2.611E-02  3.100E-02  3.772E-02  4.208E-02  5.095E-02  5.477E-02  6.358E-02  7.103E-02  8.216E-02  9.089E-02  1.021E-01  1.141E-01  1.257E-01  1.407E-01  1.536E-01  1.671E-01  1.846E-01  1.970E-01  2.081E-01  2.230E-01  2.322E-01  2.395E-01  2.493E-01  2.620E-01  2.689E-01  2.783E-01  2.921E-01  3.024E-01  3.161E-01  3.288E-01  3.381E-01  3.541E-01  3.669E-01  3.852E-01  4.061E-01  4.247E-01  4.430E-01  4.677E-01  4.922E-01  5.165E-01  5.353E-01  5.605E-01  5.865E-01  6.074E-01  6.348E-01  6.661E-01  6.836E-01  7.078E-01  7.371E-01  7.583E-01  7.837E-01  8.094E-01  8.339E-01  8.591E-01  8.875E-01  9.108E-01  9.275E-01  9.560E-01  9.735E-01  9.942E-01  1.019E+00  1.044E+00  1.057E+00  1.081E+00  1.102E+00  1.121E+00  1.141E+00  1.157E+00  1.174E+00  1.187E+00  1.213E+00  1.225E+00  1.230E+00  1.248E+00  1.265E+00  1.271E+00  1.284E+00  1.290E+00  1.294E+00  1.297E+00  1.306E+00  1.315E+00  1.314E+00  1.311E+00  1.317E+00  1.310E+00  1.304E+00  1.295E+00  1.295E+00  1.284E+00  1.279E+00  1.258E+00  1.247E+00  1.233E+00  1.217E+00  1.202E+00  1.176E+00  1.157E+00  1.135E+00  1.109E+00  1.084E+00  1.055E+00  1.032E+00  1.003E+00  9.724E-01  9.434E-01  9.135E-01  8.809E-01  8.485E-01  8.200E-01  7.850E-01  7.507E-01  7.197E-01  6.848E-01  6.538E-01  6.203E-01  5.886E-01  5.582E-01  5.261E-01  4.934E-01  4.644E-01  4.409E-01  4.102E-01  3.832E-01  3.570E-01  3.328E-01  3.096E-01  2.883E-01  2.662E-01  2.444E-01  2.270E-01  2.099E-01  1.916E-01  1.761E-01  1.602E-01  1.474E-01  1.333E-01  1.200E-01  1.110E-01  9.949E-02  8.982E-02  8.107E-02  7.170E-02  6.416E-02  5.942E-02  5.300E-02  4.708E-02  4.228E-02  3.805E-02  3.367E-02  3.035E-02  2.711E-02  2.424E-02  2.103E-02  1.907E-02  1.673E-02  1.461E-02  1.342E-02  1.150E-02  1.008E-02  8.784E-03  8.017E-03  7.211E-03  6.088E-03  5.306E-03  4.726E-03  4.347E-03  3.878E-03  3.240E-03  3.060E-03  2.262E-03  2.157E-03  1.999E-03  1.542E-03  1.470E-03  1.310E-03  1.147E-03  1.012E-03  8.023E-04  6.745E-04  6.618E-04  6.469E-04  5.240E-04  4.278E-04  3.648E-04  3.363E-04  2.795E-04  2.642E-04  2.628E-04  2.260E-04  1.987E-04  1.655E-04  7.446E-05  8.461E-05  1.053E-04  1.113E-04  9.434E-05  6.449E-05  3.738E-05  7.887E-05  5.198E-05  3.129E-05  3.626E-05  2.075E-05  2.102E-05  7.911E-05  Z
