p-
Z
Z
Z
Z
Z
Z
Z
Z
Z
Z
Z
Z
Z
Z
Z
Z
Z
Z
Z
Z
Z
Z
Z
Z
Z
 0.000E+00  0.000E+00  0.000E+00  0.000E+00  0.000E+00  0.000E+00  0.000E+00  0.000E+00  0.000E+00  0.000E+00  0.000E+00  0.000E+00  0.000E+00  0.000E+00  0.000E+00  0.000E+00  0.000E+00  0.000E+00  0.000E+00  0.000E+00  0.000E+00  0.000E+00  0.000E+00  0.000E+00  0.000E+00  0.000E+00  0.000E+00  0.000E+00  0.000E+00  1.525E-05  4.400E-05  5.821E-05  4.319E-05  5.608E-05  1.526E-04  3.293E-04  4.859E-04  5.317E-04  7.631E-04  1.414E-03  1.773E-03  2.132E-03  3.034E-03  4.098E-03  5.288E-03  6.532E-03  8.018E-03  9.901E-03  1.233E-02  1.464E-02  1.878E-02  2.166E-02  2.768E-02  3.243E-02  3.658E-02  4.273E-02  5.125E-02  5.849E-02  6.706E-02  7.824E-02  8.781E-02  9.813E-02  1.138E-01  1.273E-01  1.418E-01  1.610E-01  1.771E-01  1.950E-01  2.153E-01  2.346E-01  2.583E-01  2.790E-01  3.056E-01  3.280E-01  3.555E-01  3.770E-01  4.070E-01  4.246E-01  4.452E-01  4.677E-01  4.888E-01  5.036E-01  5.154E-01  5.369E-01  5.403E-01  5.523E-01  5.602E-01  5.683E-01  5.788E-01  5.869E-01  6.029E-01  6.076E-01  6.183E-01  6.320E-01  6.439E-01  6.520E-01  6.614E-01  6.711E-01  6.802E-01  6.855E-01  6.974E-01  6.979E-01  7.062E-01  7.066E-01  7.043E-01  7.079E-01  7.030E-01  7.037E-01  6.940E-01  6.900E-01  6.824E-01  6.754E-01  6.632E-01  6.546E-01  6.411E-01  6.234E-01  6.067E-01  5.928E-01  5.749E-01  5.554E-01  5.351E-01  5.159E-01  4.912E-01  4.703E-01  4.510E-01  4.308E-01  4.068E-01  3.844E-01  3.623E-01  3.432E-01  3.234E-01  3.040E-01  2.836E-01  2.635E-01  2.481E-01  2.277E-01  2.129E-01  1.975E-01  1.814E-01  1.670E-01  1.542E-01  1.414E-01  1.309E-01  1.201E-01  1.076E-01  9.944E-02  9.016E-02  8.302E-02  7.561E-02  6.761E-02  6.051E-02  5.599E-02  4.966E-02  4.514E-02  4.089E-02  3.729E-02  3.350E-02  3.053E-02  2.677E-02  2.437E-02  2.217E-02  1.948E-02  1.660E-02  1.554E-02  1.374E-02  1.244E-02  1.106E-02  9.439E-03  9.248E-03  8.152E-03  7.032E-03  6.148E-03  5.391E-03  4.932E-03  4.553E-03  3.726E-03  3.456E-03  3.234E-03  2.713E-03  2.486E-03  2.168E-03  1.758E-03  1.483E-03  1.636E-03  1.266E-03  1.037E-03  9.610E-04  9.302E-04  8.285E-04  7.374E-04  5.923E-04  5.806E-04  5.364E-04  3.480E-04  4.413E-04  3.856E-04  2.631E-04  2.559E-04  2.769E-04  1.962E-04  1.436E-04  1.505E-04  1.664E-04  1.658E-04  1.208E-04  1.316E-04  5.663E-05  8.551E-05  2.843E-05  4.436E-05  7.355E-05  5.571E-05  3.985E-05  4.509E-05  3.919E-05  1.142E-05  1.635E-05  5.371E-06  1.699E-05  1.107E-05  5.478E-06  1.109E-05  2.144E-05  1.653E-05  0.000E+00  Z
 0.000E+00  0.000E+00  0.000E+00  0.000E+00  0.000E+00  0.000E+00  0.000E+00  0.000E+00  0.000E+00  0.000E+00  0.000E+00  0.000E+00  0.000E+00  0.000E+00  0.000E+00  0.000E+00  0.000E+00  0.000E+00  0.000E+00  0.000E+00  0.000E+00  0.000E+00  0.000E+00  0.000E+00  3.303E-05  3.237E-05  1.566E-05  7.781E-05  1.989E-04  1.943E-04  2.068E-04  3.345E-04  5.301E-04  4.092E-04  1.054E-03  1.123E-03  1.648E-03  1.722E-03  2.539E-03  3.222E-03  3.965E-03  4.806E-03  5.729E-03  7.283E-03  9.542E-03  1.067E-02  1.261E-02  1.528E-02  1.755E-02  2.085E-02  2.456E-02  2.926E-02  3.446E-02  3.968E-02  4.443E-02  5.267E-02  6.098E-02  6.842E-02  7.869E-02  8.568E-02  9.699E-02  1.116E-01  1.217E-01  1.371E-01  1.508E-01  1.657E-01  1.832E-01  2.015E-01  2.233E-01  2.408E-01  2.596E-01  2.815E-01  3.020E-01  3.241E-01  3.470E-01  3.619E-01  3.869E-01  4.013E-01  4.210E-01  4.418E-01  4.618E-01  4.753E-01  4.893E-01  5.081E-01  5.244E-01  5.422E-01  5.560E-01  5.673E-01  5.808E-01  5.927E-01  6.042E-01  6.201E-01  6.296E-01  6.432E-01  6.539E-01  6.641E-01  6.722E-01  6.824E-01  6.873E-01  6.962E-01  6.996E-01  7.045E-01  7.110E-01  7.122E-01  7.165E-01  7.128E-01  7.127E-01  7.139E-01  7.082E-01  7.038E-01  6.974E-01  6.884E-01  6.823E-01  6.712E-01  6.516E-01  6.456E-01  6.299E-01  6.154E-01  5.978E-01  5.758E-01  5.578E-01  5.419E-01  5.200E-01  5.008E-01  4.807E-01  4.579E-01  4.363E-01  4.166E-01  3.931E-01  3.717E-01  3.535E-01  3.332E-01  3.108E-01  2.906E-01  2.746E-01  2.544E-01  2.378E-01  2.182E-01  2.027E-01  1.866E-01  1.733E-01  1.604E-01  1.482E-01  1.351E-01  1.246E-01  1.122E-01  1.019E-01  9.351E-02  8.532E-02  7.757E-02  7.002E-02  6.480E-02  5.795E-02  5.119E-02  4.803E-02  4.264E-02  3.829E-02  3.335E-02  3.120E-02  2.796E-02  2.497E-02  2.214E-02  2.019E-02  1.813E-02  1.611E-02  1.426E-02  1.252E-02  1.088E-02  9.980E-03  8.743E-03  8.259E-03  7.371E-03  6.382E-03  5.421E-03  4.874E-03  4.367E-03  3.973E-03  3.724E-03  2.987E-03  2.898E-03  2.454E-03  2.316E-03  1.912E-03  1.602E-03  1.476E-03  1.354E-03  1.252E-03  9.465E-04  1.068E-03  8.277E-04  7.111E-04  5.978E-04  5.059E-04  4.198E-04  3.982E-04  4.211E-04  3.909E-04  3.780E-04  2.087E-04  2.963E-04  2.140E-04  1.678E-04  1.261E-04  1.552E-04  1.314E-04  8.559E-05  1.075E-04  8.523E-05  1.067E-04  5.035E-05  5.626E-05  2.826E-05  3.879E-05  2.245E-05  1.106E-05  3.343E-05  2.212E-05  1.117E-05  1.635E-05  1.071E-05  1.128E-05  1.124E-05  2.205E-05  1.633E-05  1.076E-05  0.000E+00  Z
 0.000E+00  0.000E+00  0.000E+00  0.000E+00  0.000E+00  0.000E+00  0.000E+00  0.000E+00  0.000E+00  0.000E+00  0.000E+00  0.000E+00  0.000E+00  0.000E+00  0.000E+00  0.000E+00  0.000E+00  0.000E+00  0.000E+00  1.865E-05  3.602E-05  3.544E-05  6.901E-05  5.012E-05  4.957E-05  8.097E-05  1.907E-04  2.806E-04  4.123E-04  3.171E-04  6.946E-04  9.316E-04  1.060E-03  1.341E-03  1.849E-03  2.373E-03  2.936E-03  3.429E-03  4.174E-03  4.895E-03  6.404E-03  7.876E-03  8.715E-03  1.058E-02  1.220E-02  1.504E-02  1.784E-02  2.058E-02  2.455E-02  2.744E-02  3.135E-02  3.652E-02  4.089E-02  4.803E-02  5.470E-02  6.083E-02  6.907E-02  7.878E-02  8.811E-02  9.765E-02  1.086E-01  1.196E-01  1.327E-01  1.462E-01  1.635E-01  1.759E-01  1.909E-01  2.090E-01  2.276E-01  2.462E-01  2.656E-01  2.826E-01  3.015E-01  3.155E-01  3.379E-01  3.558E-01  3.745E-01  3.905E-01  4.070E-01  4.268E-01  4.441E-01  4.616E-01  4.825E-01  4.959E-01  5.122E-01  5.305E-01  5.486E-01  5.655E-01  5.826E-01  5.975E-01  6.166E-01  6.267E-01  6.444E-01  6.538E-01  6.753E-01  6.890E-01  6.962E-01  7.092E-01  7.144E-01  7.263E-01  7.295E-01  7.351E-01  7.467E-01  7.519E-01  7.530E-01  7.572E-01  7.569E-01  7.553E-01  7.523E-01  7.476E-01  7.423E-01  7.370E-01  7.258E-01  7.182E-01  7.074E-01  6.942E-01  6.779E-01  6.655E-01  6.491E-01  6.334E-01  6.175E-01  5.956E-01  5.792E-01  5.592E-01  5.336E-01  5.144E-01  4.946E-01  4.701E-01  4.516E-01  4.321E-01  4.086E-01  3.867E-01  3.655E-01  3.459E-01  3.248E-01  3.039E-01  2.806E-01  2.676E-01  2.494E-01  2.290E-01  2.151E-01  1.992E-01  1.821E-01  1.692E-01  1.572E-01  1.432E-01  1.328E-01  1.207E-01  1.110E-01  9.968E-02  9.222E-02  8.317E-02  7.579E-02  6.890E-02  6.174E-02  5.584E-02  5.115E-02  4.705E-02  4.232E-02  3.730E-02  3.398E-02  3.071E-02  2.700E-02  2.426E-02  2.212E-02  1.972E-02  1.739E-02  1.628E-02  1.415E-02  1.240E-02  1.071E-02  1.017E-02  8.701E-03  7.587E-03  6.820E-03  6.433E-03  5.416E-03  5.110E-03  4.492E-03  4.110E-03  3.290E-03  2.994E-03  2.561E-03  2.210E-03  2.147E-03  1.988E-03  1.572E-03  1.551E-03  1.160E-03  1.184E-03  1.042E-03  9.079E-04  7.441E-04  6.892E-04  5.816E-04  4.505E-04  4.627E-04  3.893E-04  3.050E-04  3.539E-04  2.775E-04  3.111E-04  2.073E-04  2.139E-04  1.951E-04  1.489E-04  1.034E-04  7.916E-05  1.135E-04  6.835E-05  7.868E-05  6.665E-05  4.533E-05  6.790E-05  4.447E-05  4.443E-05  1.098E-05  3.298E-05  1.636E-05  1.660E-05  5.276E-06  5.716E-06  5.638E-06  5.469E-06  0.000E+00  Z
 0.000E+00  0.000E+00  0.000E+00  0.000E+00  0.000E+00  0.000E+00  0.000E+00  0.000E+00  0.000E+00  0.000E+00  0.000E+00  0.000E+00  0.000E+00  0.000E+00  0.000E+00  0.000E+00  0.000E+00  0.000E+00  3.773E-05  3.670E-05  1.258E-04  1.758E-05  1.206E-04  1.688E-04  2.485E-04  2.916E-04  3.333E-04  5.458E-04  5.038E-04  8.265E-04  1.065E-03  1.310E-03  1.792E-03  2.074E-03  2.675E-03  2.590E-03  3.838E-03  4.725E-03  5.252E-03  6.629E-03  6.957E-03  9.373E-03  1.117E-02  1.299E-02  1.428E-02  1.737E-02  2.017E-02  2.373E-02  2.781E-02  3.155E-02  3.520E-02  3.968E-02  4.628E-02  5.323E-02  5.837E-02  6.697E-02  7.505E-02  8.453E-02  9.321E-02  1.026E-01  1.137E-01  1.279E-01  1.409E-01  1.527E-01  1.701E-01  1.856E-01  1.990E-01  2.150E-01  2.357E-01  2.518E-01  2.701E-01  2.888E-01  3.041E-01  3.229E-01  3.376E-01  3.571E-01  3.741E-01  3.929E-01  4.107E-01  4.309E-01  4.460E-01  4.674E-01  4.863E-01  5.070E-01  5.205E-01  5.398E-01  5.635E-01  5.817E-01  5.990E-01  6.166E-01  6.349E-01  6.580E-01  6.703E-01  6.884E-01  7.031E-01  7.283E-01  7.411E-01  7.535E-01  7.662E-01  7.781E-01  7.933E-01  8.091E-01  8.103E-01  8.196E-01  8.226E-01  8.283E-01  8.317E-01  8.325E-01  8.312E-01  8.340E-01  8.334E-01  8.221E-01  8.154E-01  8.111E-01  7.926E-01  7.823E-01  7.665E-01  7.588E-01  7.395E-01  7.250E-01  7.070E-01  6.834E-01  6.623E-01  6.468E-01  6.248E-01  6.042E-01  5.799E-01  5.582E-01  5.340E-01  5.143E-01  4.882E-01  4.684E-01  4.440E-01  4.213E-01  3.992E-01  3.801E-01  3.578E-01  3.370E-01  3.197E-01  2.978E-01  2.807E-01  2.633E-01  2.455E-01  2.276E-01  2.132E-01  1.993E-01  1.833E-01  1.715E-01  1.589E-01  1.456E-01  1.327E-01  1.245E-01  1.134E-01  1.033E-01  9.665E-02  8.524E-02  7.757E-02  7.161E-02  6.573E-02  5.829E-02  5.313E-02  4.768E-02  4.482E-02  3.856E-02  3.589E-02  3.123E-02  2.864E-02  2.478E-02  2.323E-02  1.965E-02  1.831E-02  1.664E-02  1.478E-02  1.350E-02  1.164E-02  1.111E-02  9.337E-03  8.028E-03  7.350E-03  6.546E-03  5.946E-03  5.054E-03  4.430E-03  3.712E-03  3.593E-03  3.117E-03  2.653E-03  2.502E-03  2.369E-03  2.032E-03  1.784E-03  1.445E-03  1.343E-03  1.145E-03  1.020E-03  1.014E-03  9.085E-04  5.759E-04  6.219E-04  4.984E-04  4.905E-04  3.463E-04  3.970E-04  2.470E-04  2.173E-04  2.628E-04  1.640E-04  2.110E-04  2.021E-04  1.483E-04  1.117E-04  9.024E-05  1.234E-04  1.063E-04  1.066E-04  5.542E-05  8.337E-05  6.179E-05  4.445E-05  5.475E-05  1.109E-05  2.268E-05  4.917E-05  1.634E-05  1.658E-05  1.623E-05  1.631E-05  1.648E-05  1.097E-05  1.049E-05  1.629E-05  1.102E-05  5.403E-06  1.072E-05  5.257E-06  5.511E-06  5.472E-06  5.532E-06  5.058E-06  0.000E+00  Z
 0.000E+00  0.000E+00  0.000E+00  0.000E+00  0.000E+00  0.000E+00  0.000E+00  0.000E+00  0.000E+00  0.000E+00  0.000E+00  0.000E+00  0.000E+00  0.000E+00  0.000E+00  0.000E+00  0.000E+00  0.000E+00  0.000E+00  1.875E-05  5.380E-05  1.061E-04  1.036E-04  1.011E-04  2.973E-04  3.081E-04  3.652E-04  4.051E-04  6.887E-04  9.318E-04  1.198E-03  1.718E-03  1.921E-03  2.005E-03  2.848E-03  3.252E-03  3.763E-03  5.068E-03  5.795E-03  6.881E-03  7.922E-03  9.426E-03  1.119E-02  1.272E-02  1.534E-02  1.842E-02  2.063E-02  2.454E-02  2.816E-02  3.231E-02  3.628E-02  4.205E-02  4.785E-02  5.351E-02  6.083E-02  6.728E-02  7.683E-02  8.581E-02  9.623E-02  1.060E-01  1.163E-01  1.302E-01  1.421E-01  1.561E-01  1.720E-01  1.883E-01  2.034E-01  2.206E-01  2.351E-01  2.567E-01  2.754E-01  2.911E-01  3.068E-01  3.270E-01  3.472E-01  3.633E-01  3.839E-01  3.999E-01  4.195E-01  4.428E-01  4.586E-01  4.740E-01  4.966E-01  5.174E-01  5.407E-01  5.608E-01  5.790E-01  6.022E-01  6.218E-01  6.445E-01  6.671E-01  6.862E-01  7.099E-01  7.226E-01  7.431E-01  7.719E-01  7.876E-01  8.074E-01  8.242E-01  8.440E-01  8.592E-01  8.705E-01  8.839E-01  8.948E-01  9.082E-01  9.148E-01  9.215E-01  9.250E-01  9.305E-01  9.271E-01  9.297E-01  9.272E-01  9.300E-01  9.200E-01  9.109E-01  9.028E-01  8.889E-01  8.771E-01  8.552E-01  8.388E-01  8.246E-01  7.996E-01  7.828E-01  7.603E-01  7.387E-01  7.123E-01  6.963E-01  6.608E-01  6.415E-01  6.174E-01  5.918E-01  5.658E-01  5.416E-01  5.136E-01  4.916E-01  4.665E-01  4.434E-01  4.257E-01  4.020E-01  3.797E-01  3.590E-01  3.396E-01  3.170E-01  3.011E-01  2.839E-01  2.675E-01  2.471E-01  2.299E-01  2.169E-01  2.008E-01  1.889E-01  1.738E-01  1.614E-01  1.509E-01  1.366E-01  1.285E-01  1.162E-01  1.079E-01  9.866E-02  8.954E-02  8.189E-02  7.514E-02  6.847E-02  6.149E-02  5.586E-02  5.008E-02  4.682E-02  4.147E-02  3.792E-02  3.308E-02  2.979E-02  2.695E-02  2.502E-02  2.239E-02  1.963E-02  1.765E-02  1.556E-02  1.430E-02  1.230E-02  1.089E-02  9.832E-03  8.808E-03  7.675E-03  7.292E-03  6.424E-03  5.521E-03  4.730E-03  4.305E-03  3.683E-03  3.271E-03  2.887E-03  2.830E-03  2.427E-03  2.092E-03  1.639E-03  1.676E-03  1.509E-03  1.251E-03  1.055E-03  9.257E-04  7.660E-04  7.337E-04  5.742E-04  6.539E-04  5.608E-04  4.150E-04  4.577E-04  3.525E-04  2.429E-04  2.374E-04  2.639E-04  2.297E-04  1.577E-04  1.180E-04  1.407E-04  1.123E-04  9.571E-05  6.622E-05  6.044E-05  7.202E-05  3.307E-05  9.408E-05  4.377E-05  3.890E-05  3.870E-05  2.705E-05  4.923E-05  1.625E-05  3.781E-05  5.218E-06  1.099E-05  1.074E-05  2.210E-05  0.000E+00  Z
 0.000E+00  0.000E+00  0.000E+00  0.000E+00  0.000E+00  0.000E+00  0.000E+00  0.000E+00  0.000E+00  0.000E+00  2.503E-05  0.000E+00  0.000E+00  2.219E-05  0.000E+00  0.000E+00  0.000E+00  0.000E+00  0.000E+00  9.278E-05  5.382E-05  1.415E-04  5.195E-05  1.689E-04  3.631E-04  3.229E-04  4.620E-04  6.685E-04  7.495E-04  1.007E-03  1.285E-03  1.426E-03  1.803E-03  2.465E-03  2.739E-03  3.220E-03  3.758E-03  4.792E-03  5.312E-03  6.980E-03  7.480E-03  9.042E-03  1.125E-02  1.348E-02  1.496E-02  1.750E-02  2.156E-02  2.373E-02  2.791E-02  3.171E-02  3.691E-02  4.103E-02  4.684E-02  5.336E-02  5.897E-02  6.804E-02  7.840E-02  8.638E-02  9.643E-02  1.046E-01  1.167E-01  1.295E-01  1.438E-01  1.580E-01  1.737E-01  1.895E-01  2.043E-01  2.206E-01  2.399E-01  2.554E-01  2.773E-01  2.937E-01  3.116E-01  3.304E-01  3.492E-01  3.662E-01  3.897E-01  4.072E-01  4.265E-01  4.483E-01  4.686E-01  4.933E-01  5.108E-01  5.396E-01  5.588E-01  5.802E-01  6.077E-01  6.248E-01  6.509E-01  6.726E-01  7.028E-01  7.218E-01  7.462E-01  7.746E-01  7.955E-01  8.181E-01  8.449E-01  8.622E-01  8.890E-01  9.067E-01  9.298E-01  9.449E-01  9.608E-01  9.793E-01  9.961E-01  1.006E+00  1.018E+00  1.032E+00  1.036E+00  1.047E+00  1.047E+00  1.053E+00  1.050E+00  1.047E+00  1.040E+00  1.039E+00  1.025E+00  1.011E+00  1.002E+00  9.903E-01  9.684E-01  9.471E-01  9.312E-01  9.144E-01  8.908E-01  8.662E-01  8.374E-01  8.138E-01  7.842E-01  7.604E-01  7.371E-01  7.106E-01  6.798E-01  6.513E-01  6.225E-01  6.013E-01  5.694E-01  5.464E-01  5.207E-01  4.919E-01  4.704E-01  4.441E-01  4.212E-01  3.957E-01  3.749E-01  3.571E-01  3.355E-01  3.131E-01  2.977E-01  2.783E-01  2.622E-01  2.460E-01  2.286E-01  2.149E-01  1.989E-01  1.856E-01  1.730E-01  1.585E-01  1.484E-01  1.376E-01  1.251E-01  1.176E-01  1.073E-01  9.834E-02  8.947E-02  8.249E-02  7.409E-02  6.776E-02  6.133E-02  5.633E-02  5.133E-02  4.562E-02  4.250E-02  3.776E-02  3.389E-02  3.042E-02  2.766E-02  2.380E-02  2.254E-02  1.996E-02  1.756E-02  1.576E-02  1.388E-02  1.240E-02  1.088E-02  9.746E-03  9.074E-03  7.816E-03  6.681E-03  5.901E-03  5.297E-03  4.838E-03  4.475E-03  4.019E-03  3.400E-03  2.937E-03  2.490E-03  2.482E-03  2.040E-03  1.736E-03  1.640E-03  1.229E-03  1.219E-03  9.922E-04  1.016E-03  8.221E-04  7.866E-04  4.932E-04  6.024E-04  4.691E-04  4.900E-04  3.660E-04  3.145E-04  2.858E-04  2.246E-04  2.188E-04  1.613E-04  1.563E-04  1.650E-04  1.665E-04  8.371E-05  8.196E-05  9.331E-05  8.116E-05  8.248E-05  3.277E-05  6.545E-05  4.356E-05  5.358E-05  2.727E-05  3.743E-05  2.144E-05  1.637E-05  1.104E-05  1.639E-05  1.039E-05  1.061E-05  5.334E-06  0.000E+00  Z
 0.000E+00  0.000E+00  0.000E+00  0.000E+00  0.000E+00  0.000E+00  0.000E+00  0.000E+00  0.000E+00  0.000E+00  0.000E+00  0.000E+00  0.000E+00  0.000E+00  0.000E+00  0.000E+00  2.026E-05  0.000E+00  5.720E-05  1.874E-05  1.081E-04  3.491E-05  1.377E-04  1.694E-04  1.986E-04  2.265E-04  5.240E-04  6.400E-04  6.892E-04  9.464E-04  1.066E-03  1.443E-03  1.718E-03  2.187E-03  2.535E-03  3.221E-03  4.100E-03  4.474E-03  5.597E-03  6.999E-03  7.554E-03  9.372E-03  1.183E-02  1.428E-02  1.502E-02  1.759E-02  1.999E-02  2.347E-02  2.727E-02  3.144E-02  3.488E-02  4.142E-02  4.646E-02  5.178E-02  5.913E-02  6.759E-02  7.532E-02  8.531E-02  9.389E-02  1.059E-01  1.164E-01  1.283E-01  1.414E-01  1.563E-01  1.691E-01  1.859E-01  2.023E-01  2.188E-01  2.383E-01  2.546E-01  2.745E-01  2.928E-01  3.098E-01  3.324E-01  3.480E-01  3.675E-01  3.864E-01  4.073E-01  4.290E-01  4.551E-01  4.738E-01  4.979E-01  5.239E-01  5.467E-01  5.677E-01  5.904E-01  6.169E-01  6.429E-01  6.703E-01  6.914E-01  7.256E-01  7.402E-01  7.769E-01  7.961E-01  8.252E-01  8.485E-01  8.726E-01  9.003E-01  9.272E-01  9.453E-01  9.707E-01  9.867E-01  1.012E+00  1.035E+00  1.047E+00  1.071E+00  1.079E+00  1.095E+00  1.109E+00  1.113E+00  1.124E+00  1.125E+00  1.129E+00  1.126E+00  1.131E+00  1.131E+00  1.120E+00  1.105E+00  1.102E+00  1.091E+00  1.072E+00  1.062E+00  1.036E+00  1.016E+00  9.936E-01  9.698E-01  9.449E-01  9.204E-01  8.998E-01  8.758E-01  8.473E-01  8.175E-01  7.880E-01  7.610E-01  7.338E-01  7.038E-01  6.738E-01  6.472E-01  6.184E-01  5.892E-01  5.639E-01  5.408E-01  5.114E-01  4.868E-01  4.595E-01  4.326E-01  4.118E-01  3.918E-01  3.683E-01  3.473E-01  3.281E-01  3.075E-01  2.892E-01  2.712E-01  2.529E-01  2.356E-01  2.217E-01  2.074E-01  1.925E-01  1.760E-01  1.660E-01  1.557E-01  1.415E-01  1.308E-01  1.221E-01  1.101E-01  1.031E-01  9.377E-02  8.442E-02  7.818E-02  7.217E-02  6.421E-02  5.931E-02  5.428E-02  4.878E-02  4.389E-02  3.997E-02  3.591E-02  3.213E-02  2.859E-02  2.571E-02  2.302E-02  2.061E-02  1.833E-02  1.642E-02  1.458E-02  1.330E-02  1.161E-02  1.026E-02  9.542E-03  8.479E-03  7.195E-03  6.453E-03  5.833E-03  5.098E-03  4.501E-03  4.034E-03  3.331E-03  2.983E-03  2.575E-03  2.363E-03  2.099E-03  1.892E-03  1.527E-03  1.242E-03  1.258E-03  9.731E-04  9.210E-04  8.894E-04  8.133E-04  6.436E-04  5.295E-04  5.388E-04  3.976E-04  4.516E-04  3.436E-04  2.939E-04  2.988E-04  1.723E-04  1.771E-04  1.479E-04  1.160E-04  1.332E-04  6.533E-05  9.812E-05  5.413E-05  9.168E-05  8.135E-05  5.379E-05  7.561E-05  2.137E-05  2.703E-05  1.632E-05  3.251E-05  2.675E-05  1.605E-05  2.087E-05  2.080E-05  1.092E-05  2.628E-05  0.000E+00  Z
 0.000E+00  0.000E+00  0.000E+00  0.000E+00  0.000E+00  0.000E+00  0.000E+00  0.000E+00  0.000E+00  0.000E+00  0.000E+00  0.000E+00  0.000E+00  0.000E+00  0.000E+00  0.000E+00  0.000E+00  1.936E-05  5.669E-05  1.867E-05  1.796E-05  7.042E-05  1.032E-04  1.345E-04  8.242E-05  3.076E-04  3.643E-04  4.519E-04  5.354E-04  9.329E-04  1.081E-03  1.238E-03  1.405E-03  1.851E-03  2.490E-03  2.854E-03  3.609E-03  4.298E-03  5.762E-03  6.669E-03  7.395E-03  9.626E-03  1.068E-02  1.236E-02  1.510E-02  1.758E-02  1.960E-02  2.253E-02  2.658E-02  3.029E-02  3.440E-02  3.906E-02  4.533E-02  5.095E-02  5.796E-02  6.430E-02  7.401E-02  8.208E-02  9.144E-02  1.026E-01  1.104E-01  1.245E-01  1.390E-01  1.523E-01  1.690E-01  1.842E-01  2.023E-01  2.202E-01  2.362E-01  2.553E-01  2.751E-01  2.913E-01  3.070E-01  3.303E-01  3.477E-01  3.689E-01  3.962E-01  4.148E-01  4.353E-01  4.597E-01  4.784E-01  5.092E-01  5.313E-01  5.536E-01  5.849E-01  6.051E-01  6.300E-01  6.627E-01  6.862E-01  7.123E-01  7.464E-01  7.749E-01  7.994E-01  8.271E-01  8.539E-01  8.862E-01  9.151E-01  9.409E-01  9.733E-01  9.983E-01  1.024E+00  1.051E+00  1.072E+00  1.098E+00  1.123E+00  1.139E+00  1.167E+00  1.178E+00  1.191E+00  1.213E+00  1.224E+00  1.232E+00  1.238E+00  1.248E+00  1.252E+00  1.250E+00  1.247E+00  1.242E+00  1.236E+00  1.229E+00  1.224E+00  1.206E+00  1.186E+00  1.177E+00  1.154E+00  1.132E+00  1.115E+00  1.088E+00  1.059E+00  1.034E+00  1.011E+00  9.859E-01  9.602E-01  9.304E-01  8.991E-01  8.727E-01  8.370E-01  8.146E-01  7.798E-01  7.530E-01  7.216E-01  6.919E-01  6.619E-01  6.327E-01  6.013E-01  5.761E-01  5.488E-01  5.192E-01  4.948E-01  4.679E-01  4.418E-01  4.224E-01  3.964E-01  3.739E-01  3.500E-01  3.279E-01  3.073E-01  2.889E-01  2.717E-01  2.532E-01  2.406E-01  2.218E-01  2.079E-01  1.938E-01  1.781E-01  1.644E-01  1.529E-01  1.432E-01  1.319E-01  1.215E-01  1.122E-01  1.031E-01  9.397E-02  8.529E-02  7.754E-02  7.102E-02  6.549E-02  5.802E-02  5.400E-02  4.861E-02  4.336E-02  3.888E-02  3.574E-02  3.138E-02  2.792E-02  2.528E-02  2.295E-02  2.064E-02  1.829E-02  1.629E-02  1.418E-02  1.288E-02  1.120E-02  9.776E-03  8.768E-03  8.256E-03  6.742E-03  5.985E-03  5.535E-03  5.029E-03  4.180E-03  3.785E-03  3.371E-03  2.725E-03  2.455E-03  2.204E-03  2.007E-03  1.696E-03  1.516E-03  1.494E-03  1.140E-03  9.375E-04  9.411E-04  7.861E-04  6.418E-04  5.996E-04  4.977E-04  4.888E-04  3.882E-04  3.810E-04  3.194E-04  3.411E-04  1.940E-04  2.403E-04  2.347E-04  1.529E-04  1.254E-04  8.651E-05  7.084E-05  9.701E-05  7.577E-05  1.068E-04  4.829E-05  6.489E-05  2.653E-05  2.671E-05  2.151E-05  4.200E-05  3.219E-05  2.653E-05  1.599E-05  5.451E-06  2.120E-05  1.065E-05  1.072E-05  2.552E-05  5.248E-06  2.111E-05  3.173E-05  Z
 0.000E+00  0.000E+00  0.000E+00  0.000E+00  0.000E+00  0.000E+00  0.000E+00  0.000E+00  0.000E+00  0.000E+00  0.000E+00  0.000E+00  0.000E+00  0.000E+00  0.000E+00  2.065E-05  4.023E-05  1.953E-05  0.000E+00  7.363E-05  1.804E-05  1.057E-04  5.146E-05  2.026E-04  1.646E-04  3.560E-04  3.807E-04  5.460E-04  4.747E-04  8.408E-04  1.245E-03  1.121E-03  1.550E-03  2.230E-03  2.279E-03  2.907E-03  3.465E-03  4.519E-03  5.053E-03  6.135E-03  7.127E-03  8.974E-03  1.041E-02  1.262E-02  1.403E-02  1.665E-02  1.911E-02  2.225E-02  2.480E-02  3.037E-02  3.479E-02  3.936E-02  4.439E-02  5.010E-02  5.710E-02  6.420E-02  7.336E-02  8.283E-02  8.989E-02  1.007E-01  1.103E-01  1.243E-01  1.360E-01  1.522E-01  1.669E-01  1.822E-01  1.982E-01  2.168E-01  2.333E-01  2.550E-01  2.730E-01  2.941E-01  3.124E-01  3.273E-01  3.520E-01  3.718E-01  3.953E-01  4.130E-01  4.385E-01  4.625E-01  4.816E-01  5.103E-01  5.312E-01  5.596E-01  5.867E-01  6.126E-01  6.408E-01  6.683E-01  6.957E-01  7.229E-01  7.553E-01  7.885E-01  8.216E-01  8.455E-01  8.798E-01  9.064E-01  9.408E-01  9.695E-01  9.943E-01  1.023E+00  1.057E+00  1.089E+00  1.112E+00  1.142E+00  1.159E+00  1.193E+00  1.213E+00  1.229E+00  1.251E+00  1.273E+00  1.283E+00  1.304E+00  1.312E+00  1.316E+00  1.330E+00  1.329E+00  1.331E+00  1.332E+00  1.331E+00  1.327E+00  1.315E+00  1.305E+00  1.297E+00  1.281E+00  1.265E+00  1.242E+00  1.232E+00  1.209E+00  1.188E+00  1.161E+00  1.139E+00  1.120E+00  1.088E+00  1.057E+00  1.033E+00  9.990E-01  9.724E-01  9.426E-01  9.131E-01  8.812E-01  8.493E-01  8.181E-01  7.826E-01  7.562E-01  7.249E-01  6.947E-01  6.627E-01  6.333E-01  6.017E-01  5.765E-01  5.453E-01  5.216E-01  4.901E-01  4.639E-01  4.403E-01  4.178E-01  3.901E-01  3.670E-01  3.478E-01  3.235E-01  3.029E-01  2.832E-01  2.649E-01  2.448E-01  2.313E-01  2.146E-01  2.008E-01  1.865E-01  1.753E-01  1.582E-01  1.473E-01  1.385E-01  1.257E-01  1.170E-01  1.071E-01  9.701E-02  8.937E-02  8.240E-02  7.440E-02  6.792E-02  6.056E-02  5.517E-02  4.948E-02  4.535E-02  4.131E-02  3.703E-02  3.270E-02  3.007E-02  2.642E-02  2.326E-02  2.152E-02  1.895E-02  1.643E-02  1.509E-02  1.407E-02  1.225E-02  1.064E-02  9.010E-03  8.464E-03  7.211E-03  6.450E-03  5.757E-03  4.762E-03  4.495E-03  3.926E-03  3.334E-03  3.119E-03  2.699E-03  2.289E-03  2.202E-03  1.724E-03  1.795E-03  1.339E-03  1.271E-03  1.194E-03  9.334E-04  8.400E-04  6.516E-04  5.773E-04  4.881E-04  4.239E-04  5.297E-04  3.941E-04  3.614E-04  2.014E-04  2.833E-04  2.009E-04  1.959E-04  1.725E-04  1.518E-04  1.187E-04  5.959E-05  8.569E-05  7.544E-05  5.894E-05  6.374E-05  3.769E-05  3.186E-05  5.277E-05  3.168E-05  1.595E-05  3.151E-05  2.093E-05  5.354E-06  1.001E-05  5.160E-06  5.129E-06  4.953E-06  4.690E-05  Z
 0.000E+00  0.000E+00  0.000E+00  0.000E+00  0.000E+00  0.000E+00  0.000E+00  0.000E+00  0.000E+00  0.000E+00  0.000E+00  0.000E+00  0.000E+00  0.000E+00  2.166E-05  0.000E+00  0.000E+00  3.930E-05  3.789E-05  5.512E-05  9.041E-05  7.070E-05  1.203E-04  2.518E-04  1.480E-04  2.736E-04  3.957E-04  4.827E-04  5.650E-04  6.311E-04  1.005E-03  1.062E-03  1.635E-03  1.821E-03  2.338E-03  2.948E-03  3.193E-03  4.164E-03  5.106E-03  6.321E-03  6.934E-03  8.821E-03  9.690E-03  1.221E-02  1.428E-02  1.620E-02  1.846E-02  2.173E-02  2.537E-02  2.920E-02  3.299E-02  3.747E-02  4.165E-02  4.926E-02  5.644E-02  6.147E-02  7.075E-02  8.135E-02  8.793E-02  9.894E-02  1.098E-01  1.221E-01  1.344E-01  1.488E-01  1.630E-01  1.808E-01  1.941E-01  2.154E-01  2.325E-01  2.481E-01  2.708E-01  2.889E-01  3.085E-01  3.251E-01  3.494E-01  3.699E-01  3.913E-01  4.169E-01  4.381E-01  4.610E-01  4.873E-01  5.116E-01  5.359E-01  5.663E-01  5.905E-01  6.174E-01  6.490E-01  6.794E-01  7.091E-01  7.370E-01  7.682E-01  8.009E-01  8.367E-01  8.677E-01  8.997E-01  9.295E-01  9.665E-01  9.910E-01  1.030E+00  1.070E+00  1.103E+00  1.124E+00  1.161E+00  1.194E+00  1.216E+00  1.250E+00  1.274E+00  1.294E+00  1.318E+00  1.342E+00  1.361E+00  1.385E+00  1.399E+00  1.415E+00  1.422E+00  1.436E+00  1.446E+00  1.443E+00  1.449E+00  1.446E+00  1.450E+00  1.442E+00  1.430E+00  1.425E+00  1.410E+00  1.400E+00  1.385E+00  1.365E+00  1.351E+00  1.336E+00  1.315E+00  1.289E+00  1.265E+00  1.241E+00  1.213E+00  1.185E+00  1.162E+00  1.130E+00  1.102E+00  1.069E+00  1.045E+00  1.009E+00  9.782E-01  9.497E-01  9.152E-01  8.813E-01  8.564E-01  8.202E-01  7.844E-01  7.483E-01  7.196E-01  6.885E-01  6.519E-01  6.226E-01  5.925E-01  5.641E-01  5.310E-01  5.020E-01  4.783E-01  4.506E-01  4.250E-01  3.981E-01  3.779E-01  3.528E-01  3.297E-01  3.070E-01  2.862E-01  2.677E-01  2.521E-01  2.332E-01  2.156E-01  2.006E-01  1.861E-01  1.741E-01  1.616E-01  1.479E-01  1.379E-01  1.252E-01  1.162E-01  1.056E-01  9.786E-02  8.920E-02  8.003E-02  7.294E-02  6.683E-02  5.996E-02  5.494E-02  4.968E-02  4.395E-02  4.058E-02  3.618E-02  3.212E-02  2.901E-02  2.632E-02  2.285E-02  2.103E-02  1.801E-02  1.652E-02  1.488E-02  1.216E-02  1.157E-02  9.824E-03  9.576E-03  7.743E-03  7.285E-03  6.166E-03  5.183E-03  4.865E-03  4.036E-03  3.767E-03  3.207E-03  2.874E-03  2.465E-03  2.057E-03  1.691E-03  1.765E-03  1.488E-03  1.232E-03  1.181E-03  9.302E-04  7.222E-04  7.546E-04  6.794E-04  6.280E-04  6.394E-04  3.757E-04  3.817E-04  3.901E-04  4.055E-04  1.927E-04  2.416E-04  1.878E-04  1.389E-04  1.119E-04  2.076E-04  8.991E-05  1.131E-04  9.492E-05  6.845E-05  6.735E-05  8.890E-05  2.112E-05  6.316E-05  6.312E-05  5.232E-05  2.097E-05  1.050E-05  1.024E-05  9.257E-05  Z
 0.000E+00  0.000E+00  0.000E+00  0.000E+00  0.000E+00  0.000E+00  0.000E+00  0.000E+00  0.000E+00  0.000E+00  0.000E+00  0.000E+00  0.000E+00  0.000E+00  0.000E+00  0.000E+00  1.994E-05  0.000E+00  3.804E-05  3.692E-05  1.797E-05  8.849E-05  1.201E-04  1.179E-04  2.147E-04  3.712E-04  3.646E-04  4.350E-04  5.045E-04  7.060E-04  8.267E-04  1.194E-03  1.618E-03  1.863E-03  2.615E-03  2.454E-03  3.448E-03  4.044E-03  4.895E-03  5.434E-03  6.506E-03  8.415E-03  9.506E-03  1.083E-02  1.300E-02  1.533E-02  1.844E-02  1.995E-02  2.471E-02  2.759E-02  3.038E-02  3.582E-02  3.952E-02  4.779E-02  5.459E-02  6.021E-02  6.655E-02  7.624E-02  8.434E-02  9.710E-02  1.069E-01  1.176E-01  1.321E-01  1.463E-01  1.611E-01  1.740E-01  1.926E-01  2.083E-01  2.255E-01  2.466E-01  2.626E-01  2.831E-01  3.029E-01  3.274E-01  3.496E-01  3.680E-01  3.931E-01  4.140E-01  4.372E-01  4.644E-01  4.892E-01  5.129E-01  5.403E-01  5.668E-01  5.983E-01  6.279E-01  6.550E-01  6.858E-01  7.172E-01  7.516E-01  7.860E-01  8.184E-01  8.504E-01  8.895E-01  9.227E-01  9.578E-01  9.921E-01  1.032E+00  1.068E+00  1.101E+00  1.141E+00  1.170E+00  1.212E+00  1.249E+00  1.275E+00  1.309E+00  1.338E+00  1.368E+00  1.397E+00  1.431E+00  1.454E+00  1.474E+00  1.499E+00  1.514E+00  1.542E+00  1.556E+00  1.570E+00  1.569E+00  1.583E+00  1.587E+00  1.594E+00  1.597E+00  1.603E+00  1.590E+00  1.589E+00  1.584E+00  1.572E+00  1.566E+00  1.550E+00  1.544E+00  1.527E+00  1.509E+00  1.492E+00  1.476E+00  1.451E+00  1.435E+00  1.408E+00  1.388E+00  1.359E+00  1.331E+00  1.305E+00  1.275E+00  1.249E+00  1.218E+00  1.186E+00  1.153E+00  1.120E+00  1.092E+00  1.054E+00  1.016E+00  9.818E-01  9.424E-01  9.170E-01  8.764E-01  8.398E-01  8.001E-01  7.688E-01  7.335E-01  7.027E-01  6.603E-01  6.273E-01  5.979E-01  5.635E-01  5.330E-01  5.038E-01  4.718E-01  4.445E-01  4.192E-01  3.897E-01  3.659E-01  3.424E-01  3.204E-01  2.993E-01  2.790E-01  2.577E-01  2.378E-01  2.251E-01  2.056E-01  1.904E-01  1.765E-01  1.633E-01  1.503E-01  1.407E-01  1.290E-01  1.175E-01  1.063E-01  9.879E-02  9.049E-02  8.290E-02  7.354E-02  6.694E-02  6.007E-02  5.555E-02  4.947E-02  4.535E-02  3.996E-02  3.629E-02  3.142E-02  2.817E-02  2.581E-02  2.287E-02  2.044E-02  1.683E-02  1.631E-02  1.401E-02  1.282E-02  1.104E-02  1.040E-02  8.881E-03  8.076E-03  6.730E-03  5.924E-03  5.091E-03  4.473E-03  3.919E-03  3.624E-03  3.105E-03  2.733E-03  2.357E-03  1.979E-03  1.771E-03  1.610E-03  1.306E-03  1.275E-03  1.121E-03  9.254E-04  7.958E-04  8.237E-04  5.299E-04  5.010E-04  5.383E-04  4.298E-04  3.554E-04  3.209E-04  2.471E-04  2.065E-04  1.905E-04  1.693E-04  2.070E-04  1.630E-04  8.467E-05  1.333E-04  8.948E-05  8.942E-05  9.386E-05  6.786E-05  7.786E-05  3.225E-05  2.369E-04  Z
