#type 0 %curve
#x-axis: "Pcm[GeV]"
#xMin 1.8
#xMax 1.170E+01
#xDim 100
#yName   Cross section [pb]
3.8538E-01 1.93E-02
7.1557E+00 1.92E-02
2.9022E+01 1.95E-02
7.0378E+01 2.05E-02
1.3160E+02 2.13E-02
2.1063E+02 2.23E-02
3.0440E+02 2.35E-02
4.0931E+02 2.48E-02
5.2219E+02 2.61E-02
6.3955E+02 2.73E-02
7.5932E+02 2.88E-02
8.7830E+02 3.04E-02
9.9592E+02 3.18E-02
1.1106E+03 3.30E-02
1.2199E+03 3.49E-02
1.3246E+03 3.62E-02
1.4241E+03 3.78E-02
1.5180E+03 3.93E-02
1.6048E+03 4.10E-02
1.6877E+03 4.26E-02
1.7626E+03 4.42E-02
1.8323E+03 4.56E-02
1.8960E+03 4.72E-02
1.9567E+03 4.86E-02
2.0117E+03 5.04E-02
2.0592E+03 5.22E-02
2.1054E+03 5.36E-02
2.1449E+03 5.53E-02
2.1791E+03 5.66E-02
2.2110E+03 5.82E-02
2.2396E+03 6.00E-02
2.2619E+03 6.16E-02
2.2845E+03 6.31E-02
2.3018E+03 6.45E-02
2.3193E+03 6.62E-02
2.3336E+03 6.81E-02
2.3434E+03 6.92E-02
2.3502E+03 7.16E-02
2.3575E+03 7.29E-02
2.3617E+03 7.42E-02
2.3668E+03 7.61E-02
2.3663E+03 7.69E-02
2.3681E+03 7.94E-02
2.3656E+03 8.09E-02
2.3624E+03 8.25E-02
2.3583E+03 8.39E-02
2.3546E+03 8.57E-02
2.3490E+03 8.71E-02
2.3387E+03 8.93E-02
2.3342E+03 9.03E-02
2.3215E+03 9.15E-02
2.3191E+03 9.36E-02
2.3063E+03 9.44E-02
2.2927E+03 9.66E-02
2.2847E+03 9.79E-02
2.2705E+03 9.96E-02
2.2610E+03 1.02E-01
2.2505E+03 1.04E-01
2.2362E+03 1.05E-01
2.2170E+03 1.05E-01
2.2105E+03 1.08E-01
2.1968E+03 1.08E-01
2.1856E+03 1.11E-01
2.1700E+03 1.12E-01
2.1529E+03 1.14E-01
2.1430E+03 1.17E-01
2.1302E+03 1.18E-01
2.1133E+03 1.19E-01
2.0996E+03 1.21E-01
2.0836E+03 1.22E-01
2.0642E+03 1.24E-01
2.0538E+03 1.25E-01
2.0380E+03 1.26E-01
2.0262E+03 1.30E-01
2.0137E+03 1.31E-01
1.9964E+03 1.32E-01
1.9796E+03 1.32E-01
1.9630E+03 1.34E-01
1.9453E+03 1.35E-01
1.9344E+03 1.38E-01
1.9237E+03 1.42E-01
1.9092E+03 1.41E-01
1.8933E+03 1.41E-01
1.8787E+03 1.46E-01
1.8674E+03 1.47E-01
1.8481E+03 1.47E-01
1.8391E+03 1.50E-01
1.8257E+03 1.53E-01
1.8059E+03 1.52E-01
1.7912E+03 1.54E-01
1.7803E+03 1.56E-01
1.7693E+03 1.57E-01
1.7589E+03 1.60E-01
1.7438E+03 1.64E-01
1.7298E+03 1.66E-01
1.7133E+03 1.63E-01
1.7047E+03 1.64E-01
1.6876E+03 1.68E-01
1.6759E+03 1.69E-01
1.6643E+03 1.72E-01
