0.0000000000e+00 1.0207538253e-04 9.7953209954e-05 1.0619755511e-04
1.0000000000e-01 1.1832203551e-04 1.1415413685e-04 1.2248993417e-04
1.4142135624e-01 1.3565280957e-04 1.3140091607e-04 1.3990470308e-04
1.7320508076e-01 1.5427041306e-04 1.4989028633e-04 1.5865053980e-04
2.0000000000e-01 1.7446381816e-04 1.6990370580e-04 1.7902393051e-04
2.2360679775e-01 1.9668177663e-04 1.9187953051e-04 2.0148402274e-04
2.4494897428e-01 2.2172929698e-04 2.1660586205e-04 2.2685273191e-04
2.6457513111e-01 2.5156294615e-04 2.4600130042e-04 2.5712459189e-04
2.8284271247e-01 2.8633514204e-04 2.8030997119e-04 2.9236031289e-04
3.0000000000e-01 3.1728322288e-04 3.1104946709e-04 3.2351697866e-04
3.1622776602e-01 3.4595706988e-04 3.3914308316e-04 3.5277105661e-04
3.3166247904e-01 3.7545152019e-04 3.6800928689e-04 3.8289375349e-04
3.4641016151e-01 4.0508598485e-04 3.9697266670e-04 4.1319930300e-04
3.6055512755e-01 4.3494086649e-04 4.2610991698e-04 4.4377181600e-04
3.7416573868e-01 4.6482881072e-04 4.5523455240e-04 4.7442306904e-04
3.8729833462e-01 4.9466621790e-04 4.8426244625e-04 5.0506998956e-04
4.0000000000e-01 5.2435214449e-04 5.1309248585e-04 5.3561180312e-04
4.1231056256e-01 5.5380071478e-04 5.4163789001e-04 5.6596353955e-04
4.2426406871e-01 5.8287392786e-04 5.6976108129e-04 5.9598677443e-04
4.3588989435e-01 6.1153591569e-04 5.9742472213e-04 6.2564710925e-04
4.4721359550e-01 6.3971185986e-04 6.2455351540e-04 6.5487020432e-04
4.5825756950e-01 6.6734579892e-04 6.5109065958e-04 6.8360093825e-04
4.6904157598e-01 6.9442033124e-04 6.7701705222e-04 7.1182361027e-04
4.7958315233e-01 7.2085342661e-04 7.0225096051e-04 7.3945589271e-04
4.8989794856e-01 7.4666379314e-04 7.2680874451e-04 7.6651884177e-04
5.0000000000e-01 7.7184697059e-04 7.5068443276e-04 7.9300950842e-04
5.0990195136e-01 7.9637879339e-04 7.7385340653e-04 8.1890418024e-04
5.1961524227e-01 8.2028558938e-04 7.9633926856e-04 8.4423191020e-04
5.2915026221e-01 8.4357771376e-04 8.1815075234e-04 8.6900467518e-04
5.3851648071e-01 8.6626342018e-04 8.3929496935e-04 8.9323187101e-04
5.4772255751e-01 8.8837144943e-04 8.5979772441e-04 9.1694517445e-04
5.5677643628e-01 9.0993316753e-04 8.7968823116e-04 9.4017810389e-04
5.6568542495e-01 9.3098765080e-04 8.9900381826e-04 9.6297148334e-04
5.7445626465e-01 9.5154977275e-04 9.1775608905e-04 9.8534345645e-04
5.8309518948e-01 9.7165455676e-04 9.3597718178e-04 1.0073319317e-03
5.9160797831e-01 9.9135789902e-04 9.5372026082e-04 1.0289955372e-03
6.0000000000e-01 1.0106683153e-03 9.7099047254e-04 1.0503461581e-03
6.0827625303e-01 1.0296211438e-03 9.8781974164e-04 1.0714225459e-03
6.1644140030e-01 1.0482845725e-03 1.0042732775e-03 1.0922958674e-03
6.2449979984e-01 1.0666635831e-03 1.0203516386e-03 1.1129755275e-03
6.3245553203e-01 1.0847875738e-03 1.0360797700e-03 1.1334953777e-03
6.4031242374e-01 1.1027130111e-03 1.0515092472e-03 1.1539167750e-03
6.4807406984e-01 1.1204585780e-03 1.0666541666e-03 1.1742629894e-03
6.5574385243e-01 1.1380473748e-03 1.0815327045e-03 1.1945620451e-03
6.6332495807e-01 1.1555285969e-03 1.0961894040e-03 1.2148677897e-03
6.7082039325e-01 1.1729300968e-03 1.1106460729e-03 1.2352141207e-03
6.7823299831e-01 1.1902686442e-03 1.1249122603e-03 1.2556250281e-03
6.8556546004e-01 1.2075825682e-03 1.1390187880e-03 1.2761463483e-03
6.9282032303e-01 1.2249031120e-03 1.1529894682e-03 1.2968167559e-03
7.0000000000e-01 1.2422493352e-03 1.1668361795e-03 1.3176624909e-03
7.0710678119e-01 1.2596577520e-03 1.1805885095e-03 1.3387269945e-03
7.1414284285e-01 1.2771605753e-03 1.1942698934e-03 1.3600512572e-03
7.2111025509e-01 1.2947778282e-03 1.2078880817e-03 1.3816675746e-03
7.2801098893e-01 1.3125400395e-03 1.2214616374e-03 1.4036184417e-03
7.3484692283e-01 1.3304783446e-03 1.2350099027e-03 1.4259467865e-03
7.4161984871e-01 1.3486251000e-03 1.2485534530e-03 1.4486967469e-03
7.4833147735e-01 1.3670211466e-03 1.2621227714e-03 1.4719195218e-03
7.5498344353e-01 1.3856967824e-03 1.2757305867e-03 1.4956629782e-03
7.6157731059e-01 1.4046823751e-03 1.2893883121e-03 1.5199764382e-03
7.6811457479e-01 1.4240094764e-03 1.3031081143e-03 1.5449108386e-03
7.7459666924e-01 1.4437271761e-03 1.3169209766e-03 1.5705333756e-03
7.8102496759e-01 1.4638821908e-03 1.3308584380e-03 1.5969059435e-03
7.8740078740e-01 1.4845237011e-03 1.3449389757e-03 1.6241084266e-03
7.9372539332e-01 1.5056914092e-03 1.3591666967e-03 1.6522161217e-03
8.0000000000e-01 1.5274562885e-03 1.3735852464e-03 1.6813273305e-03
8.0622577483e-01 1.5499127931e-03 1.3882720723e-03 1.7115535138e-03
8.1240384046e-01 1.5731261159e-03 1.4032374489e-03 1.7430147829e-03
8.1853527719e-01 1.5971470537e-03 1.4184636486e-03 1.7758304588e-03
8.2462112512e-01 1.6223699108e-03 1.4344307253e-03 1.8103090963e-03
8.3066238629e-01 1.6479729182e-03 1.4497896996e-03 1.8461561368e-03
8.3666002653e-01 1.6766943058e-03 1.4683912005e-03 1.8849974111e-03
8.4261497732e-01 1.7048031964e-03 1.4845792386e-03 1.9250271543e-03
8.4852813742e-01 1.7358670774e-03 1.5032116564e-03 1.9685224984e-03
8.5440037453e-01 1.7698322318e-03 1.5235807365e-03 2.0160837271e-03
8.6023252670e-01 1.8067045846e-03 1.5456539703e-03 2.0677551990e-03
8.6602540378e-01 1.8457731670e-03 1.5686359894e-03 2.1229103446e-03
8.7177978871e-01 1.8870979703e-03 1.5925218998e-03 2.1816740407e-03
8.7749643874e-01 1.9304776654e-03 1.6169647423e-03 2.2439905885e-03
8.8317608663e-01 1.9759078033e-03 1.6418329239e-03 2.3099826828e-03
8.8881944173e-01 2.0233710197e-03 1.6669565532e-03 2.3797854862e-03
8.9442719100e-01 2.0727585543e-03 1.6920251231e-03 2.4534919855e-03
9.0000000000e-01 2.1240956961e-03 1.7168802618e-03 2.5313111304e-03
9.0553851381e-01 2.1772704128e-03 1.7411737998e-03 2.6133670258e-03
9.1104335791e-01 2.2321598009e-03 1.7645039892e-03 2.6998156126e-03
9.1651513899e-01 2.2887155935e-03 1.7865386363e-03 2.7908925508e-03
9.2195444573e-01 2.3466519262e-03 1.8066524617e-03 2.8866513907e-03
9.2736184955e-01 2.4056939965e-03 1.8241646258e-03 2.9872233672e-03
9.3273790531e-01 2.4655967218e-03 1.8383892708e-03 3.0928041729e-03
9.3808315196e-01 2.5256517070e-03 1.8481299065e-03 3.2031735074e-03
9.4339811321e-01 2.5850635346e-03 1.8520166159e-03 3.3181104533e-03
9.4868329805e-01 2.6430998338e-03 1.8485996342e-03 3.4376000333e-03
9.5393920142e-01 2.6978464250e-03 1.8352799136e-03 3.5604129365e-03
9.5916630466e-01 2.7469176765e-03 1.8089346326e-03 3.6849007204e-03
9.6436507610e-01 2.7866819050e-03 1.7651879398e-03 3.8081758702e-03
9.6953597148e-01 2.8112573898e-03 1.6973380569e-03 3.9251767227e-03
9.7467943448e-01 2.8103894163e-03 1.5951594757e-03 4.0256193568e-03
9.7979589711e-01 2.7667532260e-03 1.4509038944e-03 4.0826025577e-03
9.8488578018e-01 2.6390186303e-03 1.2406926055e-03 4.0373446551e-03
9.8994949366e-01 2.3211984005e-03 9.4079307379e-04 3.7016037271e-03
9.9498743711e-01 1.3605443484e-03 8.8943092765e-04 1.8316577692e-03
1.0000000000e+00 1.5927946500e-03 7.4515894005e-04 2.4404303600e-03
1.0049875621e+00 1.3751603559e-03 6.5427080549e-04 2.0960499062e-03
1.0099504938e+00 1.2715232316e-03 6.3068186736e-04 1.9123645958e-03
1.0148891565e+00 1.1647966602e-03 5.6544883479e-04 1.7641444856e-03
1.0198039027e+00 1.0670512296e-03 5.1243657446e-04 1.6216658848e-03
1.0246950766e+00 9.8266276636e-04 4.7350120249e-04 1.4918243302e-03
1.0295630141e+00 9.1113852471e-04 4.4254923390e-04 1.3797278155e-03
1.0344080433e+00 8.5127505450e-04 4.1726261499e-04 1.2852874940e-03
1.0392304845e+00 8.0065365961e-04 3.9908289128e-04 1.2022244279e-03
1.0440306509e+00 7.5803369392e-04 3.8861409748e-04 1.1274532904e-03
1.0488088482e+00 7.2427384862e-04 3.8493337058e-04 1.0636143267e-03
1.0535653753e+00 6.9961599963e-04 3.8626189788e-04 1.0129701014e-03
1.0583005244e+00 6.8301122786e-04 3.9029845903e-04 9.7572399669e-04
1.0630145813e+00 6.7313192872e-04 3.9618460002e-04 9.5007925743e-04
1.0677078252e+00 6.6902972909e-04 4.0356000233e-04 9.3449945585e-04
1.0723805295e+00 6.7008299853e-04 4.1208435944e-04 9.2808163762e-04
1.0770329614e+00 6.7585042589e-04 4.2127055700e-04 9.3043029478e-04
1.0816653826e+00 6.8563902943e-04 4.3062739002e-04 9.4065066885e-04
1.0862780491e+00 6.9848360644e-04 4.4016730928e-04 9.5679990360e-04
1.0908712115e+00 7.1322527209e-04 4.4988579693e-04 9.7656474725e-04
1.0954451150e+00 7.2957627482e-04 4.6009878262e-04 9.9905376701e-04
1.1000000000e+00 7.4730203864e-04 4.7107752018e-04 1.0235265571e-03
1.1045361017e+00 7.6623783897e-04 4.8281185385e-04 1.0496638241e-03
1.1090536506e+00 7.8643940626e-04 4.9543663952e-04 1.0774421730e-03
1.1135528726e+00 8.0778617988e-04 5.0892946757e-04 1.1066428922e-03
1.1180339887e+00 8.3019954347e-04 5.2330317833e-04 1.1370959086e-03
1.1224972160e+00 8.5369426716e-04 5.3840583917e-04 1.1689826951e-03
1.1269427670e+00 8.7813983500e-04 5.5434675156e-04 1.2019329184e-03
1.1313708499e+00 9.0347646487e-04 5.7146974272e-04 1.2354831870e-03
1.1357816692e+00 9.2980105107e-04 5.9014499118e-04 1.2694571110e-03
1.1401754251e+00 9.5714729778e-04 6.1065909268e-04 1.3036355029e-03
1.1445523142e+00 9.8553424317e-04 6.3307564703e-04 1.3379928393e-03
1.1489125293e+00 1.0148281547e-03 6.5709125982e-04 1.3725650495e-03
1.1532562595e+00 1.0447949299e-03 6.8236357696e-04 1.4072262829e-03
1.1575836903e+00 1.0752026919e-03 7.0855699590e-04 1.4418483878e-03
1.1618950039e+00 1.1058969699e-03 7.3544701974e-04 1.4763469200e-03
1.1661903790e+00 1.1368254816e-03 7.6301774332e-04 1.5106332199e-03
1.1704699911e+00 1.1680071505e-03 7.9129327387e-04 1.5447210271e-03
1.1747340124e+00 1.1995060647e-03 8.2032087019e-04 1.5786912592e-03
1.1789826123e+00 1.2313381681e-03 8.5011597467e-04 1.6125603616e-03
1.1832159566e+00 1.2634731592e-03 8.8054858228e-04 1.6463977361e-03
1.1874342087e+00 1.2958065090e-03 9.1140886444e-04 1.6802041536e-03
1.1916375288e+00 1.3282273594e-03 9.4255783864e-04 1.7138968801e-03
1.1958260743e+00 1.3606280282e-03 9.7378168903e-04 1.7474743674e-03
1.2000000000e+00 1.3929354749e-03 1.0050135456e-03 1.7808574043e-03
1.2041594579e+00 1.4251756208e-03 1.0363155918e-03 1.8140356498e-03
1.2083045974e+00 1.4573479562e-03 1.0676380077e-03 1.8470579047e-03
1.2124355653e+00 1.4895098035e-03 1.0991096482e-03 1.8799099588e-03
1.2165525061e+00 1.5216832316e-03 1.1307092643e-03 1.9126571990e-03
1.2206555616e+00 1.5538184865e-03 1.1623165914e-03 1.9453203817e-03
1.2247448714e+00 1.5858757963e-03 1.1938894093e-03 1.9778621833e-03
1.2288205727e+00 1.6177919168e-03 1.2252915930e-03 2.0102922406e-03
1.2328828006e+00 1.6494998807e-03 1.2564403314e-03 2.0425594300e-03
1.2369316877e+00 1.6809931523e-03 1.2873674978e-03 2.0746188068e-03
1.2409673646e+00 1.7122797711e-03 1.3180710348e-03 2.1064885073e-03
1.2449899598e+00 1.7433718232e-03 1.3486194583e-03 2.1381241881e-03
1.2489995997e+00 1.7742942641e-03 1.3790219544e-03 2.1695665738e-03
1.2529964086e+00 1.8050300098e-03 1.4092188672e-03 2.2008411525e-03
1.2569805090e+00 1.8355438873e-03 1.4391510793e-03 2.2319366953e-03
1.2609520213e+00 1.8657881281e-03 1.4686878490e-03 2.2628884072e-03
1.2649110641e+00 1.8957479493e-03 1.4978440085e-03 2.2936518900e-03
1.2688577540e+00 1.9254132135e-03 1.5266430144e-03 2.3241834126e-03
1.2727922061e+00 1.9547961197e-03 1.5551268087e-03 2.3544654307e-03
1.2767145335e+00 1.9839041601e-03 1.5833558357e-03 2.3844524846e-03
1.2806248475e+00 2.0126948586e-03 1.6112084278e-03 2.4141812894e-03
1.2845232579e+00 2.0411483875e-03 1.6386071178e-03 2.4436896571e-03
1.2884098727e+00 2.0692227656e-03 1.6654576334e-03 2.4729878978e-03
1.2922847983e+00 2.0969732199e-03 1.6918635891e-03 2.5020828506e-03
1.2961481397e+00 2.1244118121e-03 1.7178958219e-03 2.5309278022e-03
1.3000000000e+00 2.1514956199e-03 1.7434951922e-03 2.5594960476e-03
1.3038404810e+00 2.1781684628e-03 1.7686362368e-03 2.5877006887e-03
1.3076696831e+00 2.2046553086e-03 1.7939528247e-03 2.6153577925e-03
1.3114877049e+00 2.2303432248e-03 1.8172423524e-03 2.6434440972e-03
1.3152946438e+00 2.2541344502e-03 1.8365755104e-03 2.6716933900e-03
1.3190905958e+00 2.2814284854e-03 1.8653707936e-03 2.6974861773e-03
1.3228756555e+00 2.3072509294e-03 1.8901411445e-03 2.7243607142e-03
1.3266499161e+00 2.3287025271e-03 1.9073994839e-03 2.7500055703e-03
1.3304134696e+00 2.3544170906e-03 1.9292689237e-03 2.7795652575e-03
1.3341664064e+00 2.3752566924e-03 1.9480342790e-03 2.8024791059e-03
1.3379088160e+00 2.3979926911e-03 1.9685901683e-03 2.8273952140e-03
1.3416407865e+00 2.4216729606e-03 1.9827773352e-03 2.8605685861e-03
1.3453624047e+00 2.4397160053e-03 2.0010655970e-03 2.8783664136e-03
1.3490737563e+00 2.4688914650e-03 2.0358527056e-03 2.9019302244e-03
1.3527749258e+00 2.4854415232e-03 2.0455098978e-03 2.9253731486e-03
1.3564659966e+00 2.5060074937e-03 2.0615490060e-03 2.9504659814e-03
1.3601470509e+00 2.5255731510e-03 2.0783135513e-03 2.9728327507e-03
1.3638181697e+00 2.5397095726e-03 2.0852279216e-03 2.9941912236e-03
1.3674794331e+00 2.5679933461e-03 2.1178279337e-03 3.0181587584e-03
1.3711309201e+00 2.5826991599e-03 2.1268471112e-03 3.0385512085e-03
1.3747727085e+00 2.5966627063e-03 2.1357998293e-03 3.0575255833e-03
1.3784048752e+00 2.6150823471e-03 2.1511130635e-03 3.0790516307e-03
1.3820274961e+00 2.6308534742e-03 2.1639711558e-03 3.0977357926e-03
1.3856406461e+00 2.6455122482e-03 2.1749942662e-03 3.1160302302e-03
1.3892443989e+00 2.6597760138e-03 2.1859346130e-03 3.1336174146e-03
1.3928388277e+00 2.6730664738e-03 2.1960027800e-03 3.1501301675e-03
1.3964240044e+00 2.6852822078e-03 2.2051121536e-03 3.1654522619e-03
1.4000000000e+00 2.6963688454e-03 2.2131805029e-03 3.1795571879e-03
1.4035668848e+00 2.7064125075e-03 2.2203583984e-03 3.1924666167e-03
1.4071247279e+00 2.7152588442e-03 2.2265279866e-03 3.2039897018e-03
1.4106735980e+00 2.7226308773e-03 2.2315207685e-03 3.2137409861e-03
1.4142135624e+00 2.7281367682e-03 2.2350673783e-03 3.2212061581e-03
1.4177446879e+00 2.7315384076e-03 2.2369497926e-03 3.2261270226e-03
1.4212670404e+00 2.7325522771e-03 2.2367575840e-03 3.2283469702e-03
1.4247806849e+00 2.7311704128e-03 2.2344948483e-03 3.2278459773e-03
1.4282856857e+00 2.7275980064e-03 2.2302167453e-03 3.2249792675e-03
1.4317821063e+00 2.7220913720e-03 2.2241178436e-03 3.2200649004e-03
1.4352700094e+00 2.7149890424e-03 2.2165243318e-03 3.2134537531e-03
1.4387494570e+00 2.7065507928e-03 2.2077244550e-03 3.2053771306e-03
1.4422205102e+00 2.6969212613e-03 2.1978360031e-03 3.1960065194e-03
1.4456832295e+00 2.6862678496e-03 2.1869935735e-03 3.1855421256e-03
1.4491376746e+00 2.6746859311e-03 2.1754001369e-03 3.1739717254e-03
1.4525839046e+00 2.6622317368e-03 2.1632091201e-03 3.1612543536e-03
1.4560219779e+00 2.6489709991e-03 2.1505876167e-03 3.1473543815e-03
1.4594519519e+00 2.6348998052e-03 2.1375624029e-03 3.1322372074e-03
1.4628738838e+00 2.6199689407e-03 2.1241187128e-03 3.1158191686e-03
1.4662878299e+00 2.6043039068e-03 2.1107031359e-03 3.0979046778e-03
1.4696938457e+00 2.5879948776e-03 2.0977064111e-03 3.0782833442e-03
1.4730919863e+00 2.5711427545e-03 2.0853793011e-03 3.0569062078e-03
1.4764823060e+00 2.5538872000e-03 2.0739392444e-03 3.0338351556e-03
1.4798648587e+00 2.5363473586e-03 2.0633554197e-03 3.0093392975e-03
1.4832396974e+00 2.5186776359e-03 2.0537931233e-03 2.9835621485e-03
1.4866068747e+00 2.5009288512e-03 2.0450424946e-03 2.9568152077e-03
1.4899664426e+00 2.4832138168e-03 2.0370446031e-03 2.9293830304e-03
1.4933184523e+00 2.4655965660e-03 2.0296045296e-03 2.9015886023e-03
1.4966629547e+00 2.4480789244e-03 2.0226003814e-03 2.8735574673e-03
1.5000000000e+00 2.4306884040e-03 2.0159336312e-03 2.8454431768e-03
1.5033296378e+00 2.4134033047e-03 2.0094967042e-03 2.8173099052e-03
1.5066519173e+00 2.3962155668e-03 2.0032493448e-03 2.7891817888e-03
1.5099668871e+00 2.3791281316e-03 1.9971101733e-03 2.7611460899e-03
1.5132745950e+00 2.3621736939e-03 1.9910647414e-03 2.7332826464e-03
1.5165750888e+00 2.3453857467e-03 1.9852049967e-03 2.7055664967e-03
1.5198684154e+00 2.3285376585e-03 1.9788225906e-03 2.6782527264e-03
1.5231546212e+00 2.3118717977e-03 1.9725712484e-03 2.6511723470e-03
1.5264337522e+00 2.2956606874e-03 1.9670881078e-03 2.6242332669e-03
1.5297058541e+00 2.2791223503e-03 1.9609214753e-03 2.5973232253e-03
1.5329709717e+00 2.2631180433e-03 1.9551128282e-03 2.5711232584e-03
1.5362291496e+00 2.2468893016e-03 1.9486998360e-03 2.5450787671e-03
1.5394804318e+00 2.2311028646e-03 1.9428073498e-03 2.5193983795e-03
1.5427248621e+00 2.2160019235e-03 1.9377490155e-03 2.4942548314e-03
1.5459624834e+00 2.1998886673e-03 1.9307566734e-03 2.4690206612e-03
1.5491933385e+00 2.1845664849e-03 1.9247848106e-03 2.4443481591e-03
1.5524174696e+00 2.1694429457e-03 1.9186303150e-03 2.4202555765e-03
1.5556349186e+00 2.1546368774e-03 1.9127688343e-03 2.3965049204e-03
1.5588457268e+00 2.1398695627e-03 1.9071807186e-03 2.3725584068e-03
1.5620499352e+00 2.1249905846e-03 1.9007702813e-03 2.3492108878e-03
1.5652475842e+00 2.1105059069e-03 1.8946294602e-03 2.3263823537e-03
1.5684387141e+00 2.0963932588e-03 1.8890469997e-03 2.3037395180e-03
1.5716233646e+00 2.0822785354e-03 1.8829439163e-03 2.2816131546e-03
1.5748015748e+00 2.0685833456e-03 1.8767991006e-03 2.2603675907e-03
1.5779733838e+00 2.0549632049e-03 1.8710318552e-03 2.2388945546e-03
1.5811388301e+00 2.0416012453e-03 1.8651704078e-03 2.2180320828e-03
1.5842979518e+00 2.0284276078e-03 1.8591869879e-03 2.1976682276e-03
1.5874507866e+00 2.0154606839e-03 1.8533319806e-03 2.1775893872e-03
1.5905973721e+00 2.0027672646e-03 1.8473408588e-03 2.1581936705e-03
1.5937377451e+00 1.9900482917e-03 1.8413492645e-03 2.1387473189e-03
1.5968719423e+00 1.9777624554e-03 1.8353061011e-03 2.1202188097e-03
1.6000000000e+00 1.9656470641e-03 1.8291705504e-03 2.1021235777e-03
1.6031219542e+00 1.9537184448e-03 1.8229764442e-03 2.0844604453e-03
1.6062378404e+00 1.9420969068e-03 1.8166855821e-03 2.0675082315e-03
1.6093476939e+00 1.9306568190e-03 1.8103165849e-03 2.0509970531e-03
1.6124515497e+00 1.9194541358e-03 1.8037217729e-03 2.0351864987e-03
1.6155494421e+00 1.9084724798e-03 1.7969533255e-03 2.0199916342e-03
1.6186414056e+00 1.8977869349e-03 1.7900046467e-03 2.0055692230e-03
1.6217274740e+00 1.8871099710e-03 1.7826927337e-03 1.9915272082e-03
1.6248076809e+00 1.8770136983e-03 1.7754136288e-03 1.9786137678e-03
1.6278820596e+00 1.8669703694e-03 1.7676553831e-03 1.9662853557e-03
1.6309506430e+00 1.8571036489e-03 1.7597321858e-03 1.9544751121e-03
1.6340134638e+00 1.8476187458e-03 1.7515573972e-03 1.9436800945e-03
1.6370705544e+00 1.8383205957e-03 1.7431724466e-03 1.9334687449e-03
1.6401219467e+00 1.8292682828e-03 1.7346011655e-03 1.9239354002e-03
1.6431676725e+00 1.8204528950e-03 1.7258794637e-03 1.9150263263e-03
1.6462077633e+00 1.8118886891e-03 1.7170314356e-03 1.9067459426e-03
1.6492422502e+00 1.8035397980e-03 1.7081717474e-03 1.8989078485e-03
1.6522711642e+00 1.7955242074e-03 1.6993547911e-03 1.8916936236e-03
1.6552945357e+00 1.7877148598e-03 1.6905638428e-03 1.8848658769e-03
1.6583123952e+00 1.7801617289e-03 1.6819005940e-03 1.8784228638e-03
1.6613247726e+00 1.7728520684e-03 1.6734002350e-03 1.8723039018e-03
1.6643316977e+00 1.7657893520e-03 1.6651233910e-03 1.8664553130e-03
1.6673332001e+00 1.7590552290e-03 1.6571322891e-03 1.8609781689e-03
1.6703293088e+00 1.7523657568e-03 1.6493475662e-03 1.8553839473e-03
1.6733200531e+00 1.7460810400e-03 1.6420462706e-03 1.8501158094e-03
1.6763054614e+00 1.7399910056e-03 1.6349646322e-03 1.8450173789e-03
1.6792855624e+00 1.7342031483e-03 1.6283241371e-03 1.8400821595e-03
1.6822603841e+00 1.7284754020e-03 1.6219865067e-03 1.8349642973e-03
1.6852299546e+00 1.7233017270e-03 1.6163709955e-03 1.8302324586e-03
1.6881943016e+00 1.7177475970e-03 1.6103287855e-03 1.8251664086e-03
1.6911534525e+00 1.7128355578e-03 1.6052175598e-03 1.8204535559e-03
1.6941074346e+00 1.7080660218e-03 1.6003995806e-03 1.8157324631e-03
1.6970562748e+00 1.7034391425e-03 1.5957076894e-03 1.8111705956e-03
1.7000000000e+00 1.6989492668e-03 1.5913163292e-03 1.8065822044e-03
1.7029386366e+00 1.6949417946e-03 1.5872413626e-03 1.8026422266e-03
1.7058722109e+00 1.6901224655e-03 1.5827922622e-03 1.7974526687e-03
1.7088007491e+00 1.6864662366e-03 1.5786888121e-03 1.7942436610e-03
1.7117242769e+00 1.6827212116e-03 1.5749727593e-03 1.7904696640e-03
1.7146428199e+00 1.6783077115e-03 1.5704061235e-03 1.7862092995e-03
1.7175564037e+00 1.6746778044e-03 1.5659502848e-03 1.7834053240e-03
1.7204650534e+00 1.6710532274e-03 1.5612318339e-03 1.7808746208e-03
1.7233687940e+00 1.6673265753e-03 1.5561625949e-03 1.7784905558e-03
1.7262676502e+00 1.6636615465e-03 1.5505156134e-03 1.7768074796e-03
1.7291616466e+00 1.6600919345e-03 1.5443052992e-03 1.7758785697e-03
1.7320508076e+00 1.6564457988e-03 1.5373585976e-03 1.7755329999e-03
1.7349351573e+00 1.6527904147e-03 1.5305977641e-03 1.7749830654e-03
1.7378147197e+00 1.6490785427e-03 1.5220775986e-03 1.7760794868e-03
1.7406895186e+00 1.6447861265e-03 1.5132222154e-03 1.7763500375e-03
1.7435595774e+00 1.6412251533e-03 1.5041742352e-03 1.7782760715e-03
1.7464249197e+00 1.6376371962e-03 1.4939242609e-03 1.7813501316e-03
1.7492855685e+00 1.6330513446e-03 1.4830582744e-03 1.7830444149e-03
1.7521415468e+00 1.6288765007e-03 1.4721845357e-03 1.7855684658e-03
1.7549928775e+00 1.6247704400e-03 1.4601030592e-03 1.7894378209e-03
1.7578395831e+00 1.6202687923e-03 1.4477786978e-03 1.7927588869e-03
1.7606816862e+00 1.6156863024e-03 1.4349045258e-03 1.7964680790e-03
1.7635192089e+00 1.6109560701e-03 1.4215748631e-03 1.8003372771e-03
1.7663521733e+00 1.6060674379e-03 1.4078408229e-03 1.8042940528e-03
1.7691806013e+00 1.6010239182e-03 1.3937479933e-03 1.8082998431e-03
1.7720045147e+00 1.5958311080e-03 1.3793461273e-03 1.8123160888e-03
1.7748239349e+00 1.5904834367e-03 1.3646688401e-03 1.8162980333e-03
1.7776388835e+00 1.5849806439e-03 1.3497429236e-03 1.8202183642e-03
1.7804493815e+00 1.5793184421e-03 1.3346114565e-03 1.8240254277e-03
1.7832554500e+00 1.5735023628e-03 1.3193176681e-03 1.8276870574e-03
1.7860571099e+00 1.5675418721e-03 1.3039057777e-03 1.8311779664e-03
1.7888543820e+00 1.5614442521e-03 1.2884273054e-03 1.8344611989e-03
1.7916472867e+00 1.5552189830e-03 1.2729230743e-03 1.8375148918e-03
1.7944358445e+00 1.5488700825e-03 1.2574263149e-03 1.8403138502e-03
1.7972200756e+00 1.5424049987e-03 1.2419728265e-03 1.8428371709e-03
1.8000000000e+00 1.5358397301e-03 1.2265931266e-03 1.8450863337e-03
1.8027756377e+00 1.5291860140e-03 1.2113215603e-03 1.8470504677e-03
1.8055470085e+00 1.5224535184e-03 1.1961945438e-03 1.8487124929e-03
1.8083141320e+00 1.5156518000e-03 1.1812514645e-03 1.8500521354e-03
1.8110770276e+00 1.5087916593e-03 1.1665253255e-03 1.8510579931e-03
1.8138357147e+00 1.5018900990e-03 1.1520486863e-03 1.8517315117e-03
1.8165902125e+00 1.4949580676e-03 1.1378526388e-03 1.8520634965e-03
1.8193405399e+00 1.4880085380e-03 1.1239577083e-03 1.8520593676e-03
1.8220867158e+00 1.4810591957e-03 1.1104056629e-03 1.8517127285e-03
1.8248287591e+00 1.4741235496e-03 1.0972138480e-03 1.8510332512e-03
1.8275666882e+00 1.4672191536e-03 1.0844123878e-03 1.8500259194e-03
1.8303005218e+00 1.4603551338e-03 1.0720121205e-03 1.8486981472e-03
1.8330302780e+00 1.4535406928e-03 1.0600324539e-03 1.8470489318e-03
1.8357559751e+00 1.4467903331e-03 1.0485024590e-03 1.8450782071e-03
1.8384776311e+00 1.4401132385e-03 1.0374348924e-03 1.8427915846e-03
1.8411952640e+00 1.4335218873e-03 1.0268485127e-03 1.8401952619e-03
1.8439088915e+00 1.4270235067e-03 1.0167479056e-03 1.8372991078e-03
1.8466185313e+00 1.4206281253e-03 1.0071389310e-03 1.8341173195e-03
1.8493242009e+00 1.4143445033e-03 9.9802877923e-04 1.8306602274e-03
1.8520259177e+00 1.4081851626e-03 9.8943494770e-04 1.8269353775e-03
1.8547236991e+00 1.4021565962e-03 9.8135853930e-04 1.8229546531e-03
1.8574175621e+00 1.3962654167e-03 9.7380380117e-04 1.8187270322e-03
1.8601075238e+00 1.3905144125e-03 9.6676768852e-04 1.8142611365e-03
1.8627936010e+00 1.3849053294e-03 9.6024248597e-04 1.8095681728e-03
1.8654758106e+00 1.3794413632e-03 9.5422441654e-04 1.8046583098e-03
1.8681541692e+00 1.3741266570e-03 9.4871236232e-04 1.7995409516e-03
1.8708286934e+00 1.3689614609e-03 9.4369357028e-04 1.7942293515e-03
1.8734993995e+00 1.3639446077e-03 9.3915858927e-04 1.7887306261e-03
1.8761663039e+00 1.3590773309e-03 9.3509370241e-04 1.7830609593e-03
1.8788294228e+00 1.3543587562e-03 9.3148418599e-04 1.7772333264e-03
1.8814887722e+00 1.3497871677e-03 9.2831602852e-04 1.7712583069e-03
1.8841443681e+00 1.3453612523e-03 9.2557891885e-04 1.7651435858e-03
1.8867962264e+00 1.3410767706e-03 9.2325758732e-04 1.7588959539e-03
1.8894443628e+00 1.3369291918e-03 9.2133241413e-04 1.7525259695e-03
1.8920887928e+00 1.3329159401e-03 9.1978517322e-04 1.7460467070e-03
1.8947295321e+00 1.3290315715e-03 9.1859674425e-04 1.7394663988e-03
1.8973665961e+00 1.3252695214e-03 9.1774057347e-04 1.7327984693e-03
1.9000000000e+00 1.3216239058e-03 9.1719536208e-04 1.7260524495e-03
1.9026297590e+00 1.3180903229e-03 9.1694519274e-04 1.7192354530e-03
1.9052558883e+00 1.3146657174e-03 9.1696939791e-04 1.7123620369e-03
1.9078784028e+00 1.3113427845e-03 9.1724571429e-04 1.7054398546e-03
1.9104973175e+00 1.3081153006e-03 9.1775574456e-04 1.6984748566e-03
1.9131126470e+00 1.3049770515e-03 9.1848163106e-04 1.6914724719e-03
1.9157244061e+00 1.3019232438e-03 9.1940848619e-04 1.6844380013e-03
1.9183326093e+00 1.2989503853e-03 9.2052066253e-04 1.6773801081e-03
1.9209372712e+00 1.2960533003e-03 9.2180136078e-04 1.6703052397e-03
1.9235384062e+00 1.2932259742e-03 9.2323119209e-04 1.6632207563e-03
1.9261360284e+00 1.2904629974e-03 9.2479192180e-04 1.6561340729e-03
1.9287301522e+00 1.2877607392e-03 9.2647309072e-04 1.6490483877e-03
1.9313207916e+00 1.2851169678e-03 9.2826275397e-04 1.6419711817e-03
1.9339079606e+00 1.2825265444e-03 9.3014836818e-04 1.6349047207e-03
1.9364916731e+00 1.2799847949e-03 9.3212097725e-04 1.6278486126e-03
1.9390719430e+00 1.2774883862e-03 9.3417275752e-04 1.6208040149e-03
1.9416487839e+00 1.2750350179e-03 9.3629761531e-04 1.6137724206e-03
1.9442222095e+00 1.2726221826e-03 9.3848841771e-04 1.6067559474e-03
1.9467922334e+00 1.2702476849e-03 9.4073792388e-04 1.5997574458e-03
1.9493588690e+00 1.2679091186e-03 9.4303851807e-04 1.5927797192e-03
1.9519221296e+00 1.2656044051e-03 9.4538515287e-04 1.5858236573e-03
1.9544820286e+00 1.2633326237e-03 9.4777386767e-04 1.5788913798e-03
1.9570385791e+00 1.2610906072e-03 9.5020162318e-04 1.5719795912e-03
1.9595917942e+00 1.2588764697e-03 9.5266727673e-04 1.5650856627e-03
1.9621416870e+00 1.2566886020e-03 9.5516892015e-04 1.5582082838e-03
1.9646882704e+00 1.2545258366e-03 9.5770512637e-04 1.5513465467e-03
1.9672315573e+00 1.2523893575e-03 9.6027590477e-04 1.5445028103e-03
1.9697715604e+00 1.2502792731e-03 9.6288167770e-04 1.5376768685e-03
1.9723082923e+00 1.2481972129e-03 9.6552245978e-04 1.5308719660e-03
1.9748417658e+00 1.2461426941e-03 9.6819853537e-04 1.5240868529e-03
1.9773719933e+00 1.2441146936e-03 9.7090851442e-04 1.5173208728e-03
1.9798989873e+00 1.2421115414e-03 9.7365067334e-04 1.5105724095e-03
1.9824227602e+00 1.2401389066e-03 9.7642376885e-04 1.5038540443e-03
1.9849433241e+00 1.2382062147e-03 9.7923925439e-04 1.4971731751e-03
1.9874606914e+00 1.2363280311e-03 9.8211007471e-04 1.4905459874e-03
1.9899748742e+00 1.2345136967e-03 9.8501724013e-04 1.4840101533e-03
1.9924858845e+00 1.2326686467e-03 9.8780689172e-04 1.4775304016e-03
1.9949937343e+00 1.2311685390e-03 9.9061825662e-04 1.4717188215e-03
1.9974984355e+00 1.2298002839e-03 9.9383779423e-04 1.4657627735e-03
2.0000000000e+00 1.2284505971e-03 9.9619796144e-04 1.4607032327e-03
2.0024984395e+00 1.2296577373e-03 9.9399776532e-04 1.4653177092e-03
2.0049937656e+00 1.2308666631e-03 9.9071989539e-04 1.4710134309e-03
2.0074859900e+00 1.2290107518e-03 9.8871447021e-04 1.4693070334e-03
2.0099751242e+00 1.2264930759e-03 9.8666086976e-04 1.4663252820e-03
2.0124611797e+00 1.2250582365e-03 9.8361030209e-04 1.4665061709e-03
2.0149441680e+00 1.2237991799e-03 9.8074887830e-04 1.4668494815e-03
2.0174241002e+00 1.2229937641e-03 9.7833165285e-04 1.4676558754e-03
2.0199009877e+00 1.2229719120e-03 9.7668922436e-04 1.4692545997e-03
2.0223748416e+00 1.2221685857e-03 9.7433870043e-04 1.4699984709e-03
2.0248456731e+00 1.2210661354e-03 9.7172179150e-04 1.4704104793e-03
2.0273134933e+00 1.2199381494e-03 9.6909864419e-04 1.4707776546e-03
2.0297783130e+00 1.2187959931e-03 9.6647740829e-04 1.4711145780e-03
2.0322401433e+00 1.2176513886e-03 9.6386654087e-04 1.4714362364e-03
2.0346989949e+00 1.2165163808e-03 9.6127477045e-04 1.4717579912e-03
2.0371548787e+00 1.2154033267e-03 9.5871107083e-04 1.4720955825e-03
2.0396078054e+00 1.2142283655e-03 9.5613359193e-04 1.4723231390e-03
2.0420577857e+00 1.2130010962e-03 9.5355007389e-04 1.4724521185e-03
2.0445048300e+00 1.2117623855e-03 9.5098485855e-04 1.4725399124e-03
2.0469489490e+00 1.2105159304e-03 9.4844269559e-04 1.4725891651e-03
2.0493901532e+00 1.2092654988e-03 9.4592844299e-04 1.4726025547e-03
2.0518284529e+00 1.2080149186e-03 9.4344705653e-04 1.4725827807e-03
2.0542638584e+00 1.2067680685e-03 9.4100358097e-04 1.4725325561e-03
2.0566963801e+00 1.2055288721e-03 9.3860314294e-04 1.4724546012e-03
2.0591260282e+00 1.2043012938e-03 9.3625094594e-04 1.4723516417e-03
2.0615528128e+00 1.2030866819e-03 9.3394946510e-04 1.4722238988e-03
2.0639767441e+00 1.2018248984e-03 9.3163390935e-04 1.4720158874e-03
2.0663978320e+00 1.2005599147e-03 9.2934857847e-04 1.4717712509e-03
2.0688160866e+00 1.1992921985e-03 9.2709367431e-04 1.4714907228e-03
2.0712315177e+00 1.1980222346e-03 9.2486941511e-04 1.4711750541e-03
2.0736441353e+00 1.1967505231e-03 9.2267603418e-04 1.4708250120e-03
2.0760539492e+00 1.1954775784e-03 9.2051377841e-04 1.4704413783e-03
2.0784609691e+00 1.1942039277e-03 9.1838290690e-04 1.4700249485e-03
2.0808652047e+00 1.1929301099e-03 9.1628368951e-04 1.4695765302e-03
2.0832666656e+00 1.1916566740e-03 9.1421640537e-04 1.4690969427e-03
2.0856653615e+00 1.1903841784e-03 9.1218134147e-04 1.4685870152e-03
2.0880613018e+00 1.1891131888e-03 9.1017879120e-04 1.4680475865e-03
2.0904544960e+00 1.1878442783e-03 9.0820905287e-04 1.4674795037e-03
2.0928449536e+00 1.1865875460e-03 9.0628478885e-04 1.4668903031e-03
2.0952326840e+00 1.1853374722e-03 9.0439842923e-04 1.4662765152e-03
2.0976176963e+00 1.1840908882e-03 9.0254540802e-04 1.4656363684e-03
2.1000000000e+00 1.1828479733e-03 9.0072549046e-04 1.4649704560e-03
2.1023796042e+00 1.1816089113e-03 8.9893844030e-04 1.4642793823e-03
2.1047565180e+00 1.1803738909e-03 8.9718401932e-04 1.4635637625e-03
2.1071307506e+00 1.1791431047e-03 8.9546198688e-04 1.4628242225e-03
2.1095023110e+00 1.1779167490e-03 8.9377209937e-04 1.4620613986e-03
2.1118712082e+00 1.1766950238e-03 8.9211410973e-04 1.4612759378e-03
2.1142374512e+00 1.1754781319e-03 8.9048776697e-04 1.4604684968e-03
2.1166010489e+00 1.1742662791e-03 8.8889281563e-04 1.4596397426e-03
2.1189620100e+00 1.1730596736e-03 8.8732899530e-04 1.4587903519e-03
2.1213203436e+00 1.1718585258e-03 8.8579604009e-04 1.4579210115e-03
2.1236760582e+00 1.1706630478e-03 8.8429367818e-04 1.4570324174e-03
2.1260291625e+00 1.1694734535e-03 8.8282163130e-04 1.4561252756e-03
2.1283796654e+00 1.1682942369e-03 8.8138087223e-04 1.4552076016e-03
2.1307275753e+00 1.1671265325e-03 8.7997134215e-04 1.4542817229e-03
2.1330729008e+00 1.1659652770e-03 8.7859117248e-04 1.4533393816e-03
2.1354156504e+00 1.1648104896e-03 8.7723999537e-04 1.4523809839e-03
2.1377558326e+00 1.1636621908e-03 8.7591743713e-04 1.4514069445e-03
2.1400934559e+00 1.1625204023e-03 8.7462311802e-04 1.4504176866e-03
2.1424285286e+00 1.1613851470e-03 8.7335665214e-04 1.4494136419e-03
2.1447610590e+00 1.1602564488e-03 8.7211764726e-04 1.4483952503e-03
2.1470910554e+00 1.1591343326e-03 8.7090570468e-04 1.4473629606e-03
2.1494185260e+00 1.1580188243e-03 8.6972041904e-04 1.4463172295e-03
2.1517434791e+00 1.1569099505e-03 8.6856137823e-04 1.4452585227e-03
2.1540659229e+00 1.1558077385e-03 8.6742816321e-04 1.4441873138e-03
2.1563858653e+00 1.1547122166e-03 8.6632034790e-04 1.4431040853e-03
2.1587033145e+00 1.1536234133e-03 8.6523749901e-04 1.4420093276e-03
2.1610182785e+00 1.1525413580e-03 8.6417917597e-04 1.4409035400e-03
2.1633307653e+00 1.1514660804e-03 8.6314493079e-04 1.4397872299e-03
2.1656407828e+00 1.1503976106e-03 8.6213430791e-04 1.4386609133e-03
2.1679483389e+00 1.1493359794e-03 8.6114684418e-04 1.4375251146e-03
2.1702534414e+00 1.1482812176e-03 8.6018206870e-04 1.4363803665e-03
2.1725560982e+00 1.1472375732e-03 8.5922868615e-04 1.4352464603e-03
2.1748563171e+00 1.1462018457e-03 8.5829441420e-04 1.4341092772e-03
2.1771541057e+00 1.1451730500e-03 8.5738135679e-04 1.4329647432e-03
2.1794494718e+00 1.1441511441e-03 8.5648920301e-04 1.4318130852e-03
2.1817424229e+00 1.1431360860e-03 8.5561763736e-04 1.4306545347e-03
2.1840329668e+00 1.1421278339e-03 8.5476633972e-04 1.4294893281e-03
2.1863211109e+00 1.1411263460e-03 8.5393498541e-04 1.4283177066e-03
2.1886068628e+00 1.1401315806e-03 8.5312324512e-04 1.4271399160e-03
2.1908902300e+00 1.1391434960e-03 8.5233078495e-04 1.4259562070e-03
2.1931712199e+00 1.1381620506e-03 8.5155726643e-04 1.4247668349e-03
2.1954498400e+00 1.1371872031e-03 8.5080234650e-04 1.4235720596e-03
2.1977260976e+00 1.1362189118e-03 8.5006567754e-04 1.4223721461e-03
2.2000000000e+00 1.1352571355e-03 8.4934690736e-04 1.4211673637e-03
2.2022715546e+00 1.1343018329e-03 8.4864567926e-04 1.4199579866e-03
2.2045407685e+00 1.1333529628e-03 8.4796163199e-04 1.4187442935e-03
2.2068076491e+00 1.1324104839e-03 8.4729439981e-04 1.4175265680e-03
2.2090722034e+00 1.1314743553e-03 8.4664361249e-04 1.4163050980e-03
2.2113344387e+00 1.1305445359e-03 8.4600889534e-04 1.4150801764e-03
2.2135943621e+00 1.1296209849e-03 8.4538986921e-04 1.4138521006e-03
2.2158519806e+00 1.1287036615e-03 8.4478615058e-04 1.4126211724e-03
2.2181073013e+00 1.1277925250e-03 8.4419735151e-04 1.4113876985e-03
2.2203603311e+00 1.1268875349e-03 8.4362307972e-04 1.4101519900e-03
2.2226110771e+00 1.1259889121e-03 8.4305618218e-04 1.4089216420e-03
2.2248595461e+00 1.1250968991e-03 8.4248930554e-04 1.4077044927e-03
2.2271057451e+00 1.1242109372e-03 8.4193562890e-04 1.4064862455e-03
2.2293496810e+00 1.1233309784e-03 8.4139494484e-04 1.4052670119e-03
2.2315913604e+00 1.1224569745e-03 8.4086704361e-04 1.4040469054e-03
2.2338307904e+00 1.1215888770e-03 8.4035171316e-04 1.4028260409e-03
2.2360679775e+00 1.1207266372e-03 8.3984873913e-04 1.4016045352e-03
2.2383029286e+00 1.1198702059e-03 8.3935790490e-04 1.4003825069e-03
2.2405356502e+00 1.1190195338e-03 8.3887899160e-04 1.3991600759e-03
2.2427661492e+00 1.1181745712e-03 8.3841177814e-04 1.3979373642e-03
2.2449944321e+00 1.1173352682e-03 8.3795604122e-04 1.3967144953e-03
2.2472205054e+00 1.1165015748e-03 8.3751155536e-04 1.3954915942e-03
2.2494443758e+00 1.1156734403e-03 8.3707809292e-04 1.3942687877e-03
2.2516660498e+00 1.1148508142e-03 8.3665542413e-04 1.3930462044e-03
2.2538855339e+00 1.1140336456e-03 8.3624331709e-04 1.3918239741e-03
2.2561028345e+00 1.1132218832e-03 8.3584153782e-04 1.3906022285e-03
2.2583179581e+00 1.1124154756e-03 8.3544985027e-04 1.3893811010e-03
2.2605309111e+00 1.1116143712e-03 8.3506801631e-04 1.3881607262e-03
2.2627416998e+00 1.1108185182e-03 8.3469579582e-04 1.3869412406e-03
2.2649503306e+00 1.1100278644e-03 8.3433294664e-04 1.3857227821e-03
2.2671568098e+00 1.1092423575e-03 8.3397922464e-04 1.3845054903e-03
2.2693611436e+00 1.1084619449e-03 8.3363438371e-04 1.3832895061e-03
2.2715633383e+00 1.1076865740e-03 8.3329817580e-04 1.3820749723e-03
2.2737634002e+00 1.1069161918e-03 8.3297035094e-04 1.3808620328e-03
2.2759613353e+00 1.1061507452e-03 8.3265065721e-04 1.3796508332e-03
2.2781571500e+00 1.1053901808e-03 8.3233884086e-04 1.3784415207e-03
2.2803508502e+00 1.1046344450e-03 8.3203464621e-04 1.3772342439e-03
2.2825424421e+00 1.1038821614e-03 8.3172914171e-04 1.3760351810e-03
2.2847319318e+00 1.1031324191e-03 8.3141630721e-04 1.3748485309e-03
2.2869193252e+00 1.1023873558e-03 8.3111018787e-04 1.3736645236e-03
2.2891046285e+00 1.1016469412e-03 8.3081067965e-04 1.3724832027e-03
2.2912878475e+00 1.1009111446e-03 8.3051767764e-04 1.3713046116e-03
2.2934689882e+00 1.1001799350e-03 8.3023107611e-04 1.3701287938e-03
2.2956480566e+00 1.0994532805e-03 8.2995076844e-04 1.3689557926e-03
2.2978250586e+00 1.0987311492e-03 8.2967664719e-04 1.3677856512e-03
2.3000000000e+00 1.0980135085e-03 8.2940860409e-04 1.3666184129e-03
2.3021728866e+00 1.0973003253e-03 8.2914653002e-04 1.3654541205e-03
2.3043437244e+00 1.0965915661e-03 8.2889031505e-04 1.3642928172e-03
2.3065125189e+00 1.0958871971e-03 8.2863984839e-04 1.3631345458e-03
2.3086792761e+00 1.0951871837e-03 8.2839501847e-04 1.3619793490e-03
2.3108440017e+00 1.0944914911e-03 8.2815571288e-04 1.3608272694e-03
2.3130067012e+00 1.0938000840e-03 8.2792181841e-04 1.3596783496e-03
2.3151673806e+00 1.0931129266e-03 8.2769322103e-04 1.3585326321e-03
2.3173260453e+00 1.0924299825e-03 8.2746980591e-04 1.3573901591e-03
2.3194827009e+00 1.0917512151e-03 8.2725145740e-04 1.3562509727e-03
2.3216373532e+00 1.0910765871e-03 8.2703805908e-04 1.3551151151e-03
2.3237900077e+00 1.0904060609e-03 8.2682949368e-04 1.3539826282e-03
2.3259406699e+00 1.0897395985e-03 8.2662564319e-04 1.3528535538e-03
2.3280893454e+00 1.0890771611e-03 8.2642638876e-04 1.3517279334e-03
2.3302360395e+00 1.0884187098e-03 8.2623161076e-04 1.3506058087e-03
2.3323807579e+00 1.0877642049e-03 8.2604118877e-04 1.3494872211e-03
2.3345235060e+00 1.0871136066e-03 8.2585500156e-04 1.3483722117e-03
2.3366642891e+00 1.0864668744e-03 8.2567292715e-04 1.3472608217e-03
2.3388031127e+00 1.0858239673e-03 8.2549484271e-04 1.3461530919e-03
2.3409399821e+00 1.0851848439e-03 8.2532062466e-04 1.3450490632e-03
2.3430749028e+00 1.0845494624e-03 8.2515014862e-04 1.3439487762e-03
2.3452078799e+00 1.0839177804e-03 8.2498328942e-04 1.3428522714e-03
2.3473389189e+00 1.0832897551e-03 8.2481992109e-04 1.3417595890e-03
2.3494680249e+00 1.0826653431e-03 8.2465991688e-04 1.3406707693e-03
2.3515952033e+00 1.0820435285e-03 8.2450040738e-04 1.3395866496e-03
2.3537204592e+00 1.0814194727e-03 8.2432771383e-04 1.3385112317e-03
2.3558437979e+00 1.0807988696e-03 8.2415786937e-04 1.3374398698e-03
2.3579652245e+00 1.0801817060e-03 8.2399083538e-04 1.3363725767e-03
2.3600847442e+00 1.0795679687e-03 8.2382657289e-04 1.3353093644e-03
2.3622023622e+00 1.0789576435e-03 8.2366504251e-04 1.3342502444e-03
2.3643180835e+00 1.0783507159e-03 8.2350620446e-04 1.3331952274e-03
2.3664319132e+00 1.0777471711e-03 8.2335001854e-04 1.3321443236e-03
2.3685438565e+00 1.0771469934e-03 8.2319644418e-04 1.3310975425e-03
2.3706539182e+00 1.0765501667e-03 8.2304544038e-04 1.3300548930e-03
2.3727621035e+00 1.0759566745e-03 8.2289696575e-04 1.3290163833e-03
2.3748684174e+00 1.0753664998e-03 8.2275097849e-04 1.3279820211e-03
2.3769728648e+00 1.0747796248e-03 8.2260743638e-04 1.3269518131e-03
2.3790754507e+00 1.0741960314e-03 8.2246629679e-04 1.3259257659e-03
2.3811761800e+00 1.0736157009e-03 8.2232751670e-04 1.3249038851e-03
2.3832750576e+00 1.0730386141e-03 8.2219105264e-04 1.3238861756e-03
2.3853720884e+00 1.0724647513e-03 8.2205686074e-04 1.3228726420e-03
2.3874672773e+00 1.0718940923e-03 8.2192489671e-04 1.3218632879e-03
2.3895606291e+00 1.0713266161e-03 8.2179511584e-04 1.3208581165e-03
2.3916521486e+00 1.0707623016e-03 8.2166747299e-04 1.3198571302e-03
2.3937418407e+00 1.0702011268e-03 8.2154192257e-04 1.3188603310e-03
2.3958297101e+00 1.0696430693e-03 8.2141841861e-04 1.3178677199e-03
2.3979157617e+00 1.0690881061e-03 8.2129691466e-04 1.3168792976e-03
2.4000000000e+00 1.0685362139e-03 8.2117736387e-04 1.3158950640e-03
2.4020824299e+00 1.0679873686e-03 8.2105971892e-04 1.3149150184e-03
2.4041630560e+00 1.0674415457e-03 8.2094393208e-04 1.3139391593e-03
2.4062418831e+00 1.0668987200e-03 8.2082995516e-04 1.3129674849e-03
2.4083189158e+00 1.0663588659e-03 8.2071773954e-04 1.3119999923e-03
2.4103941586e+00 1.0658219573e-03 8.2060723613e-04 1.3110366785e-03
2.4124676164e+00 1.0652879674e-03 8.2049839540e-04 1.3100775393e-03
2.4145392935e+00 1.0647568689e-03 8.2039116739e-04 1.3091225703e-03
2.4166091947e+00 1.0642286340e-03 8.2028550165e-04 1.3081717663e-03
2.4186773245e+00 1.0637032343e-03 8.2018134729e-04 1.3072251213e-03
2.4207436874e+00 1.0631806409e-03 8.2007865296e-04 1.3062826288e-03
2.4228082879e+00 1.0626608243e-03 8.1997736685e-04 1.3053442818e-03
2.4248711306e+00 1.0621437545e-03 8.1987743667e-04 1.3044100724e-03
2.4269322199e+00 1.0616294009e-03 8.1977880967e-04 1.3034799922e-03
2.4289915603e+00 1.0611177324e-03 8.1968143263e-04 1.3025540321e-03
2.4310491562e+00 1.0606087171e-03 8.1958525187e-04 1.3016321823e-03
2.4331050121e+00 1.0600968443e-03 8.1948162898e-04 1.3007120597e-03
2.4351591324e+00 1.0595837296e-03 8.1937308732e-04 1.2997943719e-03
2.4372115214e+00 1.0590731223e-03 8.1926549765e-04 1.2988807469e-03
2.4392621835e+00 1.0585650193e-03 8.1915885294e-04 1.2979711856e-03
2.4413111231e+00 1.0580594172e-03 8.1905314591e-04 1.2970656884e-03
2.4433583446e+00 1.0575563122e-03 8.1894836901e-04 1.2961642553e-03
2.4454038521e+00 1.0570556998e-03 8.1884451441e-04 1.2952668853e-03
2.4474476501e+00 1.0565575755e-03 8.1874157404e-04 1.2943735769e-03
2.4494897428e+00 1.0560619338e-03 8.1863953954e-04 1.2934843280e-03
