0.0000000000e+00 1.4097595342e-03 1.3161244184e-03 1.5033946500e-03
1.0000000000e-01 1.4294625037e-03 1.3361999984e-03 1.5227250091e-03
1.4142135624e-01 1.4502864395e-03 1.3572096423e-03 1.5433632367e-03
1.7320508076e-01 1.4724314316e-03 1.3793409152e-03 1.5655219481e-03
2.0000000000e-01 1.4961854248e-03 1.4028693789e-03 1.5895014707e-03
2.2360679775e-01 1.5220021721e-03 1.4282364691e-03 1.6157678752e-03
2.4494897428e-01 1.5507139469e-03 1.4562617117e-03 1.6451661821e-03
2.6457513111e-01 1.5844154286e-03 1.4890241781e-03 1.6798066791e-03
2.8284271247e-01 1.7602020998e-03 1.6513887839e-03 1.8690154157e-03
3.0000000000e-01 1.7241498951e-03 1.6223237038e-03 1.8259760865e-03
3.1622776602e-01 1.7639289936e-03 1.6593150303e-03 1.8685429569e-03
3.3166247904e-01 1.7925961690e-03 1.6860364918e-03 1.8991558461e-03
3.4641016151e-01 1.8205699331e-03 1.7117901527e-03 1.9293497136e-03
3.6055512755e-01 1.8484595776e-03 1.7371758000e-03 1.9597433552e-03
3.7416573868e-01 1.8752367998e-03 1.7611846540e-03 1.9892889456e-03
3.8729833462e-01 1.9017773406e-03 1.7846819441e-03 2.0188727371e-03
4.0000000000e-01 1.9296983759e-03 1.8092723648e-03 2.0501243869e-03
4.1231056256e-01 1.9573233216e-03 1.8333034021e-03 2.0813432412e-03
4.2426406871e-01 1.9827077806e-03 1.8548610105e-03 2.1105545507e-03
4.3588989435e-01 2.0066306461e-03 1.8747169362e-03 2.1385443559e-03
4.4721359550e-01 2.0296895069e-03 1.8934573287e-03 2.1659216850e-03
4.5825756950e-01 2.0520838067e-03 1.9112805773e-03 2.1928870360e-03
4.6904157598e-01 2.0737447481e-03 1.9281332582e-03 2.2193562379e-03
4.7958315233e-01 2.0948868047e-03 1.9442515141e-03 2.2455220954e-03
4.8989794856e-01 2.1154907820e-03 1.9596107561e-03 2.2713708079e-03
5.0000000000e-01 2.1355426196e-03 1.9741936550e-03 2.2968915843e-03
5.0990195136e-01 2.1549223337e-03 1.9878708251e-03 2.3219738423e-03
5.1961524227e-01 2.1739448504e-03 2.0009685464e-03 2.3469211544e-03
5.2915026221e-01 2.1929365109e-03 2.0138193168e-03 2.3720537050e-03
5.3851648071e-01 2.2123790241e-03 2.0269134655e-03 2.3978445826e-03
5.4772255751e-01 2.2317035086e-03 2.0396789441e-03 2.4237280732e-03
5.5677643628e-01 2.2505957395e-03 2.0518025147e-03 2.4493889642e-03
5.6568542495e-01 2.2685032320e-03 2.0627332785e-03 2.4742731856e-03
5.7445626465e-01 2.2861929080e-03 2.0732293500e-03 2.4991564659e-03
5.8309518948e-01 2.3039714941e-03 2.0835908267e-03 2.5243521615e-03
5.9160797831e-01 2.3225376355e-03 2.0945034238e-03 2.5505718472e-03
6.0000000000e-01 2.3413980692e-03 2.1054759113e-03 2.5773202270e-03
6.0827625303e-01 2.3605095209e-03 2.1164611931e-03 2.6045578486e-03
6.1644140030e-01 2.3795831542e-03 2.1271736209e-03 2.6319926875e-03
6.2449979984e-01 2.3989388603e-03 2.1379189787e-03 2.6599587420e-03
6.3245553203e-01 2.4187344636e-03 2.1488443326e-03 2.6886245947e-03
6.4031242374e-01 2.4392389320e-03 2.1602058833e-03 2.7182719807e-03
6.4807406984e-01 2.4604343861e-03 2.1719753978e-03 2.7488933744e-03
6.5574385243e-01 2.4822988957e-03 2.1841204539e-03 2.7804773375e-03
6.6332495807e-01 2.5048257248e-03 2.1966243106e-03 2.8130271390e-03
6.7082039325e-01 2.5280739932e-03 2.2095334539e-03 2.8466145325e-03
6.7823299831e-01 2.5521403355e-03 2.2229294626e-03 2.8813512084e-03
6.8556546004e-01 2.5770497303e-03 2.2368297880e-03 2.9172696727e-03
6.9282032303e-01 2.6028958156e-03 2.2513091380e-03 2.9544824931e-03
7.0000000000e-01 2.6298694824e-03 2.2665218389e-03 2.9932171258e-03
7.0710678119e-01 2.6580630340e-03 2.2825242974e-03 3.0336017706e-03
7.1414284285e-01 2.6876264139e-03 2.2994371266e-03 3.0758157012e-03
7.2111025509e-01 2.7188361732e-03 2.3175233955e-03 3.1201489509e-03
7.2801098893e-01 2.7522573687e-03 2.3373187647e-03 3.1671959726e-03
7.3484692283e-01 2.7878537412e-03 2.3587707261e-03 3.2169367563e-03
7.4161984871e-01 2.8250281714e-03 2.3812786993e-03 3.2687776436e-03
7.4833147735e-01 2.8629095290e-03 2.4040083698e-03 3.3218106882e-03
7.5498344353e-01 2.9021264460e-03 2.4275064286e-03 3.3767464634e-03
7.6157731059e-01 2.9433579845e-03 2.4523569462e-03 3.4343590228e-03
7.6811457479e-01 2.9871299166e-03 2.4789918789e-03 3.4952679544e-03
7.7459666924e-01 3.0334297317e-03 2.5073785099e-03 3.5594809534e-03
7.8102496759e-01 3.0823947099e-03 2.5376151805e-03 3.6271742393e-03
7.8740078740e-01 3.1343398455e-03 2.5699510233e-03 3.6987286678e-03
7.9372539332e-01 3.1897438999e-03 2.6047916168e-03 3.7746961831e-03
8.0000000000e-01 3.2485781979e-03 2.6420419730e-03 3.8551144227e-03
8.0622577483e-01 3.3101453035e-03 2.6809887195e-03 3.9393018875e-03
8.1240384046e-01 3.3757189436e-03 2.7226846511e-03 4.0287532360e-03
8.1853527719e-01 3.4469777418e-03 2.7685173627e-03 4.1254381210e-03
8.2462112512e-01 3.5246013662e-03 2.8191308661e-03 4.2300718663e-03
8.3066238629e-01 3.6096013486e-03 2.8757856486e-03 4.3434170486e-03
8.3666002653e-01 3.7252907294e-03 2.9536805836e-03 4.4969008752e-03
8.4261497732e-01 3.8092371465e-03 3.0114086237e-03 4.6070656693e-03
8.4852813742e-01 3.9221730796e-03 3.0889556913e-03 4.7553904678e-03
8.5440037453e-01 4.0274146432e-03 3.1615697839e-03 4.8932595026e-03
8.6023252670e-01 4.1513045559e-03 3.2454808079e-03 5.0571283039e-03
8.6602540378e-01 4.2668915261e-03 3.3246207523e-03 5.2091622999e-03
8.7177978871e-01 4.3983900506e-03 3.4128940641e-03 5.3838860371e-03
8.7749643874e-01 4.5237650541e-03 3.4964408961e-03 5.5510892121e-03
8.8317608663e-01 4.6575562990e-03 3.5846146340e-03 5.7304979641e-03
8.8881944173e-01 4.8079649952e-03 3.6831848279e-03 5.9327451625e-03
8.9442719100e-01 4.9628831916e-03 3.7864646965e-03 6.1393016868e-03
9.0000000000e-01 5.1366721148e-03 3.9020708120e-03 6.3712734176e-03
9.0553851381e-01 5.3151204750e-03 4.0192268141e-03 6.6110141359e-03
9.1104335791e-01 5.4841360258e-03 4.1278469665e-03 6.8404250851e-03
9.1651513899e-01 5.6884528211e-03 4.2587875603e-03 7.1181180819e-03
9.2195444573e-01 5.9114279273e-03 4.4022882107e-03 7.4205676438e-03
9.2736184955e-01 6.1382413028e-03 4.5493957155e-03 7.7270868901e-03
9.3273790531e-01 6.3878423350e-03 4.7057714656e-03 8.0699132043e-03
9.3808315196e-01 6.6643197933e-03 4.8791608319e-03 8.4494787546e-03
9.4339811321e-01 6.9719440162e-03 5.0749594996e-03 8.8689285328e-03
9.4868329805e-01 7.3047449654e-03 5.2822857004e-03 9.3272042303e-03
9.5393920142e-01 7.6423266380e-03 5.4870418049e-03 9.7976114711e-03
9.5916630466e-01 8.0420876559e-03 5.7273092352e-03 1.0356866077e-02
9.6436507610e-01 8.5321624328e-03 6.0230177652e-03 1.1041307100e-02
9.6953597148e-01 8.9676488192e-03 6.2802281480e-03 1.1655069490e-02
9.7467943448e-01 9.5771018281e-03 6.6119641253e-03 1.2542239531e-02
9.7979589711e-01 1.0338126263e-02 7.0553149063e-03 1.3620937620e-02
9.8488578018e-01 1.1775995101e-02 7.8225392846e-03 1.5729450917e-02
9.8994949366e-01 1.0289394508e-02 6.9646910707e-03 1.3614097944e-02
9.9498743711e-01 4.6488023519e-03 3.1702822984e-03 6.1273224054e-03
1.0000000000e+00 6.3672154005e-03 4.0421593547e-03 8.6922714463e-03
1.0049875621e+00 5.2130190437e-03 3.4409330855e-03 6.9851050019e-03
1.0099504938e+00 4.4077176070e-03 2.9101976927e-03 5.9052375214e-03
1.0148891565e+00 3.9807484478e-03 2.6413061623e-03 5.3201907333e-03
1.0198039027e+00 3.6324740499e-03 2.4190042663e-03 4.8459438336e-03
1.0246950766e+00 3.3490326698e-03 2.2352443438e-03 4.4628209958e-03
1.0295630141e+00 3.1161679221e-03 2.0812011227e-03 4.1511347214e-03
1.0344080433e+00 2.9197840101e-03 1.9490467942e-03 3.8905212259e-03
1.0392304845e+00 2.7544026061e-03 1.8362339266e-03 3.6725712856e-03
1.0440306509e+00 2.6088907069e-03 1.7379702755e-03 3.4798111383e-03
1.0488088482e+00 2.4821306195e-03 1.6523173176e-03 3.3119439214e-03
1.0535653753e+00 2.3721288570e-03 1.5770912067e-03 3.1671665072e-03
1.0583005244e+00 2.2752937515e-03 1.5095449671e-03 3.0410425359e-03
1.0630145813e+00 2.1898414865e-03 1.4486455136e-03 2.9310374593e-03
1.0677078252e+00 2.1147169347e-03 1.3942513311e-03 2.8351825383e-03
1.0723805295e+00 2.0478270276e-03 1.3454664259e-03 2.7501876294e-03
1.0770329614e+00 1.9892721622e-03 1.3023912268e-03 2.6761530976e-03
1.0816653826e+00 1.9388305830e-03 1.2646769794e-03 2.6129841867e-03
1.0862780491e+00 1.8962899042e-03 1.2321403745e-03 2.5604394338e-03
1.0908712115e+00 1.8608587989e-03 1.2044330432e-03 2.5172845546e-03
1.0954451150e+00 1.8308943081e-03 1.1808439847e-03 2.4809446315e-03
1.1000000000e+00 1.8049953647e-03 1.1606017033e-03 2.4493890262e-03
1.1045361017e+00 1.7814210549e-03 1.1427855773e-03 2.4200565326e-03
1.1090536506e+00 1.7590003152e-03 1.1265278521e-03 2.3914727784e-03
1.1135528726e+00 1.7374981066e-03 1.1110787526e-03 2.3639174607e-03
1.1180339887e+00 1.7168504847e-03 1.0962572487e-03 2.3374437207e-03
1.1224972160e+00 1.6969310697e-03 1.0817766937e-03 2.3120854457e-03
1.1269427670e+00 1.6780887991e-03 1.0678657159e-03 2.2883118823e-03
1.1313708499e+00 1.6607134784e-03 1.0549387472e-03 2.2664882097e-03
1.1357816692e+00 1.6449796987e-03 1.0432282058e-03 2.2467311916e-03
1.1401754251e+00 1.6309134909e-03 1.0328369391e-03 2.2289900427e-03
1.1445523142e+00 1.6183474823e-03 1.0236940176e-03 2.2130009471e-03
1.1489125293e+00 1.6070306256e-03 1.0155882075e-03 2.1984730437e-03
1.1532562595e+00 1.5968148739e-03 1.0083293802e-03 2.1853003675e-03
1.1575836903e+00 1.5876650490e-03 1.0018520640e-03 2.1734780341e-03
1.1618950039e+00 1.5796036945e-03 9.9611563128e-04 2.1630917577e-03
1.1661903790e+00 1.5726156002e-03 9.9112285050e-04 2.1541083498e-03
1.1704699911e+00 1.5666791037e-03 9.8693710318e-04 2.1464211041e-03
1.1747340124e+00 1.5616697364e-03 9.8349241096e-04 2.1398470618e-03
1.1789826123e+00 1.5574254578e-03 9.8073031853e-04 2.1341205971e-03
1.1832159566e+00 1.5538939622e-03 9.7862403033e-04 2.1291638941e-03
1.1874342087e+00 1.5510170296e-03 9.7707674550e-04 2.1249573138e-03
1.1916375288e+00 1.5488049109e-03 9.7605210816e-04 2.1215577136e-03
1.1958260743e+00 1.5473279203e-03 9.7557023367e-04 2.1190856070e-03
1.2000000000e+00 1.5465608300e-03 9.7558778919e-04 2.1175338708e-03
1.2041594579e+00 1.5464369546e-03 9.7609424660e-04 2.1167796626e-03
1.2083045974e+00 1.5468954530e-03 9.7710802965e-04 2.1166828764e-03
1.2124355653e+00 1.5477614644e-03 9.7853421918e-04 2.1169887095e-03
1.2165525061e+00 1.5489694722e-03 9.8036713480e-04 2.1175718096e-03
1.2206555616e+00 1.5505191267e-03 9.8258347962e-04 2.1184547737e-03
1.2247448714e+00 1.5524011470e-03 9.8513758196e-04 2.1196647121e-03
1.2288205727e+00 1.5546869652e-03 9.8803088051e-04 2.1213430500e-03
1.2328828006e+00 1.5574099559e-03 9.9123770678e-04 2.1235822051e-03
1.2369316877e+00 1.5604933467e-03 9.9473095552e-04 2.1262557378e-03
1.2409673646e+00 1.5638666554e-03 9.9848357341e-04 2.1292497374e-03
1.2449899598e+00 1.5674169349e-03 1.0024702181e-03 2.1323636517e-03
1.2489995997e+00 1.5710245029e-03 1.0066757304e-03 2.1353732754e-03
1.2529964086e+00 1.5747206997e-03 1.0110828898e-03 2.1383585096e-03
1.2569805090e+00 1.5785217223e-03 1.0156889738e-03 2.1413544709e-03
1.2609520213e+00 1.5824941741e-03 1.0204869827e-03 2.1445013654e-03
1.2649110641e+00 1.5866713637e-03 1.0254089934e-03 2.1479337341e-03
1.2688577540e+00 1.5909617120e-03 1.0304187398e-03 2.1515046843e-03
1.2727922061e+00 1.5952701012e-03 1.0354576552e-03 2.1550825472e-03
1.2767145335e+00 1.5994511492e-03 1.0404875262e-03 2.1584147721e-03
1.2806248475e+00 1.6035083923e-03 1.0455885398e-03 2.1614282448e-03
1.2845232579e+00 1.6074613018e-03 1.0507546085e-03 2.1641679951e-03
1.2884098727e+00 1.6114495607e-03 1.0560399289e-03 2.1668591924e-03
1.2922847983e+00 1.6154632815e-03 1.0612858141e-03 2.1696407489e-03
1.2961481397e+00 1.6193767549e-03 1.0663741466e-03 2.1723793633e-03
1.3000000000e+00 1.6230648790e-03 1.0712019869e-03 2.1749277712e-03
1.3038404810e+00 1.6264225051e-03 1.0758792120e-03 2.1769657982e-03
1.3076696831e+00 1.6294106140e-03 1.0803746600e-03 2.1784465681e-03
1.3114877049e+00 1.6322533170e-03 1.0847638813e-03 2.1797427527e-03
1.3152946438e+00 1.6356954951e-03 1.0903456962e-03 2.1810452939e-03
1.3190905958e+00 1.6383585443e-03 1.0937376997e-03 2.1829793888e-03
1.3228756555e+00 1.6383678920e-03 1.0959011548e-03 2.1808346291e-03
1.3266499161e+00 1.6421869452e-03 1.1000784524e-03 2.1842954381e-03
1.3304134696e+00 1.6426340782e-03 1.1055415947e-03 2.1797265617e-03
1.3341664064e+00 1.6488537987e-03 1.1025324506e-03 2.1951751468e-03
1.3379088160e+00 1.6455321358e-03 1.1087573547e-03 2.1823069169e-03
1.3416407865e+00 1.6522964509e-03 1.1174658191e-03 2.1871270827e-03
1.3453624047e+00 1.6567799263e-03 1.1027622948e-03 2.2107975577e-03
1.3490737563e+00 1.6444608943e-03 1.1119685555e-03 2.1769532330e-03
1.3527749258e+00 1.6365122640e-03 1.1110114346e-03 2.1620130935e-03
1.3564659966e+00 1.6464087618e-03 1.1087997578e-03 2.1840177659e-03
1.3601470509e+00 1.6435899147e-03 1.1199200754e-03 2.1672597540e-03
1.3638181697e+00 1.6458805794e-03 1.1053789475e-03 2.1863822114e-03
1.3674794331e+00 1.6329381661e-03 1.1066774413e-03 2.1591988909e-03
1.3711309201e+00 1.6339414216e-03 1.1038859710e-03 2.1639968721e-03
1.3747727085e+00 1.6331924799e-03 1.1012252293e-03 2.1651597305e-03
1.3784048752e+00 1.6255424247e-03 1.0967679070e-03 2.1543169424e-03
1.3820274961e+00 1.6193223842e-03 1.0908262894e-03 2.1478184790e-03
1.3856406461e+00 1.6149209378e-03 1.0836432949e-03 2.1461985808e-03
1.3892443989e+00 1.6083108880e-03 1.0760292660e-03 2.1405925101e-03
1.3928388277e+00 1.6013549736e-03 1.0675871794e-03 2.1351227679e-03
1.3964240044e+00 1.5935603940e-03 1.0583190401e-03 2.1288017479e-03
1.4000000000e+00 1.5852156704e-03 1.0479674689e-03 2.1224638719e-03
1.4035668848e+00 1.5762443162e-03 1.0361912174e-03 2.1162974150e-03
1.4071247279e+00 1.5665026006e-03 1.0233532975e-03 2.1096519037e-03
1.4106735980e+00 1.5561443966e-03 1.0095341570e-03 2.1027546361e-03
1.4142135624e+00 1.5451335085e-03 9.9477160196e-04 2.0954954151e-03
1.4177446879e+00 1.5334862946e-03 9.7878774593e-04 2.0881848433e-03
1.4212670404e+00 1.5212020261e-03 9.6145275051e-04 2.0809513017e-03
1.4247806849e+00 1.5084003199e-03 9.4290797029e-04 2.0738926696e-03
1.4282856857e+00 1.4952333072e-03 9.2340058547e-04 2.0670660289e-03
1.4317821063e+00 1.4817179346e-03 9.0326130766e-04 2.0601745616e-03
1.4352700094e+00 1.4676452182e-03 8.8250470623e-04 2.0527857302e-03
1.4387494570e+00 1.4526960942e-03 8.6121472451e-04 2.0441774639e-03
1.4422205102e+00 1.4367802595e-03 8.3928123086e-04 2.0342792881e-03
1.4456832295e+00 1.4197432192e-03 8.1670578359e-04 2.0227806549e-03
1.4491376746e+00 1.4016660822e-03 7.9358933648e-04 2.0097428279e-03
1.4525839046e+00 1.3825183583e-03 7.6987720919e-04 1.9951595074e-03
1.4560219779e+00 1.3620667754e-03 7.4566580387e-04 1.9784677470e-03
1.4594519519e+00 1.3400547689e-03 7.2088330827e-04 1.9592262296e-03
1.4628738838e+00 1.3157339542e-03 6.9525696205e-04 1.9362109464e-03
1.4662878299e+00 1.2887637557e-03 6.6906575507e-04 1.9084617563e-03
1.4696938457e+00 1.2584537566e-03 6.4248897175e-04 1.8744185415e-03
1.4730919863e+00 1.2254635926e-03 6.1609489232e-04 1.8348322928e-03
1.4764823060e+00 1.1903570273e-03 5.9071922554e-04 1.7899948290e-03
1.4798648587e+00 1.1541047720e-03 5.6716446800e-04 1.7410450760e-03
1.4832396974e+00 1.1173649158e-03 5.4503174824e-04 1.6896980834e-03
1.4866068747e+00 1.0807543433e-03 5.2402121968e-04 1.6374874669e-03
1.4899664426e+00 1.0448460398e-03 5.0425207252e-04 1.5854400071e-03
1.4933184523e+00 1.0106567510e-03 4.8584178004e-04 1.5354717220e-03
1.4966629547e+00 9.7836008975e-04 4.6885357194e-04 1.4878666076e-03
1.5000000000e+00 9.4795045500e-04 4.5305036805e-04 1.4428505420e-03
1.5033296378e+00 9.1970880514e-04 4.3847384005e-04 1.4009437702e-03
1.5066519173e+00 8.9342000181e-04 4.2498224295e-04 1.3618577607e-03
1.5099668871e+00 8.6865829437e-04 4.1177549481e-04 1.3255410939e-03
1.5132745950e+00 8.4622471071e-04 4.0021140388e-04 1.2922380175e-03
1.5165750888e+00 8.2474544840e-04 3.8747275971e-04 1.2620181371e-03
1.5198684154e+00 8.0981819827e-04 3.8466312937e-04 1.2349732672e-03
1.5231546212e+00 7.9581200503e-04 3.7958651574e-04 1.2120374943e-03
1.5264337522e+00 7.7717808484e-04 3.6538302916e-04 1.1889731405e-03
1.5297058541e+00 7.5905332759e-04 3.5074237233e-04 1.1673642828e-03
1.5329709717e+00 7.4913900032e-04 3.4891270435e-04 1.1493652963e-03
1.5362291496e+00 7.4075536154e-04 3.4405264540e-04 1.1374580777e-03
1.5394804318e+00 7.2898337138e-04 3.3736817429e-04 1.1205985685e-03
1.5427248621e+00 7.3086512937e-04 3.3675631570e-04 1.1249739430e-03
1.5459624834e+00 7.2406354365e-04 3.2159254865e-04 1.1265345386e-03
1.5491933385e+00 7.1151478837e-04 3.1642862184e-04 1.1066009549e-03
1.5524174696e+00 7.1771576250e-04 3.2901200354e-04 1.1064195215e-03
1.5556349186e+00 7.1330665302e-04 3.3062210649e-04 1.0959911995e-03
1.5588457268e+00 7.1143029103e-04 3.0726449898e-04 1.1155960831e-03
1.5620499352e+00 7.1766629656e-04 3.1401427411e-04 1.1213183190e-03
1.5652475842e+00 7.2083296218e-04 3.2340034349e-04 1.1182655809e-03
1.5684387141e+00 7.1557711098e-04 3.2076286748e-04 1.1103913545e-03
1.5716233646e+00 7.2086593705e-04 3.2886871991e-04 1.1128631542e-03
1.5748015748e+00 7.3274846056e-04 3.2114625276e-04 1.1443506684e-03
1.5779733838e+00 7.3440603309e-04 3.2373006477e-04 1.1450820014e-03
1.5811388301e+00 7.4394571065e-04 3.2437877029e-04 1.1635126510e-03
1.5842979518e+00 7.5448981641e-04 3.3236475027e-04 1.1766148826e-03
1.5874507866e+00 7.6240951982e-04 3.2981029486e-04 1.1950087448e-03
1.5905973721e+00 7.7192403026e-04 3.4050130286e-04 1.2033467576e-03
1.5937377451e+00 7.8650218765e-04 3.3921542511e-04 1.2337889502e-03
1.5968719423e+00 8.0343672490e-04 3.5200039006e-04 1.2548730597e-03
1.6000000000e+00 8.1483277768e-04 3.6134486784e-04 1.2683206875e-03
1.6031219542e+00 8.3127180631e-04 3.6490201032e-04 1.2976416023e-03
1.6062378404e+00 8.5252960719e-04 3.6570729787e-04 1.3393519165e-03
1.6093476939e+00 8.6563747489e-04 3.6817284880e-04 1.3631021010e-03
1.6124515497e+00 8.9239624205e-04 3.7091855708e-04 1.4138739270e-03
1.6155494421e+00 9.0031933586e-04 3.8116050001e-04 1.4194781717e-03
1.6186414056e+00 9.3286786437e-04 3.8722728181e-04 1.4785084469e-03
1.6217274740e+00 9.5323931059e-04 3.9284280110e-04 1.5136358201e-03
1.6248076809e+00 9.7477878004e-04 4.0747181065e-04 1.5420857494e-03
1.6278820596e+00 1.0130377824e-03 4.0527558150e-04 1.6207999832e-03
1.6309506430e+00 1.0178531813e-03 4.0725541961e-04 1.6284509430e-03
1.6340134638e+00 1.0633152428e-03 4.2853702127e-04 1.6980934643e-03
1.6370705544e+00 1.0923855814e-03 4.3821898524e-04 1.7465521775e-03
1.6401219467e+00 1.1237521481e-03 4.4765380829e-04 1.7998504879e-03
1.6431676725e+00 1.1560087602e-03 4.5765857351e-04 1.8543589468e-03
1.6462077633e+00 1.1928248159e-03 4.7038093320e-04 1.9152686985e-03
1.6492422502e+00 1.2271393553e-03 4.7952953148e-04 1.9747491791e-03
1.6522711642e+00 1.2611665387e-03 4.8943946343e-04 2.0328936140e-03
1.6552945357e+00 1.2984940113e-03 5.0053778737e-04 2.0964502353e-03
1.6583123952e+00 1.3372299452e-03 5.1199275346e-04 2.1624671369e-03
1.6613247726e+00 1.3768263988e-03 5.2390295178e-04 2.2297498458e-03
1.6643316977e+00 1.4174729391e-03 5.3601067155e-04 2.2989352066e-03
1.6673332001e+00 1.4694187102e-03 5.6569673635e-04 2.3731406840e-03
1.6703293088e+00 1.5159430359e-03 5.5945309334e-04 2.4724329785e-03
1.6733200531e+00 1.5533701055e-03 5.6216306351e-04 2.5445771474e-03
1.6763054614e+00 1.5857890018e-03 5.8864505230e-04 2.5829329513e-03
1.6792855624e+00 1.6528547854e-03 5.8081150360e-04 2.7248980672e-03
1.6822603841e+00 1.6754432169e-03 6.1252620568e-04 2.7383602281e-03
1.6852299546e+00 1.7314018244e-03 6.2143125554e-04 2.8413723933e-03
1.6881943016e+00 1.7710906189e-03 6.4186954401e-04 2.9003116938e-03
1.6911534525e+00 1.8197567233e-03 6.5108070382e-04 2.9884327427e-03
1.6941074346e+00 1.8684255338e-03 6.6725080662e-04 3.0696002610e-03
1.6970562748e+00 1.9148098131e-03 6.8021232777e-04 3.1494072983e-03
1.7000000000e+00 1.9644850232e-03 6.9266369659e-04 3.2363063499e-03
1.7029386366e+00 2.0103646252e-03 7.1461105422e-04 3.3061181962e-03
1.7058722109e+00 2.0521116711e-03 7.1424468274e-04 3.3899786595e-03
1.7088007491e+00 2.1048126493e-03 7.3419814937e-04 3.4754271492e-03
1.7117242769e+00 2.1504643094e-03 7.4996593229e-04 3.5509626866e-03
1.7146428199e+00 2.1889323382e-03 7.5722557381e-04 3.6206391027e-03
1.7175564037e+00 2.2360568074e-03 7.7205118566e-04 3.7000624292e-03
1.7204650534e+00 2.2770440759e-03 7.8415445728e-04 3.7699336945e-03
1.7233687940e+00 2.3270923460e-03 7.9607396952e-04 3.8581107225e-03
1.7262676502e+00 2.3594002170e-03 8.0718338014e-04 3.9116170538e-03
1.7291616466e+00 2.4006403277e-03 8.2191763390e-04 3.9793630215e-03
1.7320508076e+00 2.4365279308e-03 8.2520977753e-04 4.0478460840e-03
1.7349351573e+00 2.4759353047e-03 8.3691839090e-04 4.1149522186e-03
1.7378147197e+00 2.5039023238e-03 8.4888942067e-04 4.1589152269e-03
1.7406895186e+00 2.5365893352e-03 8.5650419675e-04 4.2166744737e-03
1.7435595774e+00 2.5647158258e-03 8.6013529890e-04 4.2692963528e-03
1.7464249197e+00 2.5969801227e-03 8.7516172941e-04 4.3187985161e-03
1.7492855685e+00 2.6122831539e-03 8.7496001420e-04 4.3496062936e-03
1.7521415468e+00 2.6407634571e-03 8.8593140884e-04 4.3955955054e-03
1.7549928775e+00 2.6567841999e-03 8.8630430342e-04 4.4272640963e-03
1.7578395831e+00 2.6757500398e-03 8.9487005764e-04 4.4566300219e-03
1.7606816862e+00 2.6882977571e-03 8.9643863437e-04 4.4801568798e-03
1.7635192089e+00 2.6992473949e-03 8.9891305824e-04 4.4995817316e-03
1.7663521733e+00 2.7076723170e-03 9.0095117255e-04 4.5143934615e-03
1.7691806013e+00 2.7130687298e-03 9.0178333495e-04 4.5243541246e-03
1.7720045147e+00 2.7156512506e-03 9.0171124541e-04 4.5295912558e-03
1.7748239349e+00 2.7154420620e-03 9.0071488811e-04 4.5301692358e-03
1.7776388835e+00 2.7124674606e-03 8.9882607281e-04 4.5261088485e-03
1.7804493815e+00 2.7066713382e-03 8.9607458304e-04 4.5172680933e-03
1.7832554500e+00 2.6981486507e-03 8.9250077441e-04 4.5037965269e-03
1.7860571099e+00 2.6869694852e-03 8.8805785753e-04 4.4858811128e-03
1.7888543820e+00 2.6732228210e-03 8.8279962250e-04 4.4636460195e-03
1.7916472867e+00 2.6569090984e-03 8.7668909508e-04 4.4371291016e-03
1.7944358445e+00 2.6381181364e-03 8.6974066460e-04 4.4064956081e-03
1.7972200756e+00 2.6169570804e-03 8.6195468952e-04 4.3719594714e-03
1.8000000000e+00 2.5935440721e-03 8.5339358369e-04 4.3336945604e-03
1.8027756377e+00 2.5680001001e-03 8.4411981078e-04 4.2918803894e-03
1.8055470085e+00 2.5404148012e-03 8.3421473191e-04 4.2466148704e-03
1.8083141320e+00 2.5108957718e-03 8.2369614405e-04 4.1980953996e-03
1.8110770276e+00 2.4795735637e-03 8.1255914354e-04 4.1465879838e-03
1.8138357147e+00 2.4465930922e-03 8.0084748437e-04 4.0923387001e-03
1.8165902125e+00 2.4120737309e-03 7.8860233112e-04 4.0355451306e-03
1.8193405399e+00 2.3761298168e-03 7.7588444525e-04 3.9763751884e-03
1.8220867158e+00 2.3389012550e-03 7.6272394973e-04 3.9150785602e-03
1.8248287591e+00 2.3005259814e-03 7.4917834131e-04 3.8518736216e-03
1.8275666882e+00 2.2611620731e-03 7.3529613095e-04 3.7870280153e-03
1.8303005218e+00 2.2209324626e-03 7.2114222824e-04 3.7207226969e-03
1.8330302780e+00 2.1799449484e-03 7.0675352599e-04 3.6531363707e-03
1.8357559751e+00 2.1383511189e-03 6.9216723307e-04 3.5845350046e-03
1.8384776311e+00 2.0962624951e-03 6.7744355717e-04 3.5150814330e-03
1.8411952640e+00 2.0538082427e-03 6.6261588897e-04 3.4450005964e-03
1.8439088915e+00 2.0110719531e-03 6.4772686494e-04 3.3744170412e-03
1.8466185313e+00 1.9681669444e-03 6.3278946886e-04 3.3035444199e-03
1.8493242009e+00 1.9252413018e-03 6.1784013977e-04 3.2326424639e-03
1.8520259177e+00 1.8823973922e-03 6.0299007659e-04 3.1618047078e-03
1.8547236991e+00 1.8397549060e-03 5.8826609905e-04 3.0912437130e-03
1.8574175621e+00 1.7973637553e-03 5.7368623033e-04 3.0210412803e-03
1.8601075238e+00 1.7553090420e-03 5.5924207916e-04 2.9513760048e-03
1.8627936010e+00 1.7136850226e-03 5.4494837111e-04 2.8824216741e-03
1.8654758106e+00 1.6725462633e-03 5.3085834088e-04 2.8142341858e-03
1.8681541692e+00 1.6319860973e-03 5.1703602268e-04 2.7469361719e-03
1.8708286934e+00 1.5920600338e-03 5.0349479812e-04 2.6806252695e-03
1.8734993995e+00 1.5528249506e-03 4.9022171477e-04 2.6154281865e-03
1.8761663039e+00 1.5143479467e-03 4.7721490580e-04 2.5514809876e-03
1.8788294228e+00 1.4766715496e-03 4.6452555779e-04 2.4888175415e-03
1.8814887722e+00 1.4398535729e-03 4.5218429725e-04 2.4275228485e-03
1.8841443681e+00 1.4039260571e-03 4.4021826995e-04 2.3676338442e-03
1.8867962264e+00 1.3689251807e-03 4.2861510428e-04 2.3092352571e-03
1.8894443628e+00 1.3348716661e-03 4.1733069533e-04 2.2524126369e-03
1.8920887928e+00 1.3017859484e-03 4.0639175297e-04 2.1971801437e-03
1.8947295321e+00 1.2696775628e-03 3.9581721591e-04 2.1435379096e-03
1.8973665961e+00 1.2385726378e-03 3.8562280783e-04 2.0915224677e-03
1.9000000000e+00 1.2084993370e-03 3.7581435563e-04 2.0411843183e-03
1.9026297590e+00 1.1794822192e-03 3.6638704983e-04 1.9925773886e-03
1.9052558883e+00 1.1515371927e-03 3.5733143798e-04 1.9457429475e-03
1.9078784028e+00 1.1246636565e-03 3.4866280164e-04 1.9006645114e-03
1.9104973175e+00 1.0988730551e-03 3.4037917690e-04 1.8573669333e-03
1.9131126470e+00 1.0741634192e-03 3.3247467612e-04 1.8158521623e-03
1.9157244061e+00 1.0505246506e-03 3.2492519988e-04 1.7761241013e-03
1.9183326093e+00 1.0279560641e-03 3.1773342393e-04 1.7381787044e-03
1.9209372712e+00 1.0064456347e-03 3.1089802668e-04 1.7019932427e-03
1.9235384062e+00 9.8600207284e-04 3.0441690339e-04 1.6675872423e-03
1.9261360284e+00 9.6665061275e-04 2.9831342768e-04 1.6349877978e-03
1.9287301522e+00 9.4839512465e-04 2.9257455176e-04 1.6042156975e-03
1.9313207916e+00 9.3124651348e-04 2.8720105905e-04 1.5752919679e-03
1.9339079606e+00 9.1521338537e-04 2.8219293691e-04 1.5482338338e-03
1.9364916731e+00 9.0027959702e-04 2.7752591688e-04 1.5230332772e-03
1.9390719430e+00 8.8643229782e-04 2.7318886659e-04 1.4996757291e-03
1.9416487839e+00 8.7367056424e-04 2.6919350065e-04 1.4781476278e-03
1.9442222095e+00 8.6197869095e-04 2.6552694716e-04 1.4584304347e-03
1.9467922334e+00 8.5139589968e-04 2.6220970804e-04 1.4405820913e-03
1.9493588690e+00 8.4197070246e-04 2.5926594597e-04 1.4246754589e-03
1.9519221296e+00 8.3372763045e-04 2.5668625509e-04 1.4107690058e-03
1.9544820286e+00 8.2672113463e-04 2.5449366874e-04 1.3989486005e-03
1.9570385791e+00 8.2096298160e-04 2.5266628571e-04 1.3892596775e-03
1.9595917942e+00 8.1644752121e-04 2.5118606579e-04 1.3817089766e-03
1.9621416870e+00 8.1319255664e-04 2.5007851322e-04 1.3763066001e-03
1.9646882704e+00 8.1120487534e-04 2.4933129890e-04 1.3730784518e-03
1.9672315573e+00 8.1064992653e-04 2.4904001167e-04 1.3722598414e-03
1.9697715604e+00 8.1163042522e-04 2.4920902893e-04 1.3740518215e-03
1.9723082923e+00 8.1430044382e-04 2.4988976481e-04 1.3787111228e-03
1.9748417658e+00 8.1878736110e-04 2.5107805781e-04 1.3864966644e-03
1.9773719933e+00 8.2515324644e-04 2.5278606536e-04 1.3975204275e-03
1.9798989873e+00 8.3340262872e-04 2.5502773845e-04 1.4117775190e-03
1.9824227602e+00 8.4393905206e-04 2.5794621778e-04 1.4299318863e-03
1.9849433241e+00 8.5727398442e-04 2.6170322478e-04 1.4528447441e-03
1.9874606914e+00 8.7398574889e-04 2.6645317754e-04 1.4815183202e-03
1.9899748742e+00 8.9470055185e-04 2.7223027141e-04 1.5171708323e-03
1.9924858845e+00 9.1674817651e-04 2.7823057442e-04 1.5552657786e-03
1.9949937343e+00 9.5249604974e-04 2.8860070720e-04 1.6163913923e-03
1.9974984355e+00 9.9618051358e-04 3.0079148710e-04 1.6915695401e-03
2.0000000000e+00 1.0454913778e-03 3.1389873529e-04 1.7770840202e-03
2.0024984395e+00 1.1639416166e-03 3.4651640786e-04 1.9813668253e-03
2.0049937656e+00 1.2671227610e-03 3.7287993611e-04 2.1613655859e-03
2.0074859900e+00 1.2715462967e-03 3.7588195113e-04 2.1672106423e-03
2.0099751242e+00 1.2512907103e-03 3.7158828974e-04 2.1309931309e-03
2.0124611797e+00 1.2628341446e-03 3.7509411352e-04 2.1505741756e-03
2.0149441680e+00 1.2814310194e-03 3.8050013826e-04 2.1823619005e-03
2.0174241002e+00 1.3179231910e-03 3.9086007137e-04 2.2449863107e-03
2.0199009877e+00 1.3831486294e-03 4.0863711501e-04 2.3576601438e-03
2.0223748416e+00 1.4171829080e-03 4.1798540604e-04 2.4163804099e-03
2.0248456731e+00 1.4396398703e-03 4.2433425052e-04 2.4549454901e-03
2.0273134933e+00 1.4606509961e-03 4.3026374034e-04 2.4910382519e-03
2.0297783130e+00 1.4806166172e-03 4.3587724456e-04 2.5253559898e-03
2.0322401433e+00 1.4999324659e-03 4.4127681271e-04 2.5585881192e-03
2.0346989949e+00 1.5189890551e-03 4.4656256835e-04 2.5914155419e-03
2.0371548787e+00 1.5381713673e-03 4.5183198291e-04 2.6245107516e-03
2.0396078054e+00 1.5547791084e-03 4.5641285897e-04 2.6531453578e-03
2.0420577857e+00 1.5691613585e-03 4.6039279596e-04 2.6779299210e-03
2.0445048300e+00 1.5826346110e-03 4.6410018553e-04 2.7011690365e-03
2.0469489490e+00 1.5953142108e-03 4.6756421287e-04 2.7230642087e-03
2.0493901532e+00 1.6073133070e-03 4.7081342142e-04 2.7438131925e-03
2.0518284529e+00 1.6187426890e-03 4.7387571221e-04 2.7636096659e-03
2.0542638584e+00 1.6297106664e-03 4.7677834750e-04 2.7826429854e-03
2.0566963801e+00 1.6403229991e-03 4.7954796006e-04 2.8010980382e-03
2.0591260282e+00 1.6506828864e-03 4.8221056958e-04 2.8191552032e-03
2.0615528128e+00 1.6608195342e-03 4.8477488104e-04 2.8368641873e-03
2.0639767441e+00 1.6691296437e-03 4.8686901595e-04 2.8513902714e-03
2.0663978320e+00 1.6768217025e-03 4.8877902545e-04 2.8648643795e-03
2.0688160866e+00 1.6839170470e-03 4.9051188044e-04 2.8773222136e-03
2.0712315177e+00 1.6904372770e-03 4.9207447765e-04 2.8888000764e-03
2.0736441353e+00 1.6964042004e-03 4.9347363914e-04 2.8993347616e-03
2.0760539492e+00 1.7018397822e-03 4.9471611181e-04 2.9089634526e-03
2.0784609691e+00 1.7067660968e-03 4.9580856679e-04 2.9177236268e-03
2.0808652047e+00 1.7112052823e-03 4.9675759891e-04 2.9256529658e-03
2.0832666656e+00 1.7151794988e-03 4.9756972608e-04 2.9327892714e-03
2.0856653615e+00 1.7187108875e-03 4.9825138882e-04 2.9391703863e-03
2.0880613018e+00 1.7218215344e-03 4.9880894985e-04 2.9448341190e-03
2.0904544960e+00 1.7245334342e-03 4.9924869382e-04 2.9498181746e-03
2.0928449536e+00 1.7271469588e-03 4.9963687892e-04 2.9546570386e-03
2.0952326840e+00 1.7294991315e-03 4.9994014912e-04 2.9590581138e-03
2.0976176963e+00 1.7315010121e-03 5.0014079038e-04 2.9628612338e-03
2.1000000000e+00 1.7331626722e-03 5.0024232848e-04 2.9660830160e-03
2.1023796042e+00 1.7344944611e-03 5.0024829218e-04 2.9687406300e-03
2.1047565180e+00 1.7355069826e-03 5.0016221190e-04 2.9708517533e-03
2.1071307506e+00 1.7362110743e-03 4.9998761860e-04 2.9724345299e-03
2.1095023110e+00 1.7366177872e-03 4.9972804269e-04 2.9735075316e-03
2.1118712082e+00 1.7367383666e-03 4.9938701314e-04 2.9740897201e-03
2.1142374512e+00 1.7365842343e-03 4.9896805661e-04 2.9742004119e-03
2.1166010489e+00 1.7361669709e-03 4.9847469663e-04 2.9738592451e-03
2.1189620100e+00 1.7354983002e-03 4.9791045296e-04 2.9730861473e-03
2.1213203436e+00 1.7345900732e-03 4.9727884092e-04 2.9719013055e-03
2.1236760582e+00 1.7334542541e-03 4.9658337080e-04 2.9703251374e-03
2.1260291625e+00 1.7321029060e-03 4.9582754739e-04 2.9683782647e-03
2.1283796654e+00 1.7307246521e-03 4.9505584270e-04 2.9663934615e-03
2.1307275753e+00 1.7293669510e-03 4.9428007301e-04 2.9644538289e-03
2.1330729008e+00 1.7278234170e-03 4.9345301468e-04 2.9621938193e-03
2.1354156504e+00 1.7260984256e-03 4.9257629837e-04 2.9596205528e-03
2.1377558326e+00 1.7241965760e-03 4.9165157916e-04 2.9567415728e-03
2.1400934559e+00 1.7221226825e-03 4.9068053561e-04 2.9535648293e-03
2.1424285286e+00 1.7198817653e-03 4.8966486900e-04 2.9500986616e-03
2.1447610590e+00 1.7174790428e-03 4.8860630248e-04 2.9463517831e-03
2.1470910554e+00 1.7149199229e-03 4.8750658031e-04 2.9423332654e-03
2.1494185260e+00 1.7122099959e-03 4.8636746716e-04 2.9380525247e-03
2.1517434791e+00 1.7093550272e-03 4.8519074734e-04 2.9335193070e-03
2.1540659229e+00 1.7063609497e-03 4.8397822415e-04 2.9287436753e-03
2.1563858653e+00 1.7032338580e-03 4.8273171918e-04 2.9237359969e-03
2.1587033145e+00 1.6999800012e-03 4.8145307164e-04 2.9185069307e-03
2.1610182785e+00 1.6966057769e-03 4.8014413771e-04 2.9130674161e-03
2.1633307653e+00 1.6931177256e-03 4.7880678996e-04 2.9074286613e-03
2.1656407828e+00 1.6895225249e-03 4.7744291668e-04 2.9016021331e-03
2.1679483389e+00 1.6858269839e-03 4.7605442130e-04 2.8955995464e-03
2.1702534414e+00 1.6820380382e-03 4.7464322185e-04 2.8894328546e-03
2.1725560982e+00 1.6785039412e-03 4.7329113575e-04 2.8837167467e-03
2.1748563171e+00 1.6749689872e-03 4.7193845331e-04 2.8779995211e-03
2.1771541057e+00 1.6713580628e-03 4.7056783738e-04 2.8721482882e-03
2.1794494718e+00 1.6676726249e-03 4.6917987927e-04 2.8661653706e-03
2.1817424229e+00 1.6639142638e-03 4.6777519131e-04 2.8600533363e-03
2.1840329668e+00 1.6600847001e-03 4.6635440628e-04 2.8538149938e-03
2.1863211109e+00 1.6561857818e-03 4.6491817688e-04 2.8474533867e-03
2.1886068628e+00 1.6522194816e-03 4.6346717512e-04 2.8409717881e-03
2.1908902300e+00 1.6481878941e-03 4.6200209186e-04 2.8343736964e-03
2.1931712199e+00 1.6440932328e-03 4.6052363618e-04 2.8276628295e-03
2.1954498400e+00 1.6399378279e-03 4.5903253496e-04 2.8208431208e-03
2.1977260976e+00 1.6357241233e-03 4.5752953233e-04 2.8139187143e-03
2.2000000000e+00 1.6314546746e-03 4.5601538915e-04 2.8068939601e-03
2.2022715546e+00 1.6271321463e-03 4.5449088258e-04 2.7997734100e-03
2.2045407685e+00 1.6227593096e-03 4.5295680556e-04 2.7925618137e-03
2.2068076491e+00 1.6183390403e-03 4.5141396634e-04 2.7852641142e-03
2.2090722034e+00 1.6138743162e-03 4.4986318805e-04 2.7778854443e-03
2.2113344387e+00 1.6093682154e-03 4.4830530823e-04 2.7704311226e-03
2.2135943621e+00 1.6048239140e-03 4.4674117839e-04 2.7629066496e-03
2.2158519806e+00 1.6002446841e-03 4.4517166357e-04 2.7553177045e-03
2.2181073013e+00 1.5956338918e-03 4.4359764197e-04 2.7476701416e-03
2.2203603311e+00 1.5909949955e-03 4.4202000446e-04 2.7399699866e-03
2.2226110771e+00 1.5864517427e-03 4.4046695498e-04 2.7324365304e-03
2.2248595461e+00 1.5821310405e-03 4.3896723169e-04 2.7252948492e-03
2.2271057451e+00 1.5777947247e-03 4.3746673507e-04 2.7181227142e-03
2.2293496810e+00 1.5734430066e-03 4.3596559212e-04 2.7109204211e-03
2.2315913604e+00 1.5690761631e-03 4.3446394135e-04 2.7036883848e-03
2.2338307904e+00 1.5646945353e-03 4.3296193258e-04 2.6964271380e-03
2.2360679775e+00 1.5602985282e-03 4.3145972660e-04 2.6891373298e-03
2.2383029286e+00 1.5558886096e-03 4.2995749498e-04 2.6818197243e-03
2.2405356502e+00 1.5514653093e-03 4.2845541973e-04 2.6744751989e-03
2.2427661492e+00 1.5470292183e-03 4.2695369310e-04 2.6671047435e-03
2.2449944321e+00 1.5425809879e-03 4.2545251732e-04 2.6597094585e-03
2.2472205054e+00 1.5381213290e-03 4.2395210438e-04 2.6522905536e-03
2.2494443758e+00 1.5336510112e-03 4.2245267575e-04 2.6448493467e-03
2.2516660498e+00 1.5291708621e-03 4.2095446222e-04 2.6373872620e-03
2.2538855339e+00 1.5246817664e-03 4.1945770362e-04 2.6299058292e-03
2.2561028345e+00 1.5201846653e-03 4.1796264863e-04 2.6224066819e-03
2.2583179581e+00 1.5156805553e-03 4.1646955457e-04 2.6148915561e-03
2.2605309111e+00 1.5111704882e-03 4.1497868720e-04 2.6073622891e-03
2.2627416998e+00 1.5066555694e-03 4.1349032053e-04 2.5998208184e-03
2.2649503306e+00 1.5021369582e-03 4.1200473659e-04 2.5922691798e-03
2.2671568098e+00 1.4976158660e-03 4.1052222528e-04 2.5847095067e-03
2.2693611436e+00 1.4930935564e-03 4.0904308416e-04 2.5771440287e-03
2.2715633383e+00 1.4885713442e-03 4.0756761828e-04 2.5695750702e-03
2.2737634002e+00 1.4840505946e-03 4.0609614003e-04 2.5620050492e-03
2.2759613353e+00 1.4795327226e-03 4.0462896892e-04 2.5544364763e-03
2.2781571500e+00 1.4750191924e-03 4.0316643145e-04 2.5468719533e-03
2.2803508502e+00 1.4705115166e-03 4.0170886093e-04 2.5393141722e-03
2.2825424421e+00 1.4661121889e-03 4.0027809382e-04 2.5319462840e-03
2.2847319318e+00 1.4618903488e-03 3.9888871031e-04 2.5248919872e-03
2.2869193252e+00 1.4576813954e-03 3.9750558778e-04 2.5178572030e-03
2.2891046285e+00 1.4534851612e-03 3.9612869026e-04 2.5108416321e-03
2.2912878475e+00 1.4493015040e-03 3.9475798653e-04 2.5038450215e-03
2.2934689882e+00 1.4451303070e-03 3.9339344997e-04 2.4968671641e-03
2.2956480566e+00 1.4409714785e-03 3.9203505851e-04 2.4899078984e-03
2.2978250586e+00 1.4368249514e-03 3.9068279453e-04 2.4829671082e-03
2.3000000000e+00 1.4326906836e-03 3.8933664482e-04 2.4760447223e-03
2.3021728866e+00 1.4285686574e-03 3.8799660047e-04 2.4691407143e-03
2.3043437244e+00 1.4244588794e-03 3.8666265680e-04 2.4622551020e-03
2.3065125189e+00 1.4203613804e-03 3.8533481331e-04 2.4553879474e-03
2.3086792761e+00 1.4162762148e-03 3.8401307360e-04 2.4485393560e-03
2.3108440017e+00 1.4122034609e-03 3.8269744526e-04 2.4417094766e-03
2.3130067012e+00 1.4081432206e-03 3.8138793986e-04 2.4348985013e-03
2.3151673806e+00 1.4040956186e-03 3.8008457285e-04 2.4281066643e-03
2.3173260453e+00 1.4000608028e-03 3.7878736348e-04 2.4213342422e-03
2.3194827009e+00 1.3960389441e-03 3.7749633479e-04 2.4145815535e-03
2.3216373532e+00 1.3920302356e-03 3.7621151347e-04 2.4078489578e-03
2.3237900077e+00 1.3880348929e-03 3.7493292984e-04 2.4011368559e-03
2.3259406699e+00 1.3840531535e-03 3.7366061781e-04 2.3944456891e-03
2.3280893454e+00 1.3800852768e-03 3.7239461474e-04 2.3877759389e-03
2.3302360395e+00 1.3761315439e-03 3.7113496147e-04 2.3811281264e-03
2.3323807579e+00 1.3721922571e-03 3.6988170220e-04 2.3745028121e-03
2.3345235060e+00 1.3682677399e-03 3.6863488445e-04 2.3679005953e-03
2.3366642891e+00 1.3643583364e-03 3.6739455902e-04 2.3613221138e-03
2.3388031127e+00 1.3604644116e-03 3.6616077988e-04 2.3547680434e-03
2.3409399821e+00 1.3565863507e-03 3.6493360418e-04 2.3482390973e-03
2.3430749028e+00 1.3527245591e-03 3.6371309217e-04 2.3417360260e-03
2.3452078799e+00 1.3488794618e-03 3.6249930712e-04 2.3352596166e-03
2.3473389189e+00 1.3450515038e-03 3.6129231531e-04 2.3288106923e-03
2.3494680249e+00 1.3412411492e-03 3.6009218595e-04 2.3223901124e-03
2.3515952033e+00 1.3374706041e-03 3.5890325410e-04 2.3160379541e-03
2.3537204592e+00 1.3338481860e-03 3.5774669365e-04 2.3099496783e-03
2.3558437979e+00 1.3302467047e-03 3.5659747588e-04 2.3038959334e-03
2.3579652245e+00 1.3266659627e-03 3.5545553734e-04 2.2978763881e-03
2.3600847442e+00 1.3231057705e-03 3.5432081619e-04 2.2918907249e-03
2.3622023622e+00 1.3195659459e-03 3.5319325213e-04 2.2859386398e-03
2.3643180835e+00 1.3160463144e-03 3.5207278645e-04 2.2800198424e-03
2.3664319132e+00 1.3125467089e-03 3.5095936196e-04 2.2741340559e-03
2.3685438565e+00 1.3090669700e-03 3.4985292299e-04 2.2682810171e-03
2.3706539182e+00 1.3056069457e-03 3.4875341540e-04 2.2624604760e-03
2.3727621035e+00 1.3021664913e-03 3.4766078651e-04 2.2566721960e-03
2.3748684174e+00 1.2987454696e-03 3.4657498513e-04 2.2509159540e-03
2.3769728648e+00 1.2953437507e-03 3.4549596156e-04 2.2451915399e-03
2.3790754507e+00 1.2919612122e-03 3.4442366750e-04 2.2394987568e-03
2.3811761800e+00 1.2885977385e-03 3.4335805613e-04 2.2338374209e-03
2.3832750576e+00 1.2852532216e-03 3.4229908200e-04 2.2282073613e-03
2.3853720884e+00 1.2819275605e-03 3.4124670112e-04 2.2226084198e-03
2.3874672773e+00 1.2786206611e-03 3.4020087084e-04 2.2170404513e-03
2.3895606291e+00 1.2753324365e-03 3.3916154993e-04 2.2115033230e-03
2.3916521486e+00 1.2720628066e-03 3.3812869852e-04 2.2059969148e-03
2.3937418407e+00 1.2688116985e-03 3.3710227807e-04 2.2005211189e-03
2.3958297101e+00 1.2655790456e-03 3.3608225142e-04 2.1950758398e-03
2.3979157617e+00 1.2623647885e-03 3.3506858272e-04 2.1896609943e-03
2.4000000000e+00 1.2591688742e-03 3.3406123743e-04 2.1842765110e-03
2.4020824299e+00 1.2559912564e-03 3.3306018236e-04 2.1789223305e-03
2.4041630560e+00 1.2528318953e-03 3.3206538557e-04 2.1735984051e-03
2.4062418831e+00 1.2496907576e-03 3.3107681645e-04 2.1683046987e-03
2.4083189158e+00 1.2465678162e-03 3.3009444565e-04 2.1630411867e-03
2.4103941586e+00 1.2434630504e-03 3.2911824509e-04 2.1578078557e-03
2.4124676164e+00 1.2403764458e-03 3.2814818795e-04 2.1526047036e-03
2.4145392935e+00 1.2373079939e-03 3.2718424867e-04 2.1474317391e-03
2.4166091947e+00 1.2342576925e-03 3.2622640292e-04 2.1422889820e-03
2.4186773245e+00 1.2312255450e-03 3.2527462761e-04 2.1371764624e-03
2.4207436874e+00 1.2282115611e-03 3.2432890088e-04 2.1320942214e-03
2.4228082879e+00 1.2252157560e-03 3.2338920208e-04 2.1270423099e-03
2.4248711306e+00 1.2222381506e-03 3.2245551178e-04 2.1220207895e-03
2.4269322199e+00 1.2192787716e-03 3.2152781174e-04 2.1170297315e-03
2.4289915603e+00 1.2163376511e-03 3.2060608492e-04 2.1120692172e-03
2.4310491562e+00 1.2134148265e-03 3.1969031548e-04 2.1071393375e-03
2.4331050121e+00 1.2105432038e-03 3.1878631812e-04 2.1023000895e-03
2.4351591324e+00 1.2077133114e-03 3.1789237900e-04 2.0975342439e-03
2.4372115214e+00 1.2049026018e-03 3.1700447339e-04 2.0928007302e-03
2.4392621835e+00 1.2021109396e-03 3.1612255542e-04 2.0880993237e-03
2.4413111231e+00 1.1993381910e-03 3.1524657979e-04 2.0834298022e-03
2.4433583446e+00 1.1965842236e-03 3.1437650175e-04 2.0787919454e-03
2.4454038521e+00 1.1938489061e-03 3.1351227716e-04 2.0741855351e-03
2.4474476501e+00 1.1911321090e-03 3.1265386245e-04 2.0696103556e-03
2.4494897428e+00 1.1884337038e-03 3.1180121468e-04 2.0650661930e-03
