0.0000000000e+00 1.4108678389e-03 1.3037861812e-03 1.5179494965e-03
1.0000000000e-01 1.4387889808e-03 1.3302283364e-03 1.5473496252e-03
1.4142135624e-01 1.4680967505e-03 1.3577300307e-03 1.5784634703e-03
1.7320508076e-01 1.4990234188e-03 1.3865166408e-03 1.6115301968e-03
2.0000000000e-01 1.5319010605e-03 1.4169137142e-03 1.6468884068e-03
2.2360679775e-01 1.5672493570e-03 1.4494335323e-03 1.6850651816e-03
2.4494897428e-01 1.6060144645e-03 1.4850110603e-03 1.7270178686e-03
2.6457513111e-01 1.6505582459e-03 1.5259825722e-03 1.7751339197e-03
2.8284271247e-01 1.8432006393e-03 1.7120733447e-03 1.9743279338e-03
3.0000000000e-01 1.8161517125e-03 1.6836875319e-03 1.9486158932e-03
3.1622776602e-01 1.8678772340e-03 1.7303412657e-03 2.0054132022e-03
3.3166247904e-01 1.9082449406e-03 1.7656228693e-03 2.0508670119e-03
3.4641016151e-01 1.9480192696e-03 1.8000095198e-03 2.0960290195e-03
3.6055512755e-01 1.9878754866e-03 1.8341693207e-03 2.1415816524e-03
3.7416573868e-01 2.0266527462e-03 1.8669877055e-03 2.1863177870e-03
3.8729833462e-01 2.0653323463e-03 1.8994294889e-03 2.2312352037e-03
4.0000000000e-01 2.1057681364e-03 1.9333158093e-03 2.2782204635e-03
4.1231056256e-01 2.1460529764e-03 1.9667936634e-03 2.3253122894e-03
4.2426406871e-01 2.1839446374e-03 1.9976888645e-03 2.3702004103e-03
4.3588989435e-01 2.2203155278e-03 2.0268556788e-03 2.4137753768e-03
4.4721359550e-01 2.2558355433e-03 2.0549396933e-03 2.4567313934e-03
4.5825756950e-01 2.2907276236e-03 2.0821573321e-03 2.4992979150e-03
4.6904157598e-01 2.3249167985e-03 2.1084524630e-03 2.5413811341e-03
4.7958315233e-01 2.3586652332e-03 2.1341101767e-03 2.5832202896e-03
4.8989794856e-01 2.3919383988e-03 2.1590848346e-03 2.6247919631e-03
5.0000000000e-01 2.4247116734e-03 2.1833432877e-03 2.6660800592e-03
5.0990195136e-01 2.4568325742e-03 2.2067176640e-03 2.7069474845e-03
5.1961524227e-01 2.4886807699e-03 2.2295938706e-03 2.7477676693e-03
5.2915026221e-01 2.5206486719e-03 2.2523632193e-03 2.7889341245e-03
5.3851648071e-01 2.5533182862e-03 2.2756075382e-03 2.8310290343e-03
5.4772255751e-01 2.5860118206e-03 2.2986493141e-03 2.8733743270e-03
5.5677643628e-01 2.6183550233e-03 2.3211166237e-03 2.9155934230e-03
5.6568542495e-01 2.6496857857e-03 2.3423545862e-03 2.9570169852e-03
5.7445626465e-01 2.6809218032e-03 2.3632529899e-03 2.9985906165e-03
5.8309518948e-01 2.7124346370e-03 2.3841659611e-03 3.0407033129e-03
5.9160797831e-01 2.7450702491e-03 2.4059074097e-03 3.0842330885e-03
6.0000000000e-01 2.7782450197e-03 2.4279012392e-03 3.1285888001e-03
6.0827625303e-01 2.8119146667e-03 2.4500957528e-03 3.1737335806e-03
6.1644140030e-01 2.8457387714e-03 2.4721567634e-03 3.2193207794e-03
6.2449979984e-01 2.8801104237e-03 2.4944503409e-03 3.2657705064e-03
6.3245553203e-01 2.9152298219e-03 2.5171570709e-03 3.3133025729e-03
6.4031242374e-01 2.9514338888e-03 2.5405901227e-03 3.3622776549e-03
6.4807406984e-01 2.9887133963e-03 2.5647243074e-03 3.4127024852e-03
6.5574385243e-01 3.0270547446e-03 2.5895300160e-03 3.4645794732e-03
6.6332495807e-01 3.0664633398e-03 2.6149970913e-03 3.5179295882e-03
6.7082039325e-01 3.1070254551e-03 2.6411917919e-03 3.5728591183e-03
6.7823299831e-01 3.1488743012e-03 2.6682236837e-03 3.6295249187e-03
6.8556546004e-01 3.1920558837e-03 2.6961265934e-03 3.6879851739e-03
6.9282032303e-01 3.2367020329e-03 2.7250036628e-03 3.7484004030e-03
7.0000000000e-01 3.2830681982e-03 2.7550563044e-03 3.8110800920e-03
7.0710678119e-01 3.3312920925e-03 2.7863715223e-03 3.8762126626e-03
7.1414284285e-01 3.3815835139e-03 2.8191158954e-03 3.9440511324e-03
7.2111025509e-01 3.4343063993e-03 2.8536279279e-03 4.0149848707e-03
7.2801098893e-01 3.4901843330e-03 2.8905797402e-03 4.0897889257e-03
7.3484692283e-01 3.5492012337e-03 2.9299316580e-03 4.1684708095e-03
7.4161984871e-01 3.6106469993e-03 2.9709766295e-03 4.2503173690e-03
7.4833147735e-01 3.6734589277e-03 3.0127106375e-03 4.3342072180e-03
7.5498344353e-01 3.7384544870e-03 3.0558308354e-03 4.4210781386e-03
7.6157731059e-01 3.8065249350e-03 3.1010918062e-03 4.5119580638e-03
7.6811457479e-01 3.8783794824e-03 3.1490722247e-03 4.6076867402e-03
7.7459666924e-01 3.9540437008e-03 3.1997618201e-03 4.7083255815e-03
7.8102496759e-01 4.0337356522e-03 3.2533162828e-03 4.8141550216e-03
7.8740078740e-01 4.1179040007e-03 3.3100898331e-03 4.9257181683e-03
7.9372539332e-01 4.2072059796e-03 3.3706347367e-03 5.0437772226e-03
8.0000000000e-01 4.3016742044e-03 3.4348909523e-03 5.1684574565e-03
8.0622577483e-01 4.4004945111e-03 3.5020224987e-03 5.2989665235e-03
8.1240384046e-01 4.5053854772e-03 3.5734383987e-03 5.4373325558e-03
8.1853527719e-01 4.6186137145e-03 3.6510063414e-03 5.5862210877e-03
8.2462112512e-01 4.7411223029e-03 3.7355532547e-03 5.7466913510e-03
8.3066238629e-01 4.8740378351e-03 3.8286440713e-03 5.9194315989e-03
8.3666002653e-01 5.0509231245e-03 3.9521446576e-03 6.1497015914e-03
8.4261497732e-01 5.1826960357e-03 4.0468848020e-03 6.3185072694e-03
8.4852813742e-01 5.3563240829e-03 4.1703418306e-03 6.5423063353e-03
8.5440037453e-01 5.5195609429e-03 4.2871409607e-03 6.7519809250e-03
8.6023252670e-01 5.7110815077e-03 4.4217821337e-03 7.0003808818e-03
8.6602540378e-01 5.8909831012e-03 4.5496029345e-03 7.2323632678e-03
8.7177978871e-01 6.0956861153e-03 4.6925073339e-03 7.4988648967e-03
8.7749643874e-01 6.2927868767e-03 4.8296436885e-03 7.7559300648e-03
8.8317608663e-01 6.5036641388e-03 4.9751075028e-03 8.0322207748e-03
8.8881944173e-01 6.7402598709e-03 5.1373768080e-03 8.3431429339e-03
8.9442719100e-01 6.9833760609e-03 5.3062426351e-03 8.6605094867e-03
9.0000000000e-01 7.2555588290e-03 5.4944894753e-03 9.0166281828e-03
9.0553851381e-01 7.5369138890e-03 5.6871201565e-03 9.3867076214e-03
9.1104335791e-01 7.8070726465e-03 5.8696098154e-03 9.7445354776e-03
9.1651513899e-01 8.1316660694e-03 6.0880416705e-03 1.0175290468e-02
9.2195444573e-01 8.4853906648e-03 6.3265451838e-03 1.0644236146e-02
9.2736184955e-01 8.8456483040e-03 6.5705554096e-03 1.1120741198e-02
9.3273790531e-01 9.2459620743e-03 6.8350398361e-03 1.1656884313e-02
9.3808315196e-01 9.6889679822e-03 7.1278792873e-03 1.2250056677e-02
9.4339811321e-01 1.0179349928e-02 7.4553344565e-03 1.2903365399e-02
9.4868329805e-01 1.0714075581e-02 7.8059876935e-03 1.3622163469e-02
9.5393920142e-01 1.1262611975e-02 8.1596566164e-03 1.4365567333e-02
9.5916630466e-01 1.1911991755e-02 8.5762115948e-03 1.5247771915e-02
9.6436507610e-01 1.2704801509e-02 9.0855643467e-03 1.6324038671e-02
9.6953597148e-01 1.3419240688e-02 9.5375409231e-03 1.7300940454e-02
9.7467943448e-01 1.4434516602e-02 1.0149243796e-02 1.8719789407e-02
9.7979589711e-01 1.5672961161e-02 1.0932143318e-02 2.0413779005e-02
9.8488578018e-01 1.8046190126e-02 1.2365353373e-02 2.3727026878e-02
9.8994949366e-01 1.5683784968e-02 1.0864422081e-02 2.0503147855e-02
9.9498743711e-01 7.0241135178e-03 4.7075011026e-03 9.3407259329e-03
1.0000000000e+00 9.8816544192e-03 6.5790456276e-03 1.3184263211e-02
1.0049875621e+00 8.0586530422e-03 5.5292042195e-03 1.0588101865e-02
1.0099504938e+00 6.8288782321e-03 4.6846820223e-03 8.9730744418e-03
1.0148891565e+00 6.1681381972e-03 4.2488792939e-03 8.0873971004e-03
1.0198039027e+00 5.6307180575e-03 3.8902704298e-03 7.3711656853e-03
1.0246950766e+00 5.1965213755e-03 3.5968822396e-03 6.7961605113e-03
1.0295630141e+00 4.8428772709e-03 3.3550766824e-03 6.3306778594e-03
1.0344080433e+00 4.5466538243e-03 3.1504716105e-03 5.9428360382e-03
1.0392304845e+00 4.2983148594e-03 2.9774115535e-03 5.6192181653e-03
1.0440306509e+00 4.0791019192e-03 2.8256323970e-03 5.3325714414e-03
1.0488088482e+00 3.8884411738e-03 2.6933290813e-03 5.0835532662e-03
1.0535653753e+00 3.7240876473e-03 2.5783426727e-03 4.8698326218e-03
1.0583005244e+00 3.5810141479e-03 2.4767498941e-03 4.6852784017e-03
1.0630145813e+00 3.4559890850e-03 2.3865539424e-03 4.5254242277e-03
1.0677078252e+00 3.3470120543e-03 2.3069650565e-03 4.3870590521e-03
1.0723805295e+00 3.2504188910e-03 2.2362326165e-03 4.2646051655e-03
1.0770329614e+00 3.1666081200e-03 2.1744902798e-03 4.1587259603e-03
1.0816653826e+00 3.0953920543e-03 2.1215334678e-03 4.0692506409e-03
1.0862780491e+00 3.0365741495e-03 2.0771859948e-03 3.9959623042e-03
1.0908712115e+00 2.9885810053e-03 2.0406169036e-03 3.9365451069e-03
1.0954451150e+00 2.9485338112e-03 2.0101451791e-03 3.8869224433e-03
1.1000000000e+00 2.9141154647e-03 1.9841811046e-03 3.8440498248e-03
1.1045361017e+00 2.8823266004e-03 1.9609960846e-03 3.8036571162e-03
1.1090536506e+00 2.8516845865e-03 1.9392183265e-03 3.7641508464e-03
1.1135528726e+00 2.8221310932e-03 1.9181239501e-03 3.7261382364e-03
1.1180339887e+00 2.7938058703e-03 1.8977340860e-03 3.6898776546e-03
1.1224972160e+00 2.7667746247e-03 1.8779164911e-03 3.6556327584e-03
1.1269427670e+00 2.7415791158e-03 1.8590813850e-03 3.6240768467e-03
1.1313708499e+00 2.7186662104e-03 1.8418360871e-03 3.5954963338e-03
1.1357816692e+00 2.6981952028e-03 1.8263839181e-03 3.5700064875e-03
1.1401754251e+00 2.6800707033e-03 1.8127456537e-03 3.5473957530e-03
1.1445523142e+00 2.6639927428e-03 1.8007187957e-03 3.5272666900e-03
1.1489125293e+00 2.6496806076e-03 1.7899553951e-03 3.5094058201e-03
1.1532562595e+00 2.6369769129e-03 1.7802585863e-03 3.4936952395e-03
1.1575836903e+00 2.6259320675e-03 1.7716016831e-03 3.4802624519e-03
1.1618950039e+00 2.6166197384e-03 1.7640236349e-03 3.4692158420e-03
1.1661903790e+00 2.6089677907e-03 1.7575573171e-03 3.4603782642e-03
1.1704699911e+00 2.6028937910e-03 1.7522529932e-03 3.4535345887e-03
1.1747340124e+00 2.5981548485e-03 1.7479501882e-03 3.4483595088e-03
1.1789826123e+00 2.5944770728e-03 1.7444745548e-03 3.4444795908e-03
1.1832159566e+00 2.5917912799e-03 1.7417195619e-03 3.4418629980e-03
1.1874342087e+00 2.5900709386e-03 1.7395765992e-03 3.4405652780e-03
1.1916375288e+00 2.5893741345e-03 1.7380234859e-03 3.4407247831e-03
1.1958260743e+00 2.5898301435e-03 1.7371539062e-03 3.4425063809e-03
1.2000000000e+00 2.5914265788e-03 1.7369955794e-03 3.4458575783e-03
1.2041594579e+00 2.5939832156e-03 1.7374725365e-03 3.4504938947e-03
1.2083045974e+00 2.5973731176e-03 1.7385971679e-03 3.4561490674e-03
1.2124355653e+00 2.6013072747e-03 1.7401750316e-03 3.4624395179e-03
1.2165525061e+00 2.6056594496e-03 1.7420545961e-03 3.4692643031e-03
1.2206555616e+00 2.6104850696e-03 1.7442393498e-03 3.4767307894e-03
1.2247448714e+00 2.6158024102e-03 1.7466642473e-03 3.4849405731e-03
1.2288205727e+00 2.6217677611e-03 1.7493408332e-03 3.4941946890e-03
1.2328828006e+00 2.6284121049e-03 1.7523912356e-03 3.5044329743e-03
1.2369316877e+00 2.6356118390e-03 1.7557449641e-03 3.5154787138e-03
1.2409673646e+00 2.6431940944e-03 1.7593342567e-03 3.5270539322e-03
1.2449899598e+00 2.6509354285e-03 1.7631335710e-03 3.5387372859e-03
1.2489995997e+00 2.6586945794e-03 1.7669350608e-03 3.5504540980e-03
1.2529964086e+00 2.6665022279e-03 1.7707165457e-03 3.5622879101e-03
1.2569805090e+00 2.6744613100e-03 1.7744926432e-03 3.5744299768e-03
1.2609520213e+00 2.6827184792e-03 1.7782225870e-03 3.5872143714e-03
1.2649110641e+00 2.6912717434e-03 1.7819958971e-03 3.6005475898e-03
1.2688577540e+00 2.6999747841e-03 1.7857578552e-03 3.6141917130e-03
1.2727922061e+00 2.7085756005e-03 1.7894278066e-03 3.6277233945e-03
1.2767145335e+00 2.7168772845e-03 1.7929211081e-03 3.6408334610e-03
1.2806248475e+00 2.7249132531e-03 1.7962084303e-03 3.6536180760e-03
1.2845232579e+00 2.7327938031e-03 1.7992264822e-03 3.6663611241e-03
1.2884098727e+00 2.7408085012e-03 1.8020514340e-03 3.6795655684e-03
1.2922847983e+00 2.7487294522e-03 1.8045879847e-03 3.6928709197e-03
1.2961481397e+00 2.7564705651e-03 1.8067784741e-03 3.7061626560e-03
1.3000000000e+00 2.7637126751e-03 1.8086634112e-03 3.7187619390e-03
1.3038404810e+00 2.7704600706e-03 1.8101904531e-03 3.7307296882e-03
1.3076696831e+00 2.7763702455e-03 1.8108702602e-03 3.7418702309e-03
1.3114877049e+00 2.7826825288e-03 1.8112962011e-03 3.7540688565e-03
1.3152946438e+00 2.7925481358e-03 1.8129614437e-03 3.7721348278e-03
1.3190905958e+00 2.7918012845e-03 1.8114748352e-03 3.7721277337e-03
1.3228756555e+00 2.7948353922e-03 1.8076969161e-03 3.7819738683e-03
1.3266499161e+00 2.8046476224e-03 1.8084076414e-03 3.8008876034e-03
1.3304134696e+00 2.8082589442e-03 1.8106301524e-03 3.8058877361e-03
1.3341664064e+00 2.8118617018e-03 1.8003688427e-03 3.8233545610e-03
1.3379088160e+00 2.8197556236e-03 1.7917318793e-03 3.8477793679e-03
1.3416407865e+00 2.8239052896e-03 1.7956839163e-03 3.8521266630e-03
1.3453624047e+00 2.8280251900e-03 1.7900976743e-03 3.8659527057e-03
1.3490737563e+00 2.8123033605e-03 1.7738857295e-03 3.8507209915e-03
1.3527749258e+00 2.8079621233e-03 1.7691010750e-03 3.8468231715e-03
1.3564659966e+00 2.8109582712e-03 1.7678389480e-03 3.8540775944e-03
1.3601470509e+00 2.8362218396e-03 1.7707254230e-03 3.9017182562e-03
1.3638181697e+00 2.8177351759e-03 1.7651716202e-03 3.8702987316e-03
1.3674794331e+00 2.7984949781e-03 1.7336752702e-03 3.8633146861e-03
1.3711309201e+00 2.8107066130e-03 1.7337218299e-03 3.8876913960e-03
1.3747727085e+00 2.8100405469e-03 1.7310074332e-03 3.8890736605e-03
1.3784048752e+00 2.7991639471e-03 1.7131639605e-03 3.8851639337e-03
1.3820274961e+00 2.7928760925e-03 1.7006264837e-03 3.8851257013e-03
1.3856406461e+00 2.7865961516e-03 1.6880713977e-03 3.8851209054e-03
1.3892443989e+00 2.7786053275e-03 1.6729681395e-03 3.8842425155e-03
1.3928388277e+00 2.7698990908e-03 1.6570725286e-03 3.8827256529e-03
1.3964240044e+00 2.7609335732e-03 1.6401556074e-03 3.8817115391e-03
1.4000000000e+00 2.7512916069e-03 1.6227199193e-03 3.8798632946e-03
1.4035668848e+00 2.7399945475e-03 1.6040964320e-03 3.8758926630e-03
1.4071247279e+00 2.7275481078e-03 1.5842058531e-03 3.8708903624e-03
1.4106735980e+00 2.7150589947e-03 1.5634548066e-03 3.8666631828e-03
1.4142135624e+00 2.7025260781e-03 1.5420277608e-03 3.8630243955e-03
1.4177446879e+00 2.6893569273e-03 1.5197670699e-03 3.8589467847e-03
1.4212670404e+00 2.6755513070e-03 1.4966194846e-03 3.8544831293e-03
1.4247806849e+00 2.6614389294e-03 1.4728280053e-03 3.8500498535e-03
1.4282856857e+00 2.6475473052e-03 1.4486929767e-03 3.8464016336e-03
1.4317821063e+00 2.6338549757e-03 1.4243870533e-03 3.8433228981e-03
1.4352700094e+00 2.6198663559e-03 1.3998745191e-03 3.8398581927e-03
1.4387494570e+00 2.6046485361e-03 1.3749905507e-03 3.8343065214e-03
1.4422205102e+00 2.5876734781e-03 1.3495916270e-03 3.8257553292e-03
1.4456832295e+00 2.5687120353e-03 1.3236914003e-03 3.8137326703e-03
1.4491376746e+00 2.5479219939e-03 1.2971942802e-03 3.7986497075e-03
1.4525839046e+00 2.5253662259e-03 1.2701648301e-03 3.7805676216e-03
1.4560219779e+00 2.5002982466e-03 1.2424746546e-03 3.7581218385e-03
1.4594519519e+00 2.4716974119e-03 1.2138757119e-03 3.7295191118e-03
1.4628738838e+00 2.4377281129e-03 1.1837361654e-03 3.6917200605e-03
1.4662878299e+00 2.3979098583e-03 1.1519072936e-03 3.6439124231e-03
1.4696938457e+00 2.3503131904e-03 1.1179462230e-03 3.5826801578e-03
1.4730919863e+00 2.2948719875e-03 1.0817210287e-03 3.5080229462e-03
1.4764823060e+00 2.2332539770e-03 1.0444514265e-03 3.4220565276e-03
1.4798648587e+00 2.1687155868e-03 1.0085413180e-03 3.3288898556e-03
1.4832396974e+00 2.1028712517e-03 9.7399999329e-04 3.2317425101e-03
1.4866068747e+00 2.0362650836e-03 9.4099645617e-04 3.1315337110e-03
1.4899664426e+00 1.9699365531e-03 9.0924366027e-04 3.0306294459e-03
1.4933184523e+00 1.9060987915e-03 8.7875465176e-04 2.9334429311e-03
1.4966629547e+00 1.8459398241e-03 8.5014463206e-04 2.8417350160e-03
1.5000000000e+00 1.7902401498e-03 8.2363729218e-04 2.7568430075e-03
1.5033296378e+00 1.7381871837e-03 7.9901837405e-04 2.6773559934e-03
1.5066519173e+00 1.6891335972e-03 7.7563407086e-04 2.6026331235e-03
1.5099668871e+00 1.6432401986e-03 7.5381481795e-04 2.5326655793e-03
1.5132745950e+00 1.6017497521e-03 7.3457435514e-04 2.4689251491e-03
1.5165750888e+00 1.5645692713e-03 7.1711676886e-04 2.4120217737e-03
1.5198684154e+00 1.5300072206e-03 6.9981511126e-04 2.3601993299e-03
1.5231546212e+00 1.4987590013e-03 6.8426526475e-04 2.3132527379e-03
1.5264337522e+00 1.4806537942e-03 6.9076381588e-04 2.2705437724e-03
1.5297058541e+00 1.4515230643e-03 6.7065031276e-04 2.2323958159e-03
1.5329709717e+00 1.4244034969e-03 6.4588277572e-04 2.2029242181e-03
1.5362291496e+00 1.4256410989e-03 6.5061633656e-04 2.2006658612e-03
1.5394804318e+00 1.3997199093e-03 6.3302439790e-04 2.1664154207e-03
1.5427248621e+00 1.3719694504e-03 5.8717580316e-04 2.1567630977e-03
1.5459624834e+00 1.3903434797e-03 6.1426989483e-04 2.1664170645e-03
1.5491933385e+00 1.3654580442e-03 5.9810666764e-04 2.1328094207e-03
1.5524174696e+00 1.3773222087e-03 5.9638863043e-04 2.1582557869e-03
1.5556349186e+00 1.3708819335e-03 6.2451557013e-04 2.1172482969e-03
1.5588457268e+00 1.3559486844e-03 6.0839355878e-04 2.1035038100e-03
1.5620499352e+00 1.3591506122e-03 5.9939662987e-04 2.1189045946e-03
1.5652475842e+00 1.3914326534e-03 6.2232266998e-04 2.1605426368e-03
1.5684387141e+00 1.3846452593e-03 6.0412344497e-04 2.1651670736e-03
1.5716233646e+00 1.3972916999e-03 6.0724456076e-04 2.1873388391e-03
1.5748015748e+00 1.4226207797e-03 6.2295100397e-04 2.2222905555e-03
1.5779733838e+00 1.4311484036e-03 6.1244866933e-04 2.2498481378e-03
1.5811388301e+00 1.4311671209e-03 6.3430902532e-04 2.2280252165e-03
1.5842979518e+00 1.4651426344e-03 6.4140105080e-04 2.2888842179e-03
1.5874507866e+00 1.4722436251e-03 6.4859321647e-04 2.2958940338e-03
1.5905973721e+00 1.5047397900e-03 6.5628511978e-04 2.3531944601e-03
1.5937377451e+00 1.5479131772e-03 6.4860537567e-04 2.4472209787e-03
1.5968719423e+00 1.5796291910e-03 6.8846711006e-04 2.4707912719e-03
1.6000000000e+00 1.6170602307e-03 6.7505349127e-04 2.5590669701e-03
1.6031219542e+00 1.6491996510e-03 6.9157396841e-04 2.6068253336e-03
1.6062378404e+00 1.6834662421e-03 7.1211050892e-04 2.6548219752e-03
1.6093476939e+00 1.7135074600e-03 7.1888823239e-04 2.7081266876e-03
1.6124515497e+00 1.7625016651e-03 7.4052073264e-04 2.7844825976e-03
1.6155494421e+00 1.8078692307e-03 7.5565656412e-04 2.8600818973e-03
1.6186414056e+00 1.8567652457e-03 7.7408759779e-04 2.9394428936e-03
1.6217274740e+00 1.9036674987e-03 7.8348684412e-04 3.0238481532e-03
1.6248076809e+00 1.9615084586e-03 8.1199791308e-04 3.1110190040e-03
1.6278820596e+00 2.0248467515e-03 8.2974952475e-04 3.2199439782e-03
1.6309506430e+00 2.0543474063e-03 8.1685390408e-04 3.2918409086e-03
1.6340134638e+00 2.1397232396e-03 8.7099808141e-04 3.4084483978e-03
1.6370705544e+00 2.2031479688e-03 8.9245780214e-04 3.5138381354e-03
1.6401219467e+00 2.2705296772e-03 9.1551063350e-04 3.6255487209e-03
1.6431676725e+00 2.3401998279e-03 9.3935112574e-04 3.7410485300e-03
1.6462077633e+00 2.4249918909e-03 9.7518463220e-04 3.8747991496e-03
1.6492422502e+00 2.4962842863e-03 9.9195504896e-04 4.0006135236e-03
1.6522711642e+00 2.5676651205e-03 1.0180717406e-03 4.1172585003e-03
1.6552945357e+00 2.6484683950e-03 1.0456418481e-03 4.2512949420e-03
1.6583123952e+00 2.7323240057e-03 1.0741380654e-03 4.3905099459e-03
1.6613247726e+00 2.8182263436e-03 1.1034165607e-03 4.5330361266e-03
1.6643316977e+00 2.9062040320e-03 1.1338481769e-03 4.6785598872e-03
1.6673332001e+00 3.0139664683e-03 1.1951114061e-03 4.8328215305e-03
1.6703293088e+00 3.1417449988e-03 1.1745017205e-03 5.1089882771e-03
1.6733200531e+00 3.1803482092e-03 1.2210383197e-03 5.1396580987e-03
1.6763054614e+00 3.2765296315e-03 1.2582799925e-03 5.2947792705e-03
1.6792855624e+00 3.4024930356e-03 1.2983367074e-03 5.5066493637e-03
1.6822603841e+00 3.4693571026e-03 1.3219969017e-03 5.6167173036e-03
1.6852299546e+00 3.5781048914e-03 1.3668213742e-03 5.7893884086e-03
1.6881943016e+00 3.6832313826e-03 1.3952380055e-03 5.9712247596e-03
1.6911534525e+00 3.7747592438e-03 1.4310619271e-03 6.1184565606e-03
1.6941074346e+00 3.8856496183e-03 1.4715218366e-03 6.2997774000e-03
1.6970562748e+00 3.9851712098e-03 1.5014799925e-03 6.4688624271e-03
1.7000000000e+00 4.0867246735e-03 1.5357296682e-03 6.6377196788e-03
1.7029386366e+00 4.2013492081e-03 1.5729273780e-03 6.8297710383e-03
1.7058722109e+00 4.2773314257e-03 1.6091523612e-03 6.9455104902e-03
1.7088007491e+00 4.4000030761e-03 1.6448104546e-03 7.1551956975e-03
1.7117242769e+00 4.4989384539e-03 1.6704940212e-03 7.3273828866e-03
1.7146428199e+00 4.5778816212e-03 1.7125355233e-03 7.4432277192e-03
1.7175564037e+00 4.6826070972e-03 1.7442966234e-03 7.6209175710e-03
1.7204650534e+00 4.7743464236e-03 1.7802304558e-03 7.7684623914e-03
1.7233687940e+00 4.8703190196e-03 1.8150786748e-03 7.9255593644e-03
1.7262676502e+00 4.9522033703e-03 1.8389243129e-03 8.0654824278e-03
1.7291616466e+00 5.0484806986e-03 1.8807177507e-03 8.2162436465e-03
1.7320508076e+00 5.1142391945e-03 1.8948580555e-03 8.3336203336e-03
1.7349351573e+00 5.2022830011e-03 1.9465699487e-03 8.4579960534e-03
1.7378147197e+00 5.2815888747e-03 1.9480855075e-03 8.6150922420e-03
1.7406895186e+00 5.3215190172e-03 1.9889693127e-03 8.6540687217e-03
1.7435595774e+00 5.4043362680e-03 2.0085854065e-03 8.8000871295e-03
1.7464249197e+00 5.4636050249e-03 2.0328090941e-03 8.8944009556e-03
1.7492855685e+00 5.5128226999e-03 2.0563675167e-03 8.9692778830e-03
1.7521415468e+00 5.5585390267e-03 2.0687691799e-03 9.0483088736e-03
1.7549928775e+00 5.6005952322e-03 2.0903409542e-03 9.1108495102e-03
1.7578395831e+00 5.6402918104e-03 2.1098642133e-03 9.1707194074e-03
1.7606816862e+00 5.6684780874e-03 2.1208152879e-03 9.2161408869e-03
1.7635192089e+00 5.6929664770e-03 2.1326041829e-03 9.2533287712e-03
1.7663521733e+00 5.7115346067e-03 2.1430009735e-03 9.2800682399e-03
1.7691806013e+00 5.7235826344e-03 2.1507270851e-03 9.2964381837e-03
1.7720045147e+00 5.7293635612e-03 2.1565769964e-03 9.3021501260e-03
1.7748239349e+00 5.7292208703e-03 2.1603933204e-03 9.2980484203e-03
1.7776388835e+00 5.7231347443e-03 2.1621648559e-03 9.2841046326e-03
1.7804493815e+00 5.7110739546e-03 2.1616285262e-03 9.2605193829e-03
1.7832554500e+00 5.6931209811e-03 2.1588699943e-03 9.2273719680e-03
1.7860571099e+00 5.6694357920e-03 2.1539446614e-03 9.1849269227e-03
1.7888543820e+00 5.6402109971e-03 2.1470307919e-03 9.1333912024e-03
1.7916472867e+00 5.6053807636e-03 2.1382386680e-03 9.0725228591e-03
1.7944358445e+00 5.5652467830e-03 2.1274176850e-03 9.0030758809e-03
1.7972200756e+00 5.5200234103e-03 2.1145762941e-03 8.9254705266e-03
1.8000000000e+00 5.4699549963e-03 2.0997436087e-03 8.8401663840e-03
1.8027756377e+00 5.4153145906e-03 2.0830656522e-03 8.7475635290e-03
1.8055470085e+00 5.3563285367e-03 2.0646412441e-03 8.6480158293e-03
1.8083141320e+00 5.2932131456e-03 2.0445136624e-03 8.5419126289e-03
1.8110770276e+00 5.2262400913e-03 2.0227711626e-03 8.4297090200e-03
1.8138357147e+00 5.1557080240e-03 1.9995172591e-03 8.3118987889e-03
1.8165902125e+00 5.0818518562e-03 1.9748174657e-03 8.1888862467e-03
1.8193405399e+00 5.0050145668e-03 1.9487866214e-03 8.0612425122e-03
1.8220867158e+00 4.9254789969e-03 1.9215260425e-03 7.9294319513e-03
1.8248287591e+00 4.8435034780e-03 1.8931091275e-03 7.7938978285e-03
1.8275666882e+00 4.7594369301e-03 1.8636594862e-03 7.6552143741e-03
1.8303005218e+00 4.6735199995e-03 1.8332870100e-03 7.5137529890e-03
1.8330302780e+00 4.5859936306e-03 1.8021057877e-03 7.3698814735e-03
1.8357559751e+00 4.4972417873e-03 1.7702557488e-03 7.2242278258e-03
1.8384776311e+00 4.4074971771e-03 1.7377942888e-03 7.0772000654e-03
1.8411952640e+00 4.3170038872e-03 1.7048036606e-03 6.9292041138e-03
1.8439088915e+00 4.2259414592e-03 1.6713966648e-03 6.7804862536e-03
1.8466185313e+00 4.1345295664e-03 1.6376768557e-03 6.6313822772e-03
1.8493242009e+00 4.0430648352e-03 1.6037897984e-03 6.4823398720e-03
1.8520259177e+00 3.9519025744e-03 1.5697828334e-03 6.3340223154e-03
1.8547236991e+00 3.8612397837e-03 1.5357499076e-03 6.1867296597e-03
1.8574175621e+00 3.7711437503e-03 1.5017999733e-03 6.0404875274e-03
1.8601075238e+00 3.6817770110e-03 1.4680068394e-03 5.8955471826e-03
1.8627936010e+00 3.5933444189e-03 1.4344729675e-03 5.7522158703e-03
1.8654758106e+00 3.5060137962e-03 1.4012231044e-03 5.6108044879e-03
1.8681541692e+00 3.4200249487e-03 1.3682987446e-03 5.4717511527e-03
1.8708286934e+00 3.3354269033e-03 1.3358125071e-03 5.3350412995e-03
1.8734993995e+00 3.2523026833e-03 1.3038111298e-03 5.2007942368e-03
1.8761663039e+00 3.1707891637e-03 1.2723637809e-03 5.0692145465e-03
1.8788294228e+00 3.0910122205e-03 1.2415349017e-03 4.9404895392e-03
1.8814887722e+00 3.0131443990e-03 1.2113152242e-03 4.8149735739e-03
1.8841443681e+00 2.9372444864e-03 1.1817764407e-03 4.6927125321e-03
1.8867962264e+00 2.8633571751e-03 1.1529806151e-03 4.5737337351e-03
1.8894443628e+00 2.7915059870e-03 1.1249219005e-03 4.4580900735e-03
1.8920887928e+00 2.7217487224e-03 1.0976419952e-03 4.3458554497e-03
1.8947295321e+00 2.6541075332e-03 1.0711317820e-03 4.2370832844e-03
1.8973665961e+00 2.5886520271e-03 1.0454093493e-03 4.1318947049e-03
1.9000000000e+00 2.5254107264e-03 1.0205002209e-03 4.0303212320e-03
1.9026297590e+00 2.4644165909e-03 9.9645067131e-04 3.9323825104e-03
1.9052558883e+00 2.4057118918e-03 9.7327704867e-04 3.8381467350e-03
1.9078784028e+00 2.3493274775e-03 9.5097556654e-04 3.7476793885e-03
1.9104973175e+00 2.2952705506e-03 9.2955251160e-04 3.6609885897e-03
1.9131126470e+00 2.2435632979e-03 9.0900673776e-04 3.5781198580e-03
1.9157244061e+00 2.1941663058e-03 8.8931998692e-04 3.4990126248e-03
1.9183326093e+00 2.1470596553e-03 8.7049888857e-04 3.4236204221e-03
1.9209372712e+00 2.1022112229e-03 8.5253229197e-04 3.3518901538e-03
1.9235384062e+00 2.0596365853e-03 8.3540105931e-04 3.2838721113e-03
1.9261360284e+00 2.0193654787e-03 8.1914417931e-04 3.2195867780e-03
1.9287301522e+00 1.9814251211e-03 8.0376686227e-04 3.1590833800e-03
1.9313207916e+00 1.9458543843e-03 7.8928077323e-04 3.1024279955e-03
1.9339079606e+00 1.9126688625e-03 7.7570059490e-04 3.0496371301e-03
1.9364916731e+00 1.8818447172e-03 7.6300079119e-04 3.0006886432e-03
1.9390719430e+00 1.8533393155e-03 7.5113544338e-04 2.9555431876e-03
1.9416487839e+00 1.8271371922e-03 7.4011378538e-04 2.9141605991e-03
1.9442222095e+00 1.8031827751e-03 7.2991447728e-04 2.8764510729e-03
1.9467922334e+00 1.7815491401e-03 7.2053547409e-04 2.8425628061e-03
1.9493588690e+00 1.7623251070e-03 7.1206375013e-04 2.8125864638e-03
1.9519221296e+00 1.7455901990e-03 7.0450345122e-04 2.7866769468e-03
1.9544820286e+00 1.7314895972e-03 6.9792120733e-04 2.7650579870e-03
1.9570385791e+00 1.7200522661e-03 6.9233291274e-04 2.7477716195e-03
1.9595917942e+00 1.7112270218e-03 6.8765959825e-04 2.7347944453e-03
1.9621416870e+00 1.7050237563e-03 6.8392679434e-04 2.7261207182e-03
1.9646882704e+00 1.7014072901e-03 6.8109636873e-04 2.7217182114e-03
1.9672315573e+00 1.7007077625e-03 6.7934139176e-04 2.7220741332e-03
1.9697715604e+00 1.7031741639e-03 6.7876131723e-04 2.7275870107e-03
1.9723082923e+00 1.7091752747e-03 6.7952137451e-04 2.7388291749e-03
1.9748417658e+00 1.7190196824e-03 6.8174388877e-04 2.7562954761e-03
1.9773719933e+00 1.7327145022e-03 6.8536803217e-04 2.7800609723e-03
1.9798989873e+00 1.7501692013e-03 6.9036622801e-04 2.8099721747e-03
1.9824227602e+00 1.7721109754e-03 6.9706765803e-04 2.8471542927e-03
1.9849433241e+00 1.7997401741e-03 7.0600437768e-04 2.8934759705e-03
1.9874606914e+00 1.8344338632e-03 7.1780982693e-04 2.9510578994e-03
1.9899748742e+00 1.8771816984e-03 7.3275565039e-04 3.0216077463e-03
1.9924858845e+00 1.9204499545e-03 7.4741750782e-04 3.0934824011e-03
1.9949937343e+00 1.9947418386e-03 7.7551819521e-04 3.2139654821e-03
1.9974984355e+00 2.0852922931e-03 8.0947567466e-04 3.3611089115e-03
2.0000000000e+00 2.1791375762e-03 8.4441767548e-04 3.5138574770e-03
2.0024984395e+00 2.4317579130e-03 9.4367003484e-04 3.9198457911e-03
2.0049937656e+00 2.6591689196e-03 1.0395303104e-03 4.2788075288e-03
2.0074859900e+00 2.6581201340e-03 1.0300385268e-03 4.2862017412e-03
2.0099751242e+00 2.6083977321e-03 1.0093257245e-03 4.2074697397e-03
2.0124611797e+00 2.6317455509e-03 1.0183453449e-03 4.2451457569e-03
2.0149441680e+00 2.6706060701e-03 1.0331728166e-03 4.3080393237e-03
2.0174241002e+00 2.7477200226e-03 1.0621619480e-03 4.4332780972e-03
2.0199009877e+00 2.8860755866e-03 1.1126577028e-03 4.6594934705e-03
2.0223748416e+00 2.9582881996e-03 1.1386484908e-03 4.7779279084e-03
2.0248456731e+00 3.0059361975e-03 1.1558575041e-03 4.8560148909e-03
2.0273134933e+00 3.0504714086e-03 1.1718296399e-03 4.9291131774e-03
2.0297783130e+00 3.0926508350e-03 1.1868680299e-03 4.9984336400e-03
2.0322401433e+00 3.1332190216e-03 1.2012722687e-03 5.0651657746e-03
2.0346989949e+00 3.1729071138e-03 1.2153372783e-03 5.1304769493e-03
2.0371548787e+00 3.2124324045e-03 1.2293519155e-03 5.1955128936e-03
2.0396078054e+00 3.2469925977e-03 1.2414204004e-03 5.2525647949e-03
2.0420577857e+00 3.2772549958e-03 1.2517966617e-03 5.3027133299e-03
2.0445048300e+00 3.3056079830e-03 1.2614206315e-03 5.3497953344e-03
2.0469489490e+00 3.3322882113e-03 1.2703829185e-03 5.3941935040e-03
2.0493901532e+00 3.3575268943e-03 1.2787718314e-03 5.4362819572e-03
2.0518284529e+00 3.3815495239e-03 1.2866733635e-03 5.4764256844e-03
2.0542638584e+00 3.4045756737e-03 1.2941711985e-03 5.5149801489e-03
2.0566963801e+00 3.4268189022e-03 1.3013467435e-03 5.5522910610e-03
2.0591260282e+00 3.4484867714e-03 1.3082791950e-03 5.5886943477e-03
2.0615528128e+00 3.4696340563e-03 1.3149927611e-03 5.6242753515e-03
2.0639767441e+00 3.4869743556e-03 1.3203063331e-03 5.6536423781e-03
2.0663978320e+00 3.5030051944e-03 1.3251193151e-03 5.6808910737e-03
2.0688160866e+00 3.5177730188e-03 1.3294507035e-03 5.7060953341e-03
2.0712315177e+00 3.5313246288e-03 1.3333194946e-03 5.7293297630e-03
2.0736441353e+00 3.5437070708e-03 1.3367446696e-03 5.7506694720e-03
2.0760539492e+00 3.5549675370e-03 1.3397451799e-03 5.7701898941e-03
2.0784609691e+00 3.5651532707e-03 1.3423399327e-03 5.7879666088e-03
2.0808652047e+00 3.5743114783e-03 1.3445477780e-03 5.8040751785e-03
2.0832666656e+00 3.5824892453e-03 1.3463874956e-03 5.8185909951e-03
2.0856653615e+00 3.5897334593e-03 1.3478777827e-03 5.8315891358e-03
2.0880613018e+00 3.5960907359e-03 1.3490372434e-03 5.8431442284e-03
2.0904544960e+00 3.6016073512e-03 1.3498843774e-03 5.8533303251e-03
2.0928449536e+00 3.6068889736e-03 1.3506598659e-03 5.8631180813e-03
2.0952326840e+00 3.6116085488e-03 1.3512362365e-03 5.8719808611e-03
2.0976176963e+00 3.6155887972e-03 1.3515436825e-03 5.8796339118e-03
2.1000000000e+00 3.6188515821e-03 1.3515910823e-03 5.8861120820e-03
2.1023796042e+00 3.6214192637e-03 1.3513874480e-03 5.8914510793e-03
2.1047565180e+00 3.6233146521e-03 1.3509419167e-03 5.8956873875e-03
2.1071307506e+00 3.6245609643e-03 1.3502637418e-03 5.8988581867e-03
2.1095023110e+00 3.6251817822e-03 1.3493622854e-03 5.9010012789e-03
2.1118712082e+00 3.6252010139e-03 1.3482470107e-03 5.9021550171e-03
2.1142374512e+00 3.6246428570e-03 1.3469274751e-03 5.9023582389e-03
2.1166010489e+00 3.6235317632e-03 1.3454133235e-03 5.9016502029e-03
2.1189620100e+00 3.6218924056e-03 1.3437142824e-03 5.9000705289e-03
2.1213203436e+00 3.6197496476e-03 1.3418401536e-03 5.8976591415e-03
2.1236760582e+00 3.6171285132e-03 1.3398008094e-03 5.8944562169e-03
2.1260291625e+00 3.6140541598e-03 1.3376061869e-03 5.8905021327e-03
2.1283796654e+00 3.6109006742e-03 1.3354035517e-03 5.8863977968e-03
2.1307275753e+00 3.6077620894e-03 1.3332315324e-03 5.8822926464e-03
2.1330729008e+00 3.6042312535e-03 1.3309305851e-03 5.8775319220e-03
2.1354156504e+00 3.6003179618e-03 1.3285046135e-03 5.8721313102e-03
2.1377558326e+00 3.5960324414e-03 1.3259576370e-03 5.8661072458e-03
2.1400934559e+00 3.5913853317e-03 1.3232937863e-03 5.8594768771e-03
2.1424285286e+00 3.5863876654e-03 1.3205172996e-03 5.8522580311e-03
2.1447610590e+00 3.5810508506e-03 1.3176325190e-03 5.8444691821e-03
2.1470910554e+00 3.5753866535e-03 1.3146438870e-03 5.8361294200e-03
2.1494185260e+00 3.5694071820e-03 1.3115559427e-03 5.8272584212e-03
2.1517434791e+00 3.5631248700e-03 1.3083733194e-03 5.8178764206e-03
2.1540659229e+00 3.5565524623e-03 1.3051007404e-03 5.8080041842e-03
2.1563858653e+00 3.5497030004e-03 1.3017430172e-03 5.7976629837e-03
2.1587033145e+00 3.5425898089e-03 1.2983050457e-03 5.7868745721e-03
2.1610182785e+00 3.5352264821e-03 1.2947918044e-03 5.7756611598e-03
2.1633307653e+00 3.5276268718e-03 1.2912083509e-03 5.7640453927e-03
2.1656407828e+00 3.5198050755e-03 1.2875598203e-03 5.7520503306e-03
2.1679483389e+00 3.5117754248e-03 1.2838514225e-03 5.7396994271e-03
2.1702534414e+00 3.5035524751e-03 1.2800884399e-03 5.7270165104e-03
2.1725560982e+00 3.4958440961e-03 1.2765206537e-03 5.7151675384e-03
2.1748563171e+00 3.4881304220e-03 1.2729655557e-03 5.7032952884e-03
2.1771541057e+00 3.4802591672e-03 1.2693696542e-03 5.6911486801e-03
2.1794494718e+00 3.4722336641e-03 1.2657342463e-03 5.6787330820e-03
2.1817424229e+00 3.4640575072e-03 1.2620606985e-03 5.6660543160e-03
2.1840329668e+00 3.4557345454e-03 1.2583504449e-03 5.6531186460e-03
2.1863211109e+00 3.4472688760e-03 1.2546049860e-03 5.6399327660e-03
2.1886068628e+00 3.4386648379e-03 1.2508258870e-03 5.6265037889e-03
2.1908902300e+00 3.4299270056e-03 1.2470147759e-03 5.6128392354e-03
2.1931712199e+00 3.4210601832e-03 1.2431733426e-03 5.5989470238e-03
2.1954498400e+00 3.4120693984e-03 1.2393033371e-03 5.5848354597e-03
2.1977260976e+00 3.4029598971e-03 1.2354065683e-03 5.5705132259e-03
2.2000000000e+00 3.3937371377e-03 1.2314849024e-03 5.5559893730e-03
2.2022715546e+00 3.3844067860e-03 1.2275402620e-03 5.5412733100e-03
2.2045407685e+00 3.3749747100e-03 1.2235746245e-03 5.5263747954e-03
2.2068076491e+00 3.3654469749e-03 1.2195900210e-03 5.5113039288e-03
2.2090722034e+00 3.3558298386e-03 1.2155885350e-03 5.4960711421e-03
2.2113344387e+00 3.3461297466e-03 1.2115723015e-03 5.4806871916e-03
2.2135943621e+00 3.3363533279e-03 1.2075435056e-03 5.4651631502e-03
2.2158519806e+00 3.3265073907e-03 1.2035043814e-03 5.4495103999e-03
2.2181073013e+00 3.3165989178e-03 1.1994572112e-03 5.4337406244e-03
2.2203603311e+00 3.3066350631e-03 1.1954043242e-03 5.4178658020e-03
2.2226110771e+00 3.2968645457e-03 1.1914251368e-03 5.4023039547e-03
2.2248595461e+00 3.2875419340e-03 1.1876010241e-03 5.3874828439e-03
2.2271057451e+00 3.2781888400e-03 1.1837793886e-03 5.3725982913e-03
2.2293496810e+00 3.2688058507e-03 1.1799604367e-03 5.3576512647e-03
2.2315913604e+00 3.2593936834e-03 1.1761444064e-03 5.3426429605e-03
2.2338307904e+00 3.2499531831e-03 1.1723315665e-03 5.3275747998e-03
2.2360679775e+00 3.2404853207e-03 1.1685222165e-03 5.3124484250e-03
2.2383029286e+00 3.2309911910e-03 1.1647166856e-03 5.2972656964e-03
2.2405356502e+00 3.2214720108e-03 1.1609153326e-03 5.2820286890e-03
2.2427661492e+00 3.2119291167e-03 1.1571185450e-03 5.2667396884e-03
2.2449944321e+00 3.2023639635e-03 1.1533267387e-03 5.2514011883e-03
2.2472205054e+00 3.1927781219e-03 1.1495403574e-03 5.2360158864e-03
2.2494443758e+00 3.1831732770e-03 1.1457598724e-03 5.2205866817e-03
2.2516660498e+00 3.1735512263e-03 1.1419857816e-03 5.2051166711e-03
2.2538855339e+00 3.1639138778e-03 1.1382186095e-03 5.1896091461e-03
2.2561028345e+00 3.1542632482e-03 1.1344589065e-03 5.1740675899e-03
2.2583179581e+00 3.1446014613e-03 1.1307072487e-03 5.1584956739e-03
2.2605309111e+00 3.1349307461e-03 1.1269642370e-03 5.1428972553e-03
2.2627416998e+00 3.1252534352e-03 1.1232304970e-03 5.1272763735e-03
2.2649503306e+00 3.1155719631e-03 1.1195066786e-03 5.1116372476e-03
2.2671568098e+00 3.1058888643e-03 1.1157934552e-03 5.0959842733e-03
2.2693611436e+00 3.0962067720e-03 1.1120915240e-03 5.0803220201e-03
2.2715633383e+00 3.0865284165e-03 1.1084016047e-03 5.0646552284e-03
2.2737634002e+00 3.0768566233e-03 1.1047244397e-03 5.0489888069e-03
2.2759613353e+00 3.0671943119e-03 1.1010607937e-03 5.0333278301e-03
2.2781571500e+00 3.0575444941e-03 1.0974114530e-03 5.0176775352e-03
2.2803508502e+00 3.0479102725e-03 1.0937772252e-03 5.0020433197e-03
2.2825424421e+00 3.0384984975e-03 1.0902145270e-03 4.9867824680e-03
2.2847319318e+00 3.0294483493e-03 1.0867612648e-03 4.9721354337e-03
2.2869193252e+00 3.0204275688e-03 1.0833266857e-03 4.9575284519e-03
2.2891046285e+00 3.0114358441e-03 1.0799106547e-03 4.9429610335e-03
2.2912878475e+00 3.0024729142e-03 1.0765130482e-03 4.9284327802e-03
2.2934689882e+00 2.9935385686e-03 1.0731337534e-03 4.9139433838e-03
2.2956480566e+00 2.9846326471e-03 1.0697726689e-03 4.8994926254e-03
2.2978250586e+00 2.9757550389e-03 1.0664297035e-03 4.8850803742e-03
2.3000000000e+00 2.9669056820e-03 1.0631047772e-03 4.8707065868e-03
2.3021728866e+00 2.9580845632e-03 1.0597978200e-03 4.8563713064e-03
2.3043437244e+00 2.9492917172e-03 1.0565087725e-03 4.8420746619e-03
2.3065125189e+00 2.9405272261e-03 1.0532375855e-03 4.8278168667e-03
2.3086792761e+00 2.9317912189e-03 1.0499842197e-03 4.8135982181e-03
2.3108440017e+00 2.9230838710e-03 1.0467486458e-03 4.7994190963e-03
2.3130067012e+00 2.9144054037e-03 1.0435308441e-03 4.7852799632e-03
2.3151673806e+00 2.9057560832e-03 1.0403308048e-03 4.7711813617e-03
2.3173260453e+00 2.8971362209e-03 1.0371485273e-03 4.7571239145e-03
2.3194827009e+00 2.8885461720e-03 1.0339840205e-03 4.7431083235e-03
2.3216373532e+00 2.8799863354e-03 1.0308373022e-03 4.7291353685e-03
2.3237900077e+00 2.8714571530e-03 1.0277083997e-03 4.7152059063e-03
2.3259406699e+00 2.8629591092e-03 1.0245973489e-03 4.7013208695e-03
2.3280893454e+00 2.8544927304e-03 1.0215041947e-03 4.6874812662e-03
2.3302360395e+00 2.8460585842e-03 1.0184289904e-03 4.6736881780e-03
2.3323807579e+00 2.8376572789e-03 1.0153717981e-03 4.6599427598e-03
2.3345235060e+00 2.8292894633e-03 1.0123326881e-03 4.6462462385e-03
2.3366642891e+00 2.8209558256e-03 1.0093117392e-03 4.6325999120e-03
2.3388031127e+00 2.8126570932e-03 1.0063090381e-03 4.6190051483e-03
2.3409399821e+00 2.8043940321e-03 1.0033246798e-03 4.6054633843e-03
2.3430749028e+00 2.7961674461e-03 1.0003587671e-03 4.5919761250e-03
2.3452078799e+00 2.7879781766e-03 9.9741141065e-04 4.5785449425e-03
2.3473389189e+00 2.7798271018e-03 9.9448272867e-04 4.5651714750e-03
2.3494680249e+00 2.7717151364e-03 9.9157284710e-04 4.5518574256e-03
2.3515952033e+00 2.7636865163e-03 9.8869147379e-04 4.5386815588e-03
2.3537204592e+00 2.7559568904e-03 9.8588623788e-04 4.5260275429e-03
2.3558437979e+00 2.7482726677e-03 9.8310097529e-04 4.5134443601e-03
2.3579652245e+00 2.7406334355e-03 9.8033551790e-04 4.5009313531e-03
2.3600847442e+00 2.7330387968e-03 9.7758970054e-04 4.4884878931e-03
2.3622023622e+00 2.7254883703e-03 9.7486336094e-04 4.4761133796e-03
2.3643180835e+00 2.7179817899e-03 9.7215633975e-04 4.4638072400e-03
2.3664319132e+00 2.7105187050e-03 9.6946848044e-04 4.4515689296e-03
2.3685438565e+00 2.7030987803e-03 9.6679962934e-04 4.4393979312e-03
2.3706539182e+00 2.6957216954e-03 9.6414963556e-04 4.4272937552e-03
2.3727621035e+00 2.6883871451e-03 9.6151835102e-04 4.4152559392e-03
2.3748684174e+00 2.6810948389e-03 9.5890563034e-04 4.4032840475e-03
2.3769728648e+00 2.6738445012e-03 9.5631133089e-04 4.3913776715e-03
2.3790754507e+00 2.6666358708e-03 9.5373531271e-04 4.3795364289e-03
2.3811761800e+00 2.6594687011e-03 9.5117743850e-04 4.3677599637e-03
2.3832750576e+00 2.6523427597e-03 9.4863757361e-04 4.3560479458e-03
2.3853720884e+00 2.6452578283e-03 9.4611558595e-04 4.3444000707e-03
2.3874672773e+00 2.6382137028e-03 9.4361134604e-04 4.3328160596e-03
2.3895606291e+00 2.6312101928e-03 9.4112472692e-04 4.3212956587e-03
2.3916521486e+00 2.6242471215e-03 9.3865560416e-04 4.3098386388e-03
2.3937418407e+00 2.6173243257e-03 9.3620385580e-04 4.2984447956e-03
2.3958297101e+00 2.6104416556e-03 9.3376936234e-04 4.2871139488e-03
2.3979157617e+00 2.6035989744e-03 9.3135200673e-04 4.2758459422e-03
2.4000000000e+00 2.5967961586e-03 9.2895167428e-04 4.2646406429e-03
2.4020824299e+00 2.5900330971e-03 9.2656825272e-04 4.2534979415e-03
2.4041630560e+00 2.5833096918e-03 9.2420163209e-04 4.2424177515e-03
2.4062418831e+00 2.5766258569e-03 9.2185170476e-04 4.2314000091e-03
2.4083189158e+00 2.5699815190e-03 9.1951836539e-04 4.2204446727e-03
2.4103941586e+00 2.5633766167e-03 9.1720151090e-04 4.2095517225e-03
2.4124676164e+00 2.5568111005e-03 9.1490104046e-04 4.1987211605e-03
2.4145392935e+00 2.5502849326e-03 9.1261685542e-04 4.1879530098e-03
2.4166091947e+00 2.5437980870e-03 9.1034885935e-04 4.1772473147e-03
2.4186773245e+00 2.5373505488e-03 9.0809695795e-04 4.1666041397e-03
2.4207436874e+00 2.5309423143e-03 9.0586105906e-04 4.1560235696e-03
2.4228082879e+00 2.5245733909e-03 9.0364107263e-04 4.1455057092e-03
2.4248711306e+00 2.5182437967e-03 9.0143691069e-04 4.1350506827e-03
2.4269322199e+00 2.5119535603e-03 8.9924848734e-04 4.1246586333e-03
2.4289915603e+00 2.5057027210e-03 8.9707571868e-04 4.1143297234e-03
2.4310491562e+00 2.4994913281e-03 8.9491852286e-04 4.1040641334e-03
2.4331050121e+00 2.4933855331e-03 8.9278422963e-04 4.0939868366e-03
2.4351591324e+00 2.4873661445e-03 8.9067069933e-04 4.0840615896e-03
2.4372115214e+00 2.4813877579e-03 8.8857278217e-04 4.0742027337e-03
2.4392621835e+00 2.4754500734e-03 8.8649036027e-04 4.0644097866e-03
2.4413111231e+00 2.4695527940e-03 8.8442331610e-04 4.0546822718e-03
2.4433583446e+00 2.4636956254e-03 8.8237153252e-04 4.0450197184e-03
2.4454038521e+00 2.4578782768e-03 8.8033489275e-04 4.0354216609e-03
2.4474476501e+00 2.4521004600e-03 8.7831328039e-04 4.0258876395e-03
2.4494897428e+00 2.4463618897e-03 8.7630657942e-04 4.0164171999e-03
