0.0000000000e+00 1.0233293035e-04 9.7820432659e-05 1.0684542804e-04
1.0000000000e-01 1.2130524259e-04 1.1666899405e-04 1.2594149113e-04
1.4142135624e-01 1.4154332809e-04 1.3671743424e-04 1.4636922194e-04
1.7320508076e-01 1.6327963518e-04 1.5819001422e-04 1.6836925613e-04
2.0000000000e-01 1.8684420399e-04 1.8140736596e-04 1.9228104203e-04
2.2360679775e-01 2.1274717294e-04 2.0686695167e-04 2.1862739420e-04
2.4494897428e-01 2.4189859988e-04 2.3545760496e-04 2.4833959481e-04
2.6457513111e-01 2.7649511914e-04 2.6932604667e-04 2.8366419161e-04
2.8284271247e-01 3.1758552914e-04 3.1026036965e-04 3.2491068863e-04
3.0000000000e-01 3.5347392167e-04 3.4520130756e-04 3.6174653579e-04
3.1622776602e-01 3.8745119258e-04 3.7831111039e-04 3.9659127476e-04
3.3166247904e-01 4.2240791228e-04 4.1227337299e-04 4.3254245157e-04
3.4641016151e-01 4.5764417782e-04 4.4645909187e-04 4.6882926378e-04
3.6055512755e-01 4.9324327542e-04 4.8094952162e-04 5.0553702921e-04
3.7416573868e-01 5.2898743734e-04 5.1553193806e-04 5.4244293663e-04
3.8729833462e-01 5.6477501186e-04 5.5010657938e-04 5.7944344434e-04
4.0000000000e-01 6.0048435916e-04 5.8455388762e-04 6.1641483069e-04
4.1231056256e-01 6.3601193037e-04 6.1877223941e-04 6.5325162134e-04
4.2426406871e-01 6.7119390873e-04 6.5260131291e-04 6.8978650454e-04
4.3588989435e-01 7.0598331050e-04 6.8599428454e-04 7.2597233645e-04
4.4721359550e-01 7.4028883024e-04 7.1886136776e-04 7.6171629272e-04
4.5825756950e-01 7.7404084460e-04 7.5113377850e-04 7.9694791070e-04
4.6904157598e-01 8.0721473152e-04 7.8278645992e-04 8.3164300313e-04
4.7958315233e-01 8.3971162324e-04 8.1372294585e-04 8.6570030064e-04
4.8989794856e-01 8.7154886632e-04 8.4395847416e-04 8.9913925848e-04
5.0000000000e-01 9.0271803557e-04 8.7348381732e-04 9.3195225382e-04
5.0990195136e-01 9.3318847726e-04 9.0226888207e-04 9.6410807244e-04
5.1961524227e-01 9.6298757406e-04 9.3033814635e-04 9.9563700178e-04
5.2915026221e-01 9.9212547392e-04 9.5770049770e-04 1.0265504501e-03
5.3851648071e-01 1.0206104231e-03 9.8436345044e-04 1.0568573958e-03
5.4772255751e-01 1.0484740285e-03 1.0103551169e-03 1.0865929401e-03
5.5677643628e-01 1.0757523468e-03 1.0357092175e-03 1.1157954762e-03
5.6568542495e-01 1.1024912974e-03 1.0604697066e-03 1.1445128881e-03
5.7445626465e-01 1.1287071815e-03 1.0846491666e-03 1.1727651965e-03
5.8309518948e-01 1.1544413392e-03 1.1082856884e-03 1.2005969900e-03
5.9160797831e-01 1.1797607149e-03 1.1314431476e-03 1.2280782823e-03
6.0000000000e-01 1.2046754371e-03 1.1541277253e-03 1.2552231489e-03
6.0827625303e-01 1.2292283377e-03 1.1763783108e-03 1.2820783646e-03
6.1644140030e-01 1.2535023285e-03 1.1982739955e-03 1.3087306616e-03
6.2449979984e-01 1.2775042415e-03 1.2198169580e-03 1.3351915250e-03
6.3245553203e-01 1.3012707726e-03 1.2410390466e-03 1.3615024987e-03
6.4031242374e-01 1.3248716070e-03 1.2620046598e-03 1.3877385542e-03
6.4807406984e-01 1.3483314010e-03 1.2827333678e-03 1.4139294342e-03
6.5574385243e-01 1.3716804603e-03 1.3032500270e-03 1.4401108936e-03
6.6332495807e-01 1.3949809681e-03 1.3236113198e-03 1.4663506163e-03
6.7082039325e-01 1.4182696238e-03 1.3438475776e-03 1.4926916700e-03
6.7823299831e-01 1.4415701275e-03 1.3639753050e-03 1.5191649500e-03
6.8556546004e-01 1.4649326749e-03 1.3840372024e-03 1.5458281473e-03
6.9282032303e-01 1.4883994066e-03 1.4040676899e-03 1.5727311233e-03
7.0000000000e-01 1.5119982127e-03 1.4240867172e-03 1.5999097082e-03
7.0710678119e-01 1.5357784556e-03 1.4441357042e-03 1.6274212070e-03
7.1414284285e-01 1.5597847671e-03 1.4642501405e-03 1.6553193938e-03
7.2111025509e-01 1.5840477317e-03 1.4844492788e-03 1.6836461846e-03
7.2801098893e-01 1.6086111476e-03 1.5047658399e-03 1.7124564554e-03
7.3484692283e-01 1.6335203247e-03 1.5252331986e-03 1.7418074508e-03
7.4161984871e-01 1.6588228376e-03 1.5458860782e-03 1.7717595969e-03
7.4833147735e-01 1.6845766788e-03 1.5667714150e-03 1.8023819427e-03
7.5498344353e-01 1.7108288987e-03 1.5879184300e-03 1.8337393674e-03
7.6157731059e-01 1.7376277686e-03 1.6093560784e-03 1.8658994587e-03
7.6811457479e-01 1.7650240106e-03 1.6311150273e-03 1.8989329938e-03
7.7459666924e-01 1.7930892294e-03 1.6532507727e-03 1.9329276862e-03
7.8102496759e-01 1.8218918080e-03 1.6758184091e-03 1.9679652069e-03
7.8740078740e-01 1.8515094278e-03 1.6988638628e-03 2.0041549927e-03
7.9372539332e-01 1.8820110586e-03 1.7224194155e-03 2.0416027016e-03
8.0000000000e-01 1.9135020795e-03 1.7465632770e-03 2.0804408820e-03
8.0622577483e-01 1.9461140292e-03 1.7714100589e-03 2.1208179995e-03
8.1240384046e-01 1.9799559494e-03 1.7970147931e-03 2.1628971056e-03
8.1853527719e-01 2.0151259326e-03 1.8234088557e-03 2.2068430095e-03
8.2462112512e-01 2.0520909703e-03 1.8511336962e-03 2.2530482443e-03
8.3066238629e-01 2.0900467425e-03 1.8788999030e-03 2.3011935820e-03
8.3666002653e-01 2.1319621385e-03 1.9106789673e-03 2.3532453098e-03
8.4261497732e-01 2.1739931693e-03 1.9408740165e-03 2.4071123222e-03
8.4852813742e-01 2.2200580736e-03 1.9745582571e-03 2.4655578901e-03
8.5440037453e-01 2.2703668087e-03 2.0113255616e-03 2.5294080558e-03
8.6023252670e-01 2.3249740871e-03 2.0511920382e-03 2.5987561361e-03
8.6602540378e-01 2.3830738465e-03 2.0932801724e-03 2.6728675206e-03
8.7177978871e-01 2.4447993613e-03 2.1376584076e-03 2.7519403150e-03
8.7749643874e-01 2.5099991517e-03 2.1840382139e-03 2.8359600896e-03
8.8317608663e-01 2.5787592798e-03 2.2323824714e-03 2.9251360882e-03
8.8881944173e-01 2.6511645040e-03 2.2826288077e-03 3.0197002002e-03
8.9442719100e-01 2.7272134051e-03 2.3345836581e-03 3.1198431522e-03
9.0000000000e-01 2.8070666360e-03 2.3882292628e-03 3.2259040092e-03
9.0553851381e-01 2.8907447907e-03 2.4433608232e-03 3.3381287582e-03
9.1104335791e-01 2.9782813937e-03 2.4997459052e-03 3.4568168823e-03
9.1651513899e-01 3.0698118410e-03 2.5572463097e-03 3.5823773723e-03
9.2195444573e-01 3.1652118361e-03 2.6154166356e-03 3.7150070366e-03
9.2736184955e-01 3.2644121007e-03 2.6738025731e-03 3.8550216284e-03
9.3273790531e-01 3.3674078647e-03 2.7319788497e-03 4.0028368797e-03
9.3808315196e-01 3.4736539593e-03 2.7889453851e-03 4.1583625334e-03
9.4339811321e-01 3.5825524263e-03 2.8435683394e-03 4.3215365133e-03
9.4868329805e-01 3.6936717683e-03 2.8947412084e-03 4.4926023283e-03
9.5393920142e-01 3.8051078260e-03 2.9399433803e-03 4.6702722718e-03
9.5916630466e-01 3.9144084517e-03 2.9760650648e-03 4.8527518386e-03
9.6436507610e-01 4.0175814309e-03 2.9984780864e-03 5.0366847754e-03
9.6953597148e-01 4.1078710930e-03 2.9997732418e-03 5.2159689441e-03
9.7467943448e-01 4.1725784166e-03 2.9674987565e-03 5.3776580768e-03
9.7979589711e-01 4.1844531942e-03 2.8764283129e-03 5.4924780756e-03
9.8488578018e-01 4.0788998959e-03 2.6702693353e-03 5.4875304565e-03
9.8994949366e-01 3.6669566479e-03 2.2235539396e-03 5.1103593563e-03
9.9498743711e-01 1.9228014098e-03 1.3889284781e-03 2.4566743415e-03
1.0000000000e+00 2.4782109084e-03 1.5568863968e-03 3.3995354199e-03
1.0049875621e+00 2.1280922941e-03 1.3189023236e-03 2.9372822645e-03
1.0099504938e+00 1.9520393858e-03 1.2220034130e-03 2.6820753586e-03
1.0148891565e+00 1.7917169644e-03 1.0984766266e-03 2.4849573022e-03
1.0198039027e+00 1.6384525276e-03 9.8580348969e-04 2.2911015655e-03
1.0246950766e+00 1.4991198096e-03 8.8840292832e-04 2.1098366909e-03
1.0295630141e+00 1.3754304857e-03 8.0257972891e-04 1.9482812424e-03
1.0344080433e+00 1.2678704040e-03 7.2790334545e-04 1.8078374626e-03
1.0392304845e+00 1.1709654954e-03 6.6313676675e-04 1.6787942240e-03
1.0440306509e+00 1.0807444622e-03 6.0725914978e-04 1.5542297746e-03
1.0488088482e+00 9.9958404043e-04 5.6100476157e-04 1.4381633193e-03
1.0535653753e+00 9.2944258507e-04 5.2439991978e-04 1.3344852504e-03
1.0583005244e+00 8.7141239578e-04 4.9679246177e-04 1.2460323298e-03
1.0630145813e+00 8.2353140432e-04 4.7712704645e-04 1.1699357622e-03
1.0677078252e+00 7.8465422848e-04 4.6510021733e-04 1.1042082396e-03
1.0723805295e+00 7.5351576467e-04 4.5980181750e-04 1.0472297118e-03
1.0770329614e+00 7.3062619646e-04 4.6081697672e-04 1.0004354162e-03
1.0816653826e+00 7.1623903063e-04 4.6669679778e-04 9.6578126348e-04
1.0862780491e+00 7.0983863646e-04 4.7605491755e-04 9.4362235538e-04
1.0908712115e+00 7.1049013545e-04 4.8737012029e-04 9.3361015061e-04
1.0954451150e+00 7.1650942569e-04 4.9951698219e-04 9.3350186920e-04
1.1000000000e+00 7.2689808635e-04 5.1235480814e-04 9.4144136455e-04
1.1045361017e+00 7.4065235568e-04 5.2561961951e-04 9.5568509185e-04
1.1090536506e+00 7.5712094716e-04 5.3933158518e-04 9.7491030914e-04
1.1135528726e+00 7.7600508172e-04 5.5376894788e-04 9.9824121556e-04
1.1180339887e+00 7.9694761048e-04 5.6885039287e-04 1.0250448281e-03
1.1224972160e+00 8.1937541677e-04 5.8407327410e-04 1.0546775594e-03
1.1269427670e+00 8.4314329690e-04 5.9977093494e-04 1.0865156589e-03
1.1313708499e+00 8.6833219198e-04 6.1651259596e-04 1.1201517880e-03
1.1357816692e+00 8.9515447128e-04 6.3491349642e-04 1.1553954461e-03
1.1401754251e+00 9.2394225015e-04 6.5568845804e-04 1.1921960423e-03
1.1445523142e+00 9.5461314439e-04 6.7886480828e-04 1.2303614805e-03
1.1489125293e+00 9.8692102574e-04 7.0418095505e-04 1.2696610964e-03
1.1532562595e+00 1.0204268550e-03 7.3113161757e-04 1.3097220924e-03
1.1575836903e+00 1.0546394154e-03 7.5917267229e-04 1.3501061584e-03
1.1618950039e+00 1.0893390767e-03 7.8806679051e-04 1.3906113629e-03
1.1661903790e+00 1.1244969302e-03 8.1784238963e-04 1.4311514707e-03
1.1704699911e+00 1.1601572595e-03 8.4860990395e-04 1.4717046151e-03
1.1747340124e+00 1.1965117188e-03 8.8060203921e-04 1.5124213984e-03
1.1789826123e+00 1.2336363651e-03 9.1392665075e-04 1.5533460794e-03
1.1832159566e+00 1.2713830395e-03 9.4834227811e-04 1.5944238009e-03
1.1874342087e+00 1.3095887377e-03 9.8360735206e-04 1.6355701234e-03
1.1916375288e+00 1.3479853737e-03 1.0193482593e-03 1.6766224881e-03
1.1958260743e+00 1.3863434207e-03 1.0552696270e-03 1.7174172144e-03
1.2000000000e+00 1.4246093300e-03 1.0912941423e-03 1.7579245178e-03
1.2041594579e+00 1.4628306164e-03 1.1274903243e-03 1.7981709085e-03
1.2083045974e+00 1.5010737064e-03 1.1639562122e-03 1.8381912006e-03
1.2124355653e+00 1.5394806519e-03 1.2008468986e-03 1.8781144051e-03
1.2165525061e+00 1.5780487465e-03 1.2381548270e-03 1.9179426661e-03
1.2206555616e+00 1.6166688234e-03 1.2756948181e-03 1.9576428287e-03
1.2247448714e+00 1.6552235446e-03 1.3132781369e-03 1.9971689523e-03
1.2288205727e+00 1.6935449691e-03 1.3506736049e-03 2.0364163333e-03
1.2328828006e+00 1.7315352107e-03 1.3877218947e-03 2.0753485266e-03
1.2369316877e+00 1.7692069153e-03 1.4244660143e-03 2.1139478164e-03
1.2409673646e+00 1.8066245860e-03 1.4610033798e-03 2.1522457922e-03
1.2449899598e+00 1.8438430893e-03 1.4974079291e-03 2.1902782496e-03
1.2489995997e+00 1.8809198830e-03 1.5337895124e-03 2.2280502537e-03
1.2529964086e+00 1.9177913313e-03 1.5700325123e-03 2.2655501503e-03
1.2569805090e+00 1.9543470155e-03 1.6059558242e-03 2.3027382069e-03
1.2609520213e+00 1.9904907064e-03 1.6414200686e-03 2.3395613442e-03
1.2649110641e+00 2.0261515077e-03 1.6762784285e-03 2.3760245870e-03
1.2688577540e+00 2.0613644234e-03 1.7106136875e-03 2.4121151593e-03
1.2727922061e+00 2.0961801665e-03 1.7445117718e-03 2.4478485613e-03
1.2767145335e+00 2.1306426498e-03 1.7780726820e-03 2.4832126175e-03
1.2806248475e+00 2.1646998201e-03 1.8112646393e-03 2.5181350009e-03
1.2845232579e+00 2.1982871931e-03 1.8439534537e-03 2.5526209326e-03
1.2884098727e+00 2.2312756827e-03 1.8759225409e-03 2.5866288245e-03
1.2922847983e+00 2.2637093898e-03 1.9071732187e-03 2.6202455610e-03
1.2961481397e+00 2.2956271892e-03 1.9377970075e-03 2.6534573708e-03
1.3000000000e+00 2.3270639581e-03 1.9678801701e-03 2.6862477460e-03
1.3038404810e+00 2.3579748521e-03 1.9974076367e-03 2.7185420674e-03
1.3076696831e+00 2.3885390616e-03 2.0268012788e-03 2.7502768443e-03
1.3114877049e+00 2.4179334920e-03 2.0545388442e-03 2.7813281397e-03
1.3152946438e+00 2.4455666574e-03 2.0810890186e-03 2.8100442963e-03
1.3190905958e+00 2.4756374594e-03 2.1060243865e-03 2.8452505322e-03
1.3228756555e+00 2.5050691732e-03 2.1383703788e-03 2.8717679677e-03
1.3266499161e+00 2.5293022037e-03 2.1557111667e-03 2.9028932407e-03
1.3304134696e+00 2.5567125141e-03 2.1866863422e-03 2.9267386860e-03
1.3341664064e+00 2.5807024355e-03 2.1996805188e-03 2.9617243521e-03
1.3379088160e+00 2.6056350788e-03 2.2253434621e-03 2.9859266955e-03
1.3416407865e+00 2.6317943646e-03 2.2543174761e-03 3.0092712532e-03
1.3453624047e+00 2.6507232955e-03 2.2623593134e-03 3.0390872776e-03
1.3490737563e+00 2.6755033128e-03 2.2838863188e-03 3.0671203068e-03
1.3527749258e+00 2.7073276502e-03 2.3159340925e-03 3.0987212079e-03
1.3564659966e+00 2.7211514319e-03 2.3345504784e-03 3.1077523854e-03
1.3601470509e+00 2.7380978392e-03 2.3416628607e-03 3.1345328177e-03
1.3638181697e+00 2.7557463311e-03 2.3526482023e-03 3.1588444599e-03
1.3674794331e+00 2.7875310470e-03 2.3892958941e-03 3.1857661999e-03
1.3711309201e+00 2.7992558544e-03 2.3973732922e-03 3.2011384165e-03
1.3747727085e+00 2.8129626740e-03 2.4048941437e-03 3.2210312044e-03
1.3784048752e+00 2.8317010967e-03 2.4220415389e-03 3.2413606544e-03
1.3820274961e+00 2.8471027870e-03 2.4343230145e-03 3.2598825594e-03
1.3856406461e+00 2.8611996926e-03 2.4443006160e-03 3.2780987692e-03
1.3892443989e+00 2.8746264355e-03 2.4546402310e-03 3.2946126401e-03
1.3928388277e+00 2.8870293541e-03 2.4638443864e-03 3.3102143218e-03
1.3964240044e+00 2.8982677137e-03 2.4720677475e-03 3.3244676798e-03
1.4000000000e+00 2.9082271700e-03 2.4790802665e-03 3.3373740736e-03
1.4035668848e+00 2.9169794296e-03 2.4849393326e-03 3.3490195266e-03
1.4071247279e+00 2.9244562735e-03 2.4896856399e-03 3.3592269071e-03
1.4106735980e+00 2.9303822050e-03 2.4931788354e-03 3.3675855747e-03
1.4142135624e+00 2.9344208123e-03 2.4951510347e-03 3.3736905898e-03
1.4177446879e+00 2.9362256752e-03 2.4952746453e-03 3.3771767052e-03
1.4212670404e+00 2.9354197312e-03 2.4930974996e-03 3.3777419628e-03
1.4247806849e+00 2.9319322218e-03 2.4884016172e-03 3.3754628264e-03
1.4282856857e+00 2.9259331294e-03 2.4813860540e-03 3.3704802048e-03
1.4317821063e+00 2.9176719298e-03 2.4722579116e-03 3.3630859480e-03
1.4352700094e+00 2.9075108936e-03 2.4613045710e-03 3.3537172162e-03
1.4387494570e+00 2.8958095675e-03 2.4488200342e-03 3.3427991008e-03
1.4422205102e+00 2.8827705516e-03 2.4350119551e-03 3.3305291481e-03
1.4456832295e+00 2.8685926060e-03 2.4200436964e-03 3.3171415155e-03
1.4491376746e+00 2.8534333247e-03 2.4041903897e-03 3.3026762597e-03
1.4525839046e+00 2.8374727779e-03 2.3877414436e-03 3.2872041123e-03
1.4560219779e+00 2.8209052571e-03 2.3709860701e-03 3.2708244441e-03
1.4594519519e+00 2.8038232237e-03 2.3540177932e-03 3.2536286543e-03
1.4628738838e+00 2.7863439535e-03 2.3371235314e-03 3.2355643755e-03
1.4662878299e+00 2.7687620888e-03 2.3208256411e-03 3.2166985364e-03
1.4696938457e+00 2.7513943912e-03 2.3056933169e-03 3.1970954656e-03
1.4730919863e+00 2.7345631445e-03 2.2921770199e-03 3.1769492691e-03
1.4764823060e+00 2.7183654851e-03 2.2803427624e-03 3.1563882079e-03
1.4798648587e+00 2.7030027843e-03 2.2704095547e-03 3.1355960138e-03
1.4832396974e+00 2.6885146377e-03 2.2624704585e-03 3.1145588168e-03
1.4866068747e+00 2.6747885297e-03 2.2563141722e-03 3.0932628872e-03
1.4899664426e+00 2.6617674205e-03 2.2517350585e-03 3.0717997825e-03
1.4933184523e+00 2.6493032115e-03 2.2483182004e-03 3.0502882225e-03
1.4966629547e+00 2.6373485317e-03 2.2458038819e-03 3.0288931815e-03
1.5000000000e+00 2.6258413756e-03 2.2440385948e-03 3.0076441563e-03
1.5033296378e+00 2.6146588563e-03 2.2428186186e-03 2.9864990939e-03
1.5066519173e+00 2.6037070944e-03 2.2419746925e-03 2.9654394964e-03
1.5099668871e+00 2.5929298090e-03 2.2413886829e-03 2.9444709352e-03
1.5132745950e+00 2.5823129689e-03 2.2410200993e-03 2.9236058385e-03
1.5165750888e+00 2.5718601139e-03 2.2408037201e-03 2.9029165076e-03
1.5198684154e+00 2.5613322297e-03 2.2403943412e-03 2.8822701182e-03
1.5231546212e+00 2.5509657013e-03 2.2400786840e-03 2.8618527186e-03
1.5264337522e+00 2.5411052458e-03 2.2399647896e-03 2.8422457021e-03
1.5297058541e+00 2.5305991772e-03 2.2393580181e-03 2.8218403363e-03
1.5329709717e+00 2.5207554595e-03 2.2394039839e-03 2.8021069352e-03
1.5362291496e+00 2.5104731513e-03 2.2387207985e-03 2.7822255042e-03
1.5394804318e+00 2.5007042002e-03 2.2383765991e-03 2.7630318014e-03
1.5427248621e+00 2.4912441372e-03 2.2377071795e-03 2.7447810949e-03
1.5459624834e+00 2.4810211381e-03 2.2369741065e-03 2.7250681698e-03
1.5491933385e+00 2.4717220674e-03 2.2367822325e-03 2.7066619022e-03
1.5524174696e+00 2.4621420957e-03 2.2356106540e-03 2.6886735375e-03
1.5556349186e+00 2.4527345912e-03 2.2348474959e-03 2.6706216864e-03
1.5588457268e+00 2.4436868691e-03 2.2341735169e-03 2.6532002213e-03
1.5620499352e+00 2.4344618698e-03 2.2330935283e-03 2.6358302112e-03
1.5652475842e+00 2.4250172183e-03 2.2317816790e-03 2.6182527576e-03
1.5684387141e+00 2.4165536332e-03 2.2311244295e-03 2.6019828368e-03
1.5716233646e+00 2.4078967679e-03 2.2303015303e-03 2.5854920056e-03
1.5748015748e+00 2.3994745065e-03 2.2290018713e-03 2.5699471417e-03
1.5779733838e+00 2.3911877426e-03 2.2279410289e-03 2.5544344563e-03
1.5811388301e+00 2.3830113291e-03 2.2268858431e-03 2.5391368150e-03
1.5842979518e+00 2.3749924053e-03 2.2256250919e-03 2.5243597187e-03
1.5874507866e+00 2.3672536917e-03 2.2243463055e-03 2.5101610780e-03
1.5905973721e+00 2.3595171065e-03 2.2228176454e-03 2.4962165676e-03
1.5937377451e+00 2.3521657215e-03 2.2212763310e-03 2.4830551119e-03
1.5968719423e+00 2.3448696292e-03 2.2194716532e-03 2.4702676051e-03
1.6000000000e+00 2.3378148852e-03 2.2175884105e-03 2.4580413599e-03
1.6031219542e+00 2.3310506057e-03 2.2156138830e-03 2.4464873284e-03
1.6062378404e+00 2.3243252323e-03 2.2131298543e-03 2.4355206102e-03
1.6093476939e+00 2.3179185581e-03 2.2105361310e-03 2.4253009851e-03
1.6124515497e+00 2.3115576157e-03 2.2074139845e-03 2.4157012470e-03
1.6155494421e+00 2.3054984593e-03 2.2040973055e-03 2.4068996130e-03
1.6186414056e+00 2.2995207558e-03 2.2001921258e-03 2.3988493858e-03
1.6217274740e+00 2.2936305387e-03 2.1959928737e-03 2.3912682038e-03
1.6248076809e+00 2.2880900214e-03 2.1912665080e-03 2.3849135349e-03
1.6278820596e+00 2.2825865048e-03 2.1860813059e-03 2.3790917038e-03
1.6309506430e+00 2.2772553137e-03 2.1804967290e-03 2.3740138984e-03
1.6340134638e+00 2.2720245704e-03 2.1744467903e-03 2.3696023506e-03
1.6370705544e+00 2.2669152767e-03 2.1680134039e-03 2.3658171494e-03
1.6401219467e+00 2.2619068820e-03 2.1612312550e-03 2.3625825091e-03
1.6431676725e+00 2.2569895705e-03 2.1541469801e-03 2.3598321608e-03
1.6462077633e+00 2.2522404897e-03 2.1468079029e-03 2.3576730765e-03
1.6492422502e+00 2.2473967654e-03 2.1391261550e-03 2.3556673758e-03
1.6522711642e+00 2.2425872810e-03 2.1313684689e-03 2.3538060932e-03
1.6552945357e+00 2.2378485217e-03 2.1234249584e-03 2.3522720851e-03
1.6583123952e+00 2.2331060772e-03 2.1153608743e-03 2.3508512801e-03
1.6613247726e+00 2.2283445032e-03 2.1072096982e-03 2.3494793083e-03
1.6643316977e+00 2.2235368379e-03 2.0989869796e-03 2.3480866962e-03
1.6673332001e+00 2.2197504977e-03 2.0917623461e-03 2.3477386492e-03
1.6703293088e+00 2.2155854067e-03 2.0816722593e-03 2.3494985541e-03
1.6733200531e+00 2.2085612932e-03 2.0740373225e-03 2.3430852638e-03
1.6763054614e+00 2.2034157376e-03 2.0657153752e-03 2.3411161000e-03
1.6792855624e+00 2.1980296967e-03 2.0573105287e-03 2.3387488648e-03
1.6822603841e+00 2.1924774833e-03 2.0489417632e-03 2.3360132034e-03
1.6852299546e+00 2.1867922519e-03 2.0406796770e-03 2.3329048268e-03
1.6881943016e+00 2.1807307083e-03 2.0320194055e-03 2.3294420112e-03
1.6911534525e+00 2.1743150377e-03 2.0235293948e-03 2.3251006806e-03
1.6941074346e+00 2.1678452484e-03 2.0150644976e-03 2.3206259992e-03
1.6970562748e+00 2.1610571940e-03 2.0064822398e-03 2.3156321482e-03
1.7000000000e+00 2.1538582892e-03 1.9979448168e-03 2.3097717616e-03
1.7029386366e+00 2.1461229396e-03 1.9891046793e-03 2.3031411999e-03
1.7058722109e+00 2.1383631944e-03 1.9802016512e-03 2.2965247375e-03
1.7088007491e+00 2.1304363669e-03 1.9715325376e-03 2.2893401962e-03
1.7117242769e+00 2.1212774970e-03 1.9623991819e-03 2.2801558122e-03
1.7146428199e+00 2.1119574376e-03 1.9520740415e-03 2.2718408337e-03
1.7175564037e+00 2.1025533065e-03 1.9435281230e-03 2.2615784900e-03
1.7204650534e+00 2.0924899847e-03 1.9332122862e-03 2.2517676832e-03
1.7233687940e+00 2.0821500250e-03 1.9233727447e-03 2.2409273053e-03
1.7262676502e+00 2.0707711258e-03 1.9127414492e-03 2.2288008024e-03
1.7291616466e+00 2.0598598932e-03 1.9021528716e-03 2.2175669149e-03
1.7320508076e+00 2.0475152593e-03 1.8904662259e-03 2.2045642928e-03
1.7349351573e+00 2.0354742730e-03 1.8794679908e-03 2.1914805551e-03
1.7378147197e+00 2.0226178086e-03 1.8672228067e-03 2.1780128106e-03
1.7406895186e+00 2.0084794174e-03 1.8545386130e-03 2.1624202218e-03
1.7435595774e+00 1.9949558800e-03 1.8417501733e-03 2.1481615867e-03
1.7464249197e+00 1.9808217298e-03 1.8281200619e-03 2.1335233978e-03
1.7492855685e+00 1.9656911298e-03 1.8140726844e-03 2.1173095751e-03
1.7521415468e+00 1.9503984134e-03 1.7987911155e-03 2.1020057113e-03
1.7549928775e+00 1.9347762637e-03 1.7835471096e-03 2.0860054178e-03
1.7578395831e+00 1.9184025725e-03 1.7670553396e-03 2.0697498054e-03
1.7606816862e+00 1.9019481457e-03 1.7501393727e-03 2.0537569187e-03
1.7635192089e+00 1.8849953064e-03 1.7323583298e-03 2.0376322831e-03
1.7663521733e+00 1.8676731127e-03 1.7137792364e-03 2.0215669890e-03
1.7691806013e+00 1.8500563492e-03 1.6944574329e-03 2.0056552655e-03
1.7720045147e+00 1.8321488004e-03 1.6743840329e-03 1.9899135680e-03
1.7748239349e+00 1.8139744646e-03 1.6535841412e-03 1.9743647880e-03
1.7776388835e+00 1.7955613613e-03 1.6320801326e-03 1.9590425900e-03
1.7804493815e+00 1.7769493502e-03 1.6099122344e-03 1.9439864661e-03
1.7832554500e+00 1.7581728901e-03 1.5871245881e-03 1.9292211921e-03
1.7860571099e+00 1.7392718089e-03 1.5637893544e-03 1.9147542633e-03
1.7888543820e+00 1.7202869226e-03 1.5399758282e-03 1.9005980169e-03
1.7916472867e+00 1.7012630270e-03 1.5157626882e-03 1.8867633658e-03
1.7944358445e+00 1.6822310971e-03 1.4912223580e-03 1.8732398363e-03
1.7972200756e+00 1.6632291257e-03 1.4664203068e-03 1.8600379446e-03
1.8000000000e+00 1.6442969631e-03 1.4414274743e-03 1.8471664520e-03
1.8027756377e+00 1.6254692657e-03 1.4163185203e-03 1.8346200111e-03
1.8055470085e+00 1.6067853608e-03 1.3911738420e-03 1.8223968797e-03
1.8083141320e+00 1.5882888244e-03 1.3660809136e-03 1.8104967352e-03
1.8110770276e+00 1.5700137689e-03 1.3411154305e-03 1.7989121074e-03
1.8138357147e+00 1.5519985126e-03 1.3163457031e-03 1.7876513221e-03
1.8165902125e+00 1.5342839605e-03 1.2918479977e-03 1.7767199234e-03
1.8193405399e+00 1.5168938880e-03 1.2676796206e-03 1.7661081554e-03
1.8220867158e+00 1.4998682105e-03 1.2439059691e-03 1.7558304519e-03
1.8248287591e+00 1.4832336431e-03 1.2205878683e-03 1.7458794179e-03
1.8275666882e+00 1.4670206924e-03 1.1977771436e-03 1.7362642413e-03
1.8303005218e+00 1.4512489569e-03 1.1755152414e-03 1.7269826723e-03
1.8330302780e+00 1.4359443827e-03 1.1538569026e-03 1.7180318628e-03
1.8357559751e+00 1.4211399205e-03 1.1328661908e-03 1.7094136502e-03
1.8384776311e+00 1.4068511942e-03 1.1125735462e-03 1.7011288421e-03
1.8411952640e+00 1.3931006115e-03 1.0930225269e-03 1.6931786962e-03
1.8439088915e+00 1.3798965400e-03 1.0742391964e-03 1.6855538836e-03
1.8466185313e+00 1.3672478685e-03 1.0562416689e-03 1.6782540680e-03
1.8493242009e+00 1.3551653369e-03 1.0390547308e-03 1.6712759429e-03
1.8520259177e+00 1.3436595305e-03 1.0227016217e-03 1.6646174393e-03
1.8547236991e+00 1.3327346730e-03 1.0072022262e-03 1.6582671198e-03
1.8574175621e+00 1.3223964513e-03 9.9256890888e-04 1.6522239936e-03
1.8601075238e+00 1.3126437759e-03 9.7881513758e-04 1.6464724142e-03
1.8627936010e+00 1.3034753763e-03 9.6594645298e-04 1.6410042996e-03
1.8654758106e+00 1.2948854366e-03 9.5396056844e-04 1.6358103047e-03
1.8681541692e+00 1.2868725517e-03 9.4286075374e-04 1.6308843497e-03
1.8708286934e+00 1.2794251831e-03 9.3263677595e-04 1.6262135902e-03
1.8734993995e+00 1.2725337402e-03 9.2328467598e-04 1.6217828043e-03
1.8761663039e+00 1.2661823992e-03 9.1478824016e-04 1.6175765582e-03
1.8788294228e+00 1.2603547154e-03 9.0712892399e-04 1.6135805067e-03
1.8814887722e+00 1.2550348762e-03 9.0028991139e-04 1.6097798410e-03
1.8841443681e+00 1.2502126509e-03 8.9426133583e-04 1.6061639660e-03
1.8867962264e+00 1.2458750299e-03 8.8903593916e-04 1.6027141206e-03
1.8894443628e+00 1.2420049160e-03 8.8459384258e-04 1.5994159894e-03
1.8920887928e+00 1.2385829273e-03 8.8090924614e-04 1.5962566084e-03
1.8947295321e+00 1.2355891926e-03 8.7795623721e-04 1.5932221480e-03
1.8973665961e+00 1.2330022985e-03 8.7570397196e-04 1.5903006250e-03
1.9000000000e+00 1.2308010970e-03 8.7412284094e-04 1.5874793530e-03
1.9026297590e+00 1.2289672572e-03 8.7318952619e-04 1.5847449882e-03
1.9052558883e+00 1.2274761536e-03 8.7286878273e-04 1.5820835245e-03
1.9078784028e+00 1.2263072432e-03 8.7313282768e-04 1.5794816586e-03
1.9104973175e+00 1.2254442532e-03 8.7395648515e-04 1.5769320213e-03
1.9131126470e+00 1.2248690022e-03 8.7531293587e-04 1.5744250685e-03
1.9157244061e+00 1.2245642811e-03 8.7717548362e-04 1.5719530785e-03
1.9183326093e+00 1.2245123411e-03 8.7951476703e-04 1.5695099153e-03
1.9209372712e+00 1.2246956965e-03 8.8230019005e-04 1.5670912029e-03
1.9235384062e+00 1.2250961286e-03 8.8550063098e-04 1.5646916262e-03
1.9261360284e+00 1.2256945765e-03 8.8907971089e-04 1.5623094422e-03
1.9287301522e+00 1.2264732038e-03 8.9300452418e-04 1.5599418834e-03
1.9313207916e+00 1.2274161220e-03 8.9724947123e-04 1.5575827727e-03
1.9339079606e+00 1.2285112733e-03 9.0179179896e-04 1.5552307476e-03
1.9364916731e+00 1.2297479697e-03 9.0661168739e-04 1.5528842520e-03
1.9390719430e+00 1.2311142872e-03 9.1168491130e-04 1.5505436631e-03
1.9416487839e+00 1.2326009089e-03 9.1699123803e-04 1.5482105797e-03
1.9442222095e+00 1.2341995908e-03 9.2251501343e-04 1.5458841681e-03
1.9467922334e+00 1.2359030510e-03 9.2823957379e-04 1.5435665283e-03
1.9493588690e+00 1.2377022955e-03 9.3414630179e-04 1.5412582892e-03
1.9519221296e+00 1.2395870578e-03 9.4021298359e-04 1.5389611320e-03
1.9544820286e+00 1.2415517025e-03 9.4643041021e-04 1.5366729948e-03
1.9570385791e+00 1.2435930109e-03 9.5279167707e-04 1.5343943448e-03
1.9595917942e+00 1.2457087104e-03 9.5929078367e-04 1.5321266371e-03
1.9621416870e+00 1.2478948842e-03 9.6591704021e-04 1.5298727282e-03
1.9646882704e+00 1.2501528777e-03 9.7267224739e-04 1.5276335079e-03
1.9672315573e+00 1.2524841151e-03 9.7955646575e-04 1.5254117645e-03
1.9697715604e+00 1.2548878395e-03 9.8656698649e-04 1.5232086924e-03
1.9723082923e+00 1.2573624542e-03 9.9369851999e-04 1.5210263883e-03
1.9748417658e+00 1.2599085459e-03 1.0009523085e-03 1.5188647833e-03
1.9773719933e+00 1.2625286496e-03 1.0083314935e-03 1.5167258058e-03
1.9798989873e+00 1.2652229193e-03 1.0158330014e-03 1.5146128371e-03
1.9824227602e+00 1.2680001364e-03 1.0234719945e-03 1.5125282783e-03
1.9849433241e+00 1.2708696877e-03 1.0312605788e-03 1.5104787965e-03
1.9874606914e+00 1.2738428696e-03 1.0392097936e-03 1.5084759456e-03
1.9899748742e+00 1.2769120808e-03 1.0472984776e-03 1.5065256841e-03
1.9924858845e+00 1.2799786621e-03 1.0554089576e-03 1.5045483665e-03
1.9949937343e+00 1.2830619252e-03 1.0633008330e-03 1.5028230175e-03
1.9974984355e+00 1.2866512552e-03 1.0721152473e-03 1.5011872632e-03
2.0000000000e+00 1.2896250850e-03 1.0798130858e-03 1.4994370842e-03
2.0024984395e+00 1.2871753359e-03 1.0755777358e-03 1.4987729360e-03
2.0049937656e+00 1.2834478083e-03 1.0687823879e-03 1.4981132287e-03
2.0074859900e+00 1.2812912990e-03 1.0667907570e-03 1.4957918409e-03
2.0099751242e+00 1.2790348657e-03 1.0649175677e-03 1.4931521638e-03
2.0124611797e+00 1.2755514534e-03 1.0600440364e-03 1.4910588704e-03
2.0149441680e+00 1.2722729100e-03 1.0554712512e-03 1.4890745689e-03
2.0174241002e+00 1.2695168810e-03 1.0516860250e-03 1.4873477371e-03
2.0199009877e+00 1.2676845024e-03 1.0492904878e-03 1.4860785170e-03
2.0223748416e+00 1.2649806308e-03 1.0455861849e-03 1.4843750766e-03
2.0248456731e+00 1.2619435063e-03 1.0413817387e-03 1.4825052739e-03
2.0273134933e+00 1.2588912855e-03 1.0371511595e-03 1.4806314116e-03
2.0297783130e+00 1.2558378076e-03 1.0329142518e-03 1.4787613634e-03
2.0322401433e+00 1.2527976750e-03 1.0286921547e-03 1.4769031954e-03
2.0346989949e+00 1.2497861808e-03 1.0245072036e-03 1.4750651579e-03
2.0371548787e+00 1.2468192785e-03 1.0203828385e-03 1.4732557184e-03
2.0396078054e+00 1.2438068925e-03 1.0161948470e-03 1.4714189380e-03
2.0420577857e+00 1.2407610241e-03 1.0119605507e-03 1.4695614974e-03
2.0445048300e+00 1.2377288354e-03 1.0077467209e-03 1.4677109499e-03
2.0469489490e+00 1.2347167139e-03 1.0035635291e-03 1.4658698987e-03
2.0493901532e+00 1.2317312209e-03 9.9942149572e-04 1.4640409462e-03
2.0518284529e+00 1.2287790695e-03 9.9533145638e-04 1.4622266826e-03
2.0542638584e+00 1.2258671056e-03 9.9130453364e-04 1.4604296775e-03
2.0566963801e+00 1.2230022937e-03 9.8735211358e-04 1.4586524738e-03
2.0591260282e+00 1.2201917073e-03 9.8348582801e-04 1.4568975865e-03
2.0615528128e+00 1.2174386584e-03 9.7971147887e-04 1.4551658379e-03
2.0639767441e+00 1.2146540023e-03 9.7588881082e-04 1.4534191938e-03
2.0663978320e+00 1.2118991726e-03 9.7211345480e-04 1.4516848904e-03
2.0688160866e+00 1.2091745603e-03 9.6838602622e-04 1.4499630944e-03
2.0712315177e+00 1.2064805884e-03 9.6470719851e-04 1.4482539784e-03
2.0736441353e+00 1.2038177088e-03 9.6107769875e-04 1.4465577188e-03
2.0760539492e+00 1.2011863990e-03 9.5749830339e-04 1.4448744946e-03
2.0784609691e+00 1.1985871596e-03 9.5396983396e-04 1.4432044852e-03
2.0808652047e+00 1.1960205112e-03 9.5049315272e-04 1.4415478697e-03
2.0832666656e+00 1.1934869918e-03 9.4706915834e-04 1.4399048252e-03
2.0856653615e+00 1.1909871536e-03 9.4369878162e-04 1.4382755255e-03
2.0880613018e+00 1.1885215606e-03 9.4038298117e-04 1.4366601401e-03
2.0904544960e+00 1.1860907863e-03 9.3712273919e-04 1.4350588333e-03
2.0928449536e+00 1.1837128577e-03 9.3394823868e-04 1.4334774768e-03
2.0952326840e+00 1.1813771986e-03 9.3084194430e-04 1.4319124528e-03
2.0976176963e+00 1.1790775132e-03 9.2779338616e-04 1.4303616403e-03
2.1000000000e+00 1.1768136309e-03 9.2480232030e-04 1.4288249414e-03
2.1023796042e+00 1.1745853824e-03 9.2186850532e-04 1.4273022594e-03
2.1047565180e+00 1.1723925995e-03 9.1899170087e-04 1.4257934982e-03
2.1071307506e+00 1.1702351140e-03 9.1617166615e-04 1.4242985619e-03
2.1095023110e+00 1.1681127565e-03 9.1340815836e-04 1.4228173547e-03
2.1118712082e+00 1.1660253558e-03 9.1070093117e-04 1.4213497803e-03
2.1142374512e+00 1.1639727377e-03 9.0804973313e-04 1.4198957424e-03
2.1166010489e+00 1.1619547248e-03 9.0545430613e-04 1.4184551435e-03
2.1189620100e+00 1.1599711347e-03 9.0291438381e-04 1.4170278856e-03
2.1213203436e+00 1.1580217798e-03 9.0042968998e-04 1.4156138697e-03
2.1236760582e+00 1.1561064665e-03 8.9799993711e-04 1.4142129958e-03
2.1260291625e+00 1.1542249938e-03 8.9562482472e-04 1.4128251629e-03
2.1283796654e+00 1.1523802458e-03 8.9330832971e-04 1.4114521619e-03
2.1307275753e+00 1.1505725989e-03 8.9105094331e-04 1.4100942545e-03
2.1330729008e+00 1.1487979815e-03 8.8884697579e-04 1.4087489873e-03
2.1354156504e+00 1.1470560145e-03 8.8669585625e-04 1.4074161728e-03
2.1377558326e+00 1.1453463133e-03 8.8459700168e-04 1.4060956250e-03
2.1400934559e+00 1.1436684881e-03 8.8254981642e-04 1.4047871597e-03
2.1424285286e+00 1.1420221431e-03 8.8055369169e-04 1.4034905945e-03
2.1447610590e+00 1.1404068767e-03 8.7860800512e-04 1.4022057483e-03
2.1470910554e+00 1.1388222810e-03 8.7671212018e-04 1.4009324419e-03
2.1494185260e+00 1.1372679416e-03 8.7486538578e-04 1.3996704975e-03
2.1517434791e+00 1.1357434373e-03 8.7306713569e-04 1.3984197389e-03
2.1540659229e+00 1.1342483398e-03 8.7131668813e-04 1.3971799915e-03
2.1563858653e+00 1.1327822138e-03 8.6961334522e-04 1.3959510824e-03
2.1587033145e+00 1.1313446164e-03 8.6795639257e-04 1.3947328402e-03
2.1610182785e+00 1.1299350970e-03 8.6634509877e-04 1.3935250953e-03
2.1633307653e+00 1.1285531973e-03 8.6477871498e-04 1.3923276797e-03
2.1656407828e+00 1.1271984508e-03 8.6325647447e-04 1.3911404271e-03
2.1679483389e+00 1.1258703827e-03 8.6177759219e-04 1.3899631732e-03
2.1702534414e+00 1.1245685099e-03 8.6034126441e-04 1.3887957554e-03
2.1725560982e+00 1.1232825390e-03 8.5892740349e-04 1.3876376744e-03
2.1748563171e+00 1.1220193604e-03 8.5754967154e-04 1.3864890492e-03
2.1771541057e+00 1.1207808148e-03 8.5621182123e-04 1.3853498085e-03
2.1794494718e+00 1.1195665587e-03 8.5491331264e-04 1.3842198048e-03
2.1817424229e+00 1.1183762439e-03 8.5365359532e-04 1.3830988925e-03
2.1840329668e+00 1.1172095178e-03 8.5243210818e-04 1.3819869274e-03
2.1863211109e+00 1.1160660231e-03 8.5124827947e-04 1.3808837668e-03
2.1886068628e+00 1.1149453982e-03 8.5010152665e-04 1.3797892697e-03
2.1908902300e+00 1.1138472765e-03 8.4899125641e-04 1.3787032965e-03
2.1931712199e+00 1.1127712870e-03 8.4791686457e-04 1.3776257093e-03
2.1954498400e+00 1.1117170539e-03 8.4687773603e-04 1.3765563717e-03
2.1977260976e+00 1.1106841967e-03 8.4587324474e-04 1.3754951486e-03
2.2000000000e+00 1.1096723303e-03 8.4490275363e-04 1.3744419069e-03
2.2022715546e+00 1.1086810646e-03 8.4396561461e-04 1.3733965146e-03
2.2045407685e+00 1.1077100051e-03 8.4306116848e-04 1.3723588417e-03
2.2068076491e+00 1.1067587521e-03 8.4218874497e-04 1.3713287593e-03
2.2090722034e+00 1.1058269015e-03 8.4134766264e-04 1.3703061404e-03
2.2113344387e+00 1.1049140442e-03 8.4053722892e-04 1.3692908594e-03
2.2135943621e+00 1.1040197662e-03 8.3975674006e-04 1.3682827924e-03
2.2158519806e+00 1.1031436491e-03 8.3900548116e-04 1.3672818170e-03
2.2181073013e+00 1.1022852693e-03 8.3828272611e-04 1.3662878124e-03
2.2203603311e+00 1.1014441985e-03 8.3758773766e-04 1.3653006594e-03
2.2226110771e+00 1.1006129203e-03 8.3690669444e-04 1.3643191461e-03
2.2248595461e+00 1.0997836937e-03 8.3622531538e-04 1.3633420720e-03
2.2271057451e+00 1.0989703109e-03 8.3556907805e-04 1.3623715438e-03
2.2293496810e+00 1.0981725363e-03 8.3493759177e-04 1.3614074808e-03
2.2315913604e+00 1.0973901319e-03 8.3433046054e-04 1.3604498032e-03
2.2338307904e+00 1.0966228574e-03 8.3374728302e-04 1.3594984318e-03
2.2360679775e+00 1.0958704703e-03 8.3318765261e-04 1.3585532881e-03
2.2383029286e+00 1.0951327256e-03 8.3265115746e-04 1.3576142938e-03
2.2405356502e+00 1.0944093761e-03 8.3213738056e-04 1.3566813716e-03
2.2427661492e+00 1.0937001721e-03 8.3164589969e-04 1.3557544445e-03
2.2449944321e+00 1.0930048618e-03 8.3117628756e-04 1.3548334361e-03
2.2472205054e+00 1.0923231911e-03 8.3072811178e-04 1.3539182704e-03
2.2494443758e+00 1.0916549035e-03 8.3030093494e-04 1.3530088722e-03
2.2516660498e+00 1.0909997405e-03 8.2989431464e-04 1.3521051663e-03
2.2538855339e+00 1.0903574409e-03 8.2950780352e-04 1.3512070784e-03
2.2561028345e+00 1.0897277418e-03 8.2914094932e-04 1.3503145343e-03
2.2583179581e+00 1.0891103777e-03 8.2879329494e-04 1.3494274604e-03
2.2605309111e+00 1.0885050810e-03 8.2846437845e-04 1.3485457836e-03
2.2627416998e+00 1.0879115820e-03 8.2815373316e-04 1.3476694308e-03
2.2649503306e+00 1.0873296087e-03 8.2786088764e-04 1.3467983297e-03
2.2671568098e+00 1.0867588869e-03 8.2758536580e-04 1.3459324079e-03
2.2693611436e+00 1.0861991403e-03 8.2732668692e-04 1.3450715937e-03
2.2715633383e+00 1.0856500906e-03 8.2708436568e-04 1.3442158155e-03
2.2737634002e+00 1.0851114571e-03 8.2685791225e-04 1.3433650019e-03
2.2759613353e+00 1.0845829571e-03 8.2664683227e-04 1.3425190820e-03
2.2781571500e+00 1.0840643059e-03 8.2645062699e-04 1.3416779849e-03
2.2803508502e+00 1.0835552166e-03 8.2626879323e-04 1.3408416400e-03
2.2825424421e+00 1.0830459828e-03 8.2608434126e-04 1.3400076243e-03
2.2847319318e+00 1.0825300556e-03 8.2588577230e-04 1.3391743390e-03
2.2869193252e+00 1.0820226728e-03 8.2569973624e-04 1.3383456093e-03
2.2891046285e+00 1.0815237115e-03 8.2552601523e-04 1.3375214077e-03
2.2912878475e+00 1.0810330481e-03 8.2536438987e-04 1.3367017064e-03
2.2934689882e+00 1.0805505581e-03 8.2521463919e-04 1.3358864771e-03
2.2956480566e+00 1.0800761159e-03 8.2507654071e-04 1.3350756912e-03
2.2978250586e+00 1.0796095951e-03 8.2494987043e-04 1.3342693197e-03
2.3000000000e+00 1.0791508682e-03 8.2483440288e-04 1.3334673335e-03
2.3021728866e+00 1.0786998070e-03 8.2472991113e-04 1.3326697028e-03
2.3043437244e+00 1.0782562821e-03 8.2463616683e-04 1.3318763974e-03
2.3065125189e+00 1.0778201636e-03 8.2455294020e-04 1.3310873870e-03
2.3086792761e+00 1.0773913202e-03 8.2448000007e-04 1.3303026404e-03
2.3108440017e+00 1.0769696202e-03 8.2441711393e-04 1.3295221264e-03
2.3130067012e+00 1.0765549305e-03 8.2436404790e-04 1.3287458131e-03
2.3151673806e+00 1.0761471175e-03 8.2432056676e-04 1.3279736682e-03
2.3173260453e+00 1.0757460464e-03 8.2428643403e-04 1.3272056588e-03
2.3194827009e+00 1.0753515817e-03 8.2426141188e-04 1.3264417516e-03
2.3216373532e+00 1.0749635870e-03 8.2424526126e-04 1.3256819128e-03
2.3237900077e+00 1.0745819249e-03 8.2423774184e-04 1.3249261079e-03
2.3259406699e+00 1.0742064571e-03 8.2423861206e-04 1.3241743021e-03
2.3280893454e+00 1.0738370445e-03 8.2424762914e-04 1.3234264599e-03
2.3302360395e+00 1.0734735471e-03 8.2426454910e-04 1.3226825452e-03
2.3323807579e+00 1.0731158241e-03 8.2428912677e-04 1.3219425214e-03
2.3345235060e+00 1.0727637335e-03 8.2432111580e-04 1.3212063512e-03
2.3366642891e+00 1.0724171327e-03 8.2436026868e-04 1.3204739968e-03
2.3388031127e+00 1.0720758782e-03 8.2440633676e-04 1.3197454197e-03
2.3409399821e+00 1.0717398255e-03 8.2445907025e-04 1.3190205808e-03
2.3430749028e+00 1.0714088293e-03 8.2451821824e-04 1.3182994403e-03
2.3452078799e+00 1.0710827433e-03 8.2458352871e-04 1.3175819579e-03
2.3473389189e+00 1.0707614204e-03 8.2465474853e-04 1.3168680923e-03
2.3494680249e+00 1.0704447126e-03 8.2473162348e-04 1.3161578018e-03
2.3515952033e+00 1.0701293854e-03 8.2480895377e-04 1.3154498169e-03
2.3537204592e+00 1.0698000390e-03 8.2486204012e-04 1.3147380379e-03
2.3558437979e+00 1.0694747126e-03 8.2491976606e-04 1.3140296591e-03
2.3579652245e+00 1.0691533573e-03 8.2498203792e-04 1.3133246766e-03
2.3600847442e+00 1.0688359237e-03 8.2504876181e-04 1.3126230856e-03
2.3622023622e+00 1.0685223622e-03 8.2511984363e-04 1.3119248808e-03
2.3643180835e+00 1.0682126225e-03 8.2519518908e-04 1.3112300560e-03
2.3664319132e+00 1.0679066541e-03 8.2527470365e-04 1.3105386045e-03
2.3685438565e+00 1.0676044057e-03 8.2535829260e-04 1.3098505188e-03
2.3706539182e+00 1.0673058259e-03 8.2544586103e-04 1.3091657908e-03
2.3727621035e+00 1.0670108626e-03 8.2553731380e-04 1.3084844115e-03
2.3748684174e+00 1.0667194635e-03 8.2563255560e-04 1.3078063714e-03
2.3769728648e+00 1.0664315755e-03 8.2573149091e-04 1.3071316601e-03
2.3790754507e+00 1.0661471453e-03 8.2583402403e-04 1.3064602667e-03
2.3811761800e+00 1.0658661192e-03 8.2594005904e-04 1.3057921793e-03
2.3832750576e+00 1.0655884426e-03 8.2604949985e-04 1.3051273854e-03
2.3853720884e+00 1.0653140611e-03 8.2616225017e-04 1.3044658719e-03
2.3874672773e+00 1.0650429192e-03 8.2627821351e-04 1.3038076248e-03
2.3895606291e+00 1.0647749613e-03 8.2639729319e-04 1.3031526293e-03
2.3916521486e+00 1.0645101312e-03 8.2651939235e-04 1.3025008700e-03
2.3937418407e+00 1.0642483723e-03 8.2664441391e-04 1.3018523307e-03
2.3958297101e+00 1.0639896275e-03 8.2677226060e-04 1.3012069943e-03
2.3979157617e+00 1.0637338391e-03 8.2690283497e-04 1.3005648433e-03
2.4000000000e+00 1.0634809491e-03 8.2703603936e-04 1.2999258589e-03
2.4020824299e+00 1.0632308990e-03 8.2717177589e-04 1.2992900221e-03
2.4041630560e+00 1.0629836296e-03 8.2730994651e-04 1.2986573127e-03
2.4062418831e+00 1.0627390815e-03 8.2745045293e-04 1.2980277100e-03
2.4083189158e+00 1.0624971945e-03 8.2759319668e-04 1.2974011923e-03
2.4103941586e+00 1.0622579082e-03 8.2773807906e-04 1.2967777373e-03
2.4124676164e+00 1.0620211615e-03 8.2788500116e-04 1.2961573218e-03
2.4145392935e+00 1.0617868929e-03 8.2803386386e-04 1.2955399219e-03
2.4166091947e+00 1.0615550403e-03 8.2818456781e-04 1.2949255128e-03
2.4186773245e+00 1.0613255413e-03 8.2833701342e-04 1.2943140691e-03
2.4207436874e+00 1.0610983326e-03 8.2849110091e-04 1.2937055643e-03
2.4228082879e+00 1.0608733508e-03 8.2864673023e-04 1.2930999715e-03
2.4248711306e+00 1.0606505318e-03 8.2880380110e-04 1.2924972625e-03
2.4269322199e+00 1.0604298109e-03 8.2896221302e-04 1.2918974088e-03
2.4289915603e+00 1.0602111230e-03 8.2912186522e-04 1.2913003809e-03
2.4310491562e+00 1.0599944025e-03 8.2928265669e-04 1.2907061483e-03
2.4331050121e+00 1.0597696434e-03 8.2943098226e-04 1.2901083046e-03
2.4351591324e+00 1.0595397661e-03 8.2957080518e-04 1.2895087271e-03
2.4372115214e+00 1.0593115653e-03 8.2971134807e-04 1.2889117825e-03
2.4392621835e+00 1.0590850293e-03 8.2985258518e-04 1.2883174733e-03
2.4413111231e+00 1.0588601461e-03 8.2999449079e-04 1.2877258015e-03
2.4433583446e+00 1.0586369037e-03 8.3013703913e-04 1.2871367683e-03
2.4454038521e+00 1.0584152894e-03 8.3028020446e-04 1.2865503744e-03
2.4474476501e+00 1.0581952904e-03 8.3042396101e-04 1.2859666199e-03
2.4494897428e+00 1.0579768936e-03 8.3056828301e-04 1.2853855043e-03
